segmentnr	original	folio	stemmed
ZH_T43_1833_03a:0861a12_0	沙門知周撰	03a	沙 門 知 周 撰 
ZH_T43_1833_03a:0861a13_0	疏。世親即通等者。按彼論第二云。一切種	03a	疏  世 親 即 通 等 者  按 彼 論 第 二 云  一 切 種 
ZH_T43_1833_03a:0861a14_0	子復有六義。剎那滅者。謂二種子皆無間定	03a	子 復 有 六 義  剎 那 滅 者  謂 二 種 子 皆 無 間 定 
ZH_T43_1833_03a:0861a15_3	滅壞故。	03a	滅 壞 故  
ZH_T43_1833_03a:0861a15_8	所以者何。	03a	所以者何  
ZH_T43_1833_03a:0861a15_17	不應常法為種子體。	03a	不 應 常 法 為 種 子 體  
ZH_T43_1833_03a:0861a16_14	以一切時其性如本無差別故　釋曰。	03a	以 一 切 時 其 性 如 本 無 差 別 故  釋 曰  
ZH_T43_1833_03a:0861a17_10	二種子者謂內外種　言俱有者。	03a	二 種 子 者 謂 內 外 種  言 俱 有 者  
ZH_T43_1833_03a:0861a18_6	謂非過．未亦非相離得為種子。	03a	謂 非 過  未 亦 非 相 離 得 為 種 子  
ZH_T43_1833_03a:0861a18_10	何以故。	03a	何 以 故  
ZH_T43_1833_03a:0861a18_18	若於此時種子有。	03a	若 於 此 時 種 子 有  
ZH_T43_1833_03a:0861a19_12	即於爾時果生故　恒隨轉者。	03a	即 於 爾 時 果 生 故  恒 隨 轉 者  
ZH_T43_1833_03a:0861a20_4	謂阿賴耶識乃至治生。	03a	謂 阿賴耶識 乃 至 治 生  
ZH_T43_1833_03a:0861a20_13	外法種子乃至根住。	03a	外 法 種 子 乃 至 根 住  
ZH_T43_1833_03a:0861a21_5	或乃至熟　言決定者。	03a	或 乃 至 熟  言 決 定 者  
ZH_T43_1833_03a:0861a21_14	謂此種子各別決定。	03a	謂 此 種 子 各 別 決 定  
ZH_T43_1833_03a:0861a22_5	不從一切一切得生。	03a	不 從 一切一切 得 生  
ZH_T43_1833_03a:0861a23_2	從此物種還生此物　待眾緣者。	03a	從 此 物 種 還 生 此 物  待 眾 緣 者  
ZH_T43_1833_03a:0861a23_15	謂此種子待自眾緣方能生果。	03a	謂 此 種 子 待 自 眾 緣 方 能 生 果  
ZH_T43_1833_03a:0861a24_6	非一切時能生一切。	03a	非 一 切 時 能 生 一 切  
ZH_T43_1833_03a:0861a24_17	若於是處是時遇自眾緣。	03a	若 於 是 處 是 時 遇 自 眾 緣  
ZH_T43_1833_03a:0861a25_17	即於此處此時自果得生　唯能引自果者。	03a	即 於 此 處 此 時 自 果 得 生  唯 能 引 自 果 者  
ZH_T43_1833_03a:0861a26_8	謂自種子但引自果。	03a	謂 自 種 子 但 引 自 果  
ZH_T43_1833_03a:0861a27_6	如阿賴耶識種子唯能引生阿賴耶識。	03a	如 阿賴耶識 種 子 唯 能 引 生 阿賴耶識  
ZH_T43_1833_03a:0861a28_10	如稻穀等唯能引生稻穀等果　餘者不言外法種者。	03a	如 稻 穀 等 唯 能 引 生 稻 穀 等 果  餘 者 不 言 外 法 種 者  
ZH_T43_1833_03a:0861a28_15	易故不說。	03a	易 故 不 說  
ZH_T43_1833_03a:0861a29_2	舉難以顯。	03a	舉 難 以 顯  
ZH_T43_1833_03a:0861a29_11	文初標言一切種故。	03a	文 初 標 言 一 切 種 故  
ZH_T43_1833_03a:0861b01_1	疏。	03a	疏  
ZH_T43_1833_03a:0861b01_8	亦顯大眾等者。	03a	亦 顯 大 眾 等 者  
ZH_T43_1833_03a:0861b02_6	略為二釋　一云言十二緣起非是者。	03a	略 為 二 釋  一 云 言 十二緣起 非 是 者  
ZH_T43_1833_03a:0861b02_11	非種子也。	03a	非 種 子 也  
ZH_T43_1833_03a:0861b03_1	言無為無取等者。	03a	言 無 為 無 取 等 者  
ZH_T43_1833_03a:0861b03_17	釋其所以　二云非是之言而屬下句。	03a	釋 其 所 以  二 云 非 是 之 言 而 屬 下 句  
ZH_T43_1833_03a:0861b04_8	顯彼緣起體非無為。	03a	顯 彼 緣 起 體 非 無 為  
ZH_T43_1833_03a:0861b04_13	言無取等。	03a	言 無 取 等  
ZH_T43_1833_03a:0861b05_5	釋所以也　前釋為本。	03a	釋 所 以 也  前 釋 為 本  
ZH_T43_1833_03a:0861b05_14	本顯無為非是種子。	03a	本 顯 無 為 非 是 種 子  
ZH_T43_1833_03a:0861b06_11	不欲破彼無為義故　問因論生論。	03a	不 欲 破 彼 無 為 義 故  問 因 論 生 論  
ZH_T43_1833_03a:0861b07_6	他若救云無為體性雖非緣生。	03a	他 若 救 云 無 為 體 性 雖 非 緣 生  
ZH_T43_1833_03a:0861b07_15	而能隔彼立緣生名。	03a	而 能 隔 彼 立 緣 生 名  
ZH_T43_1833_03a:0861b08_2	斯亦何失。	03a	斯 亦 何 失  
ZH_T43_1833_03a:0861b08_17	亦如想受無為等義　答應詰彼云。	03a	亦 如 想 受 無 為 等 義  答 應 詰 彼 云  
ZH_T43_1833_03a:0861b09_8	且汝無為為有功能。	03a	且 汝 無 為 為 有 功 能  
ZH_T43_1833_03a:0861b09_13	為無功能。	03a	為 無 功 能  
ZH_T43_1833_03a:0861b10_4	若有功能應非無為。	03a	若 有 功 能 應 非 無 為  
ZH_T43_1833_03a:0861b10_13	有功能故如所隔法。	03a	有 功 能 故 如 所 隔 法  
ZH_T43_1833_03a:0861b11_14	若無功能如何能隔　若爾大乘無為亦爾。	03a	若 無 功 能 如 何 能 隔  若 爾 大 乘 無 為 亦 爾  
ZH_T43_1833_03a:0861b12_9	一切賢聖皆以無為而有差別。	03a	一 切 賢 聖 皆 以 無 為 而有差別  
ZH_T43_1833_03a:0861b13_10	二過亦同　答但由賢聖證有淺深而有差別。	03a	二 過 亦 同  答 但 由 賢 聖 證 有 淺 深 而有差別  
ZH_T43_1833_03a:0861b14_6	豈由無為而有功能令賢聖別。	03a	豈 由 無 為 而 有 功 能 令 賢 聖 別  
ZH_T43_1833_03a:0861b14_11	故不相例。	03a	故 不 相 例  
ZH_T43_1833_03a:0861b15_2	若言無為體即緣生。	03a	若 言 無 為 體 即 緣 生  
ZH_T43_1833_03a:0861b15_7	其過更甚。	03a	其 過 更 甚  
ZH_T43_1833_03a:0861b16_17	思可知矣　有義亦遮上座現在一念心．心所法而有前後先生後滅。	03a	思 可 知 矣  有 義 亦 遮 上 座 現 在 一 念 心  心 所 法 而 有 前 後 先 生 後 滅  
ZH_T43_1833_03a:0861b17_10	色法四時生．住．異．滅。	03a	色 法 四 時 生  住  異  滅  
ZH_T43_1833_03a:0861b18_14	及古薩婆多現在一念住．異．滅三先後次第者　詳曰。	03a	及 古 薩 婆 多 現 在 一 念 住  異  滅 三 先 後 次 第 者  詳 曰  
ZH_T43_1833_03a:0861b18_19	理未必然。	03a	理 未 必 然  
ZH_T43_1833_03a:0861b19_14	彼等雖計二．四．三法俱時而有。	03a	彼 等 雖 計 二  四  三 法 俱 時 而 有  
ZH_T43_1833_03a:0861b20_4	皆唯一念名剎那滅。	03a	皆 唯 一 念 名 剎 那 滅  
ZH_T43_1833_03a:0861b20_17	若言一念有多法俱故不許者。	03a	若 言 一 念 有 多 法 俱 故 不 許 者  
ZH_T43_1833_03a:0861b21_8	種生現時有三法俱。	03a	種 生 現 時 有 三 法 俱  
ZH_T43_1833_03a:0861b21_13	種應非種。	03a	種 應 非 種  
ZH_T43_1833_03a:0861b22_9	若言彼計有次第故故非種者。	03a	若 言 彼 計 有 次 第 故 故 非 種 者  
ZH_T43_1833_03a:0861b22_14	容簡上座。	03a	容 簡 上 座  
ZH_T43_1833_03a:0861b23_5	有宗一念豈分時耶。	03a	有 宗 一 念 豈 分 時 耶  
ZH_T43_1833_03a:0861b23_10	何得簡之。	03a	何 得 簡 之  
ZH_T43_1833_03a:0861b24_2	文論但遮常無轉法。	03a	文 論 但 遮 常 無 轉 法  
ZH_T43_1833_03a:0861b24_13	彼二．四．三豈常無轉。	03a	彼 二  四  三 豈 常 無 轉  
ZH_T43_1833_03a:0861b25_3	由斯未必遮彼生等。	03a	由 斯 未 必 遮 彼 生 等  
ZH_T43_1833_03a:0861b25_12	然傍義簡理亦應通。	03a	然 傍 義 簡 理 亦 應 通  
ZH_T43_1833_03a:0861b26_1	疏。	03a	疏  
ZH_T43_1833_03a:0861b26_10	即顯現簡彼第七者。	03a	即 顯 現 簡 彼 第 七 者  
ZH_T43_1833_03a:0861b27_8	謂無性人現行第七熏成種時雖果俱有。	03a	謂 無 性 人 現 行 第 七 熏 成 種 時 雖 果 俱 有  
ZH_T43_1833_03a:0861b27_17	以種子果體性沈隱。	03a	以 種 子 果 體 性 沈 隱  
ZH_T43_1833_03a:0861b29_2	所以現七不名種子　問論云謂與現行果法。	03a	所 以 現 七 不 名 種 子  問 論 云 謂 與 現 行 果 法  
ZH_T43_1833_03a:0861b29_11	簡諸現識不名種訖。	03a	簡 諸 現 識 不 名 種 訖  
ZH_T43_1833_03a:0861c01_2	論更何用下之現字。	03a	論 更 何 用 下 之 現 字  
ZH_T43_1833_03a:0861c02_14	何煩疏說云顯現簡耶　答若無下現疑因無體及在過．未亦得名種。	03a	何 煩 疏 說 云 顯 現 簡 耶  答 若 無 下 現 疑 因 無 體 及 在 過  未 亦 得 名 種  
ZH_T43_1833_03a:0861c03_15	為遮此事故置現言　若爾現中但攝二義。	03a	為 遮 此 事 故 置 現 言  若 爾 現 中 但 攝 二 義  
ZH_T43_1833_03a:0861c04_7	前現行言已簡現識。	03a	前 現 行 言 已 簡 現 識  
ZH_T43_1833_03a:0861c05_14	下現字中應除顯現　答即顯現言釋彼第七非種所以。	03a	下 現 字 中 應 除 顯 現  答 即 顯 現 言 釋 彼 第 七 非 種 所 以  
ZH_T43_1833_03a:0861c09_1	若不爾者有何所以無性現七不名種耶　若爾論何不言顯現　答若言顯現唯得一義失餘二義故不言顯現　問顯現乃遮一切現行。	03a	若 不 爾 者 有 何 所 以 無 性 現 七 不 名 種 耶  若 爾 論 何 不 言 顯 現  答 若 言 顯 現 唯 得 一 義 失 餘 二 義 故 不 言 顯 現  問 顯 現 乃 遮 一 切 現 行  
ZH_T43_1833_03a:0861c09_16	何但無性　答餘現闕餘非但此一。	03a	何 但 無 性  答 餘 現 闕 餘 非 但 此 一  
ZH_T43_1833_03a:0861c10_6	無性第七唯闕此一。	03a	無 性 第 七 唯 闕 此 一  
ZH_T43_1833_03a:0861c10_11	故偏簡焉。	03a	故 偏 簡 焉  
ZH_T43_1833_03a:0861c11_1	疏。	03a	疏  
ZH_T43_1833_03a:0861c11_18	現有唯在因者　問所生果法體既不無。	03a	現 有 唯 在 因 者  問 所 生 果 法 體 既 不 無  
ZH_T43_1833_03a:0861c12_4	無非因起。	03a	無 非 因 起  
ZH_T43_1833_03a:0861c13_6	何故現有獨處於因　答非所生果一切皆有。	03a	何 故 現 有 獨 處 於 因  答 非 所 生 果 一 切 皆 有  
ZH_T43_1833_03a:0861c14_2	如獨影境與見同種因可不無。	03a	如 獨 影 境 與 見 同 種 因 可 不 無  
ZH_T43_1833_03a:0861c14_16	故現有言但處因上　或通於果。	03a	故 現 有 言 但 處 因 上  或 通 於 果  
ZH_T43_1833_03a:0861c15_7	疏中且據別總配法。	03a	疏 中 且 據 別 總 配 法  
ZH_T43_1833_03a:0861c15_12	亦不相違。	03a	亦 不 相 違  
ZH_T43_1833_03a:0861c16_1	疏。	03a	疏  
ZH_T43_1833_03a:0861c16_11	同在現在亦不相違者。	03a	同 在 現 在 亦 不 相 違 者  
ZH_T43_1833_03a:0861c17_2	雖因在生果在於滅。	03a	雖 因 在 生 果 在 於 滅  
ZH_T43_1833_03a:0861c17_7	然同現在。	03a	然 同 現 在  
ZH_T43_1833_03a:0861c17_16	故亦不違果俱有義。	03a	故 亦 不 違 果 俱 有 義  
ZH_T43_1833_03a:0861c18_10	准下第三因在於滅果在於生。	03a	准 下 第 三 因 在 於 滅 果 在 於 生  
ZH_T43_1833_03a:0861c18_15	此中疏錯。	03a	此 中 疏 錯  
ZH_T43_1833_03a:0861c19_1	疏。	03a	疏  
ZH_T43_1833_03a:0861c19_9	若爾種望種等者。	03a	若 爾 種 望 種 等 者  
ZH_T43_1833_03a:0861c19_14	因種在滅。	03a	因 種 在 滅  
ZH_T43_1833_03a:0861c19_19	果種在生。	03a	果 種 在 生  
ZH_T43_1833_03a:0861c21_4	應同種現名果俱有　設爾何失　若爾種子生現。	03a	應 同 種 現 名 果 俱 有  設 爾 何 失  若 爾 種 子 生 現  
ZH_T43_1833_03a:0861c21_12	現生種二竟何別。	03a	現 生 種 二 竟 何 別  
ZH_T43_1833_03a:0861c21_17	俱果俱故。	03a	俱 果 俱 故  
ZH_T43_1833_03a:0861c22_12	故疏結云何為料簡　又違瑜伽。	03a	故 疏 結 云 何 為 料 簡  又 違 瑜 伽  
ZH_T43_1833_03a:0861c23_1	論。	03a	論  
ZH_T43_1833_03a:0861c23_7	現種異類者。	03a	現 種 異 類 者  
ZH_T43_1833_03a:0861c23_17	問何故前難分別論者。	03a	問 何 故 前 難 分 別 論 者  
ZH_T43_1833_03a:0861c24_13	性相同耶　答約漏．無漏言性相同。	03a	性 相 同 耶  答 約 漏  無 漏 言 性 相 同  
ZH_T43_1833_03a:0861c25_5	非據一切　或就彼宗。	03a	非 據 一 切  或 就 彼 宗  
ZH_T43_1833_03a:0861c25_14	彼宗心體名之為種。	03a	彼 宗 心 體 名 之 為 種  
ZH_T43_1833_03a:0861c26_1	相名為現。	03a	相 名 為 現  
ZH_T43_1833_03a:0861c26_11	不同自宗現行．種子。	03a	不 同 自 宗 現 行  種 子  
ZH_T43_1833_03a:0861c27_1	疏。	03a	疏  
ZH_T43_1833_03a:0861c27_8	見分緣見等者。	03a	見 分 緣 見 等 者  
ZH_T43_1833_03a:0861c27_17	即自證分緣於見也。	03a	即 自 證 分 緣 於 見 也  
ZH_T43_1833_03a:0861c28_7	是見分體亦名見分。	03a	是 見 分 體 亦 名 見 分  
ZH_T43_1833_03a:0861c29_1	疏。	03a	疏  
ZH_T43_1833_03a:0861c29_8	即非因緣攝者。	03a	即 非 因 緣 攝 者  
ZH_T43_1833_03a:0861c29_18	見．見同時雖名因果。	03a	見  見 同 時 雖 名 因 果  
ZH_T43_1833_03a:0862a01_3	不是因緣。	03a	不 是 因 緣  
ZH_T43_1833_03a:0862a02_1	疏。	03a	疏  
ZH_T43_1833_03a:0862a02_10	若爾種望現起等者。	03a	若 爾 種 望 現 起 等 者  
ZH_T43_1833_03a:0862a02_16	類同種．種。	03a	類 同 種  種  
ZH_T43_1833_03a:0862a03_5	但是因果不名因緣。	03a	但 是 因 果 不 名 因 緣  
ZH_T43_1833_03a:0862a04_1	疏。	03a	疏  
ZH_T43_1833_03a:0862a04_10	不許後種生果故者。	03a	不 許 後 種 生 果 故 者  
ZH_T43_1833_03a:0862a04_15	結無因緣。	03a	結 無 因 緣  
ZH_T43_1833_03a:0862a05_5	若其前後後能生果。	03a	若 其 前 後 後 能 生 果  
ZH_T43_1833_03a:0862a05_10	可有因緣。	03a	可 有 因 緣  
ZH_T43_1833_03a:0862a06_1	既多同起而無起者。	03a	既 多 同 起 而 無 起 者  
ZH_T43_1833_03a:0862a06_6	故無因緣。	03a	故 無 因 緣  
ZH_T43_1833_03a:0862a07_1	疏。	03a	疏  
ZH_T43_1833_03a:0862a07_11	種望於種類亦應然者。	03a	種 望 於 種 類 亦 應 然 者  
ZH_T43_1833_03a:0862a09_8	類同現行無二自體一念得並　問本．新二種豈不並耶　答若為因緣並即不可。	03a	類 同 現 行 無 二 自 體 一 念 得 並  問 本  新 二 種 豈 不 並 耶  答 若 為 因 緣 並 即 不 可  
ZH_T43_1833_03a:0862a09_18	本．新非因故並無失。	03a	本  新 非 因 故 並 無 失  
ZH_T43_1833_03a:0862a10_9	　若爾新種設生現行。	03a	 若 爾 新 種 設 生 現 行  
ZH_T43_1833_03a:0862a11_1	與本種現亦非因緣。	03a	與 本 種 現 亦 非 因 緣  
ZH_T43_1833_03a:0862a12_7	何不許並　答即一剎那二心並失　若爾色種新應生現。	03a	何 不 許 並  答 即 一 剎 那 二 心 並 失  若 爾 色 種 新 應 生 現  
ZH_T43_1833_03a:0862a13_6	望不障色有多並故　答緣未具故。	03a	望 不 障 色 有 多 並 故  答 緣 未 具 故  
ZH_T43_1833_03a:0862a13_15	又若生現有未窮失。	03a	又 若 生 現 有 未 窮 失  
ZH_T43_1833_03a:0862a14_1	疏。	03a	疏  
ZH_T43_1833_03a:0862a14_11	問若爾至體相違故者。	03a	問 若 爾 至 體 相 違 故 者  
ZH_T43_1833_03a:0862a14_16	此難意云。	03a	此 難 意 云  
ZH_T43_1833_03a:0862a15_5	亦應見道摶生新種。	03a	亦 應 見 道 摶 生 新 種  
ZH_T43_1833_03a:0862a16_1	不以同時本有種子為因而生。	03a	不 以 同 時 本 有 種 子 為 因 而 生  
ZH_T43_1833_03a:0862a16_6	以相違故。	03a	以 相 違 故  
ZH_T43_1833_03a:0862a17_1	疏。	03a	疏  
ZH_T43_1833_03a:0862a17_12	此不同時至種生種失者。	03a	此 不 同 時 至 種 生 種 失 者  
ZH_T43_1833_03a:0862a17_17	此釋意云。	03a	此 釋 意 云  
ZH_T43_1833_03a:0862a18_14	此摶生種由世第一同時無漏種子引生。	03a	此 摶 生 種 由 世 第 一 同 時 無 漏 種 子 引 生  
ZH_T43_1833_03a:0862a19_6	不以同時無漏種起。	03a	不 以 同 時 無 漏 種 起  
ZH_T43_1833_03a:0862a19_15	故無同念種生種失。	03a	故 無 同 念 種 生 種 失  
ZH_T43_1833_03a:0862a20_1	問。	03a	問  
ZH_T43_1833_03a:0862a21_6	此摶生種何名新熏　答由世第一熏習力故增無漏種。	03a	此 摶 生 種 何 名 新 熏  答 由 世 第 一 熏 習 力 故 增 無 漏 種  
ZH_T43_1833_03a:0862a21_15	無漏種子引後摶生。	03a	無 漏 種 子 引 後 摶 生  
ZH_T43_1833_03a:0862a22_6	摶生所以得新熏稱。	03a	摶 生 所 以 得 新 熏 稱  
ZH_T43_1833_03a:0862a23_1	疏。	03a	疏  
ZH_T43_1833_03a:0862a23_11	即本有種至但三法者。	03a	即 本 有 種 至 但 三 法 者  
ZH_T43_1833_03a:0862a24_5	本種．新現俱為因緣生新熏種。	03a	本 種  新 現 俱 為 因 緣 生 新 熏 種  
ZH_T43_1833_03a:0862a24_10	此非正釋。	03a	此 非 正 釋  
ZH_T43_1833_03a:0862a25_1	本種望新非因緣故。	03a	本 種 望 新 非 因 緣 故  
ZH_T43_1833_03a:0862a25_10	若據疎緣理亦無失。	03a	若 據 疎 緣 理 亦 無 失  
ZH_T43_1833_03a:0862a26_1	疏。	03a	疏  
ZH_T43_1833_03a:0862a26_8	由此別脫等者。	03a	由 此 別 脫 等 者  
ZH_T43_1833_03a:0862a26_17	由此同念無摶生種。	03a	由 此 同 念 無 摶 生 種  
ZH_T43_1833_03a:0862a27_11	却證於前別解脫戒用增為勝。	03a	却 證 於 前 別解脫戒 用 增 為 勝  
ZH_T43_1833_03a:0862a28_1	疏。	03a	疏  
ZH_T43_1833_03a:0862a28_9	前解即體增等者。	03a	前 解 即 體 增 等 者  
ZH_T43_1833_03a:0862a28_18	即是四法同時之義。	03a	即 是 四 法 同 時 之 義  
ZH_T43_1833_03a:0862a29_1	論。	03a	論  
ZH_T43_1833_03a:0862a29_12	雖因與果至無自體故者。	03a	雖 因 與 果 至 無 自 體 故 者  
ZH_T43_1833_03a:0862a29_17	有義難云。	03a	有 義 難 云  
ZH_T43_1833_03a:0862b01_5	因現有用果非無。	03a	因 現 有 用 果 非 無  
ZH_T43_1833_03a:0862b01_13	可說果由現因起。	03a	可 說 果 由 現 因 起  
ZH_T43_1833_03a:0862b02_4	果在未來體非有。	03a	果 在 未 來 體 非 有  
ZH_T43_1833_03a:0862b03_16	如何現果由因生　答正由後果無方說從因起　難因體落謝用常存。	03a	如 何 現 果 由 因 生  答 正 由 後 果 無 方 說 從 因 起  難 因 體 落 謝 用 常 存  
ZH_T43_1833_03a:0862b04_7	可言果由因用起。	03a	可 言 果 由 因 用 起  
ZH_T43_1833_03a:0862b04_15	因體落謝用隨亡。	03a	因 體 落 謝 用 隨 亡  
ZH_T43_1833_03a:0862b05_12	後果無因不生起　有釋如下說云。	03a	後 果 無 因 不 生 起  有 釋 如 下 說 云  
ZH_T43_1833_03a:0862b06_4	觀現在法有引後用。	03a	觀 現 在 法 有 引 後 用  
ZH_T43_1833_03a:0862b06_13	假立當果對說現因。	03a	假 立 當 果 對 說 現 因  
ZH_T43_1833_03a:0862b07_9	是故現因能引後果　破云不然。	03a	是 故 現 因 能 引 後 果  破 云 不 然  
ZH_T43_1833_03a:0862b08_4	此種子義前後相生因果皆實。	03a	此 種 子 義 前 後 相 生 因 果 皆 實  
ZH_T43_1833_03a:0862b08_13	彼說現識假名因果。	03a	彼 說 現 識 假 名 因 果  
ZH_T43_1833_03a:0862b09_7	不應以彼而證此義　詳曰。	03a	不 應 以 彼 而 證 此 義  詳 曰  
ZH_T43_1833_03a:0862b10_7	餘釋有違理如前破因生後果今略答云。	03a	餘 釋 有 違 理 如 前 破 因 生 後 果 今 略 答 云  
ZH_T43_1833_03a:0862b10_15	以落謝因生後果。	03a	以 落 謝 因 生 後 果  
ZH_T43_1833_03a:0862b11_5	因無後果可不生。	03a	因 無 後 果 可 不 生  
ZH_T43_1833_03a:0862b11_13	現因體用既非無。	03a	現 因 體 用 既 非 無  
ZH_T43_1833_03a:0862b12_3	後果有因起何失。	03a	後 果 有 因 起 何 失  
ZH_T43_1833_03a:0862b12_8	餘難類思。	03a	餘 難 類 思  
ZH_T43_1833_03a:0862b13_1	疏。	03a	疏  
ZH_T43_1833_03a:0862b13_11	為因既通種與有種者。	03a	為 因 既 通 種 與 有 種 者  
ZH_T43_1833_03a:0862b14_2	前種望與現行為因。	03a	前 種 望 與 現 行 為 因  
ZH_T43_1833_03a:0862b14_11	後種望與種子為因。	03a	後 種 望 與 種 子 為 因  
ZH_T43_1833_03a:0862b15_15	種能種生名為有種　或復翻彼現能熏種名為有種。	03a	種 能 種 生 名 為 有 種  或 復 翻 彼 現 能 熏 種 名 為 有 種  
ZH_T43_1833_03a:0862b16_7	種子與此有種為因。	03a	種 子 與 此 有 種 為 因  
ZH_T43_1833_03a:0862b17_11	意明種子與現．及種二為因也　問按無性論第二。	03a	意 明 種 子 與 現  及 種 二 為 因 也  問 按 無 性 論 第 二  
ZH_T43_1833_03a:0862b17_17	釋引自果云。	03a	釋 引 自 果 云  
ZH_T43_1833_03a:0862b18_8	今此種子是誰種子。	03a	今 此 種 子 是 誰 種 子  
ZH_T43_1833_03a:0862b18_15	答唯能引自果。	03a	答 唯 能 引 自 果  
ZH_T43_1833_03a:0862b19_2	所言唯者。	03a	所 言 唯 者  
ZH_T43_1833_03a:0862b19_11	若於此時能生自果。	03a	若 於 此 時 能 生 自 果  
ZH_T43_1833_03a:0862b20_2	即於爾時說名種子。	03a	即 於 爾 時 說 名 種 子  
ZH_T43_1833_03a:0862b20_13	種與有種並無始故　釋。	03a	種 與 有 種 並 無 始 故  釋  
ZH_T43_1833_03a:0862b20_18	種謂種子。	03a	種 謂 種 子  
ZH_T43_1833_03a:0862b21_8	有種即是阿賴耶識。	03a	有 種 即 是 阿賴耶識  
ZH_T43_1833_03a:0862b22_8	阿賴耶識能有種故名為有種　又因名種。	03a	阿賴耶識 能 有 種 故 名 為 有 種  又 因 名 種  
ZH_T43_1833_03a:0862b23_16	果名有種　前釋為勝　此種．有種未生果前俱無始有故。	03a	果 名 有 種  前 釋 為 勝  此 種  有 種 未 生 果 前 俱 無 始 有 故  
ZH_T43_1833_03a:0862b24_6	對引自名為種子。	03a	對 引 自 名 為 種 子  
ZH_T43_1833_03a:0862b25_9	疏之所明豈不乖此　答疏雖用彼種．有種名。	03a	疏 之 所 明 豈 不 乖 此  答 疏 雖 用 彼 種  有 種 名  
ZH_T43_1833_03a:0862b25_14	而意有別。	03a	而 意 有 別  
ZH_T43_1833_03a:0862b26_1	故亦無違。	03a	故 亦 無 違  
ZH_T43_1833_03a:0862b27_1	疏。	03a	疏  
ZH_T43_1833_03a:0862b27_7	能熏生故者。	03a	能 熏 生 故 者  
ZH_T43_1833_03a:0862b29_4	種子是彼能熏現生　若爾本有其義云何　答亦由增故　或相從言總名生也。	03a	種 子 是 彼 能 熏 現 生  若 爾 本 有 其 義 云 何  答 亦 由 增 故  或 相 從 言 總 名 生 也  
ZH_T43_1833_03a:0862c01_1	疏。	03a	疏  
ZH_T43_1833_03a:0862c01_9	勝軍如何釋此者。	03a	勝 軍 如 何 釋 此 者  
ZH_T43_1833_03a:0862c01_14	彼云無失。	03a	彼 云 無 失  
ZH_T43_1833_03a:0862c02_8	生．滅二相雖同一世是二剎那。	03a	生  滅 二 相 雖 同 一 世 是 二 剎 那  
ZH_T43_1833_03a:0862c03_4	以為因果故亦不是即剎那也。	03a	以 為 因 果 故 亦 不 是 即 剎 那 也  
ZH_T43_1833_03a:0862c04_1	疏。	03a	疏  
ZH_T43_1833_03a:0862c04_11	復云何釋無種已生者。	03a	復 云 何 釋 無 種 已 生 者  
ZH_T43_1833_03a:0862c04_16	勝軍釋云。	03a	勝 軍 釋 云  
ZH_T43_1833_03a:0862c05_1	彼隨轉理。	03a	彼 隨 轉 理  
ZH_T43_1833_03a:0862c05_6	非大乘義。	03a	非 大 乘 義  
ZH_T43_1833_03a:0862c05_10	復何失。	03a	復 何 失  
ZH_T43_1833_03a:0862c05_15	至下具釋。	03a	至 下 具 釋  
ZH_T43_1833_03a:0862c06_1	疏。	03a	疏  
ZH_T43_1833_03a:0862c07_1	薩婆多與善法等與惡無記為同類因等者。	03a	薩 婆 多 與 善 法 等 與 惡 無 記 為 同 類 因 等 者  
ZH_T43_1833_03a:0862c07_7	問按俱舍云。	03a	問 按 俱 舍 云  
ZH_T43_1833_03a:0862c08_2	謂相似法與相似法為同類因。	03a	謂 相 似 法 與 相 似 法 為 同 類 因  
ZH_T43_1833_03a:0862c08_12	三性．五蘊自部自地。	03a	三 性  五 蘊 自 部 自 地  
ZH_T43_1833_03a:0862c09_2	唯與自地自部為因。	03a	唯 與 自 地 自 部 為 因  
ZH_T43_1833_03a:0862c10_4	云何今云善望不善為同類耶　答疏文言總。	03a	云 何 今 云 善 望 不 善 為 同 類 耶  答 疏 文 言 總  
ZH_T43_1833_03a:0862c10_17	意談不善得與有覆無記為因。	03a	意 談 不 善 得 與 有覆無記 為 因  
ZH_T43_1833_03a:0862c11_4	以同部故。	03a	以 同 部 故  
ZH_T43_1833_03a:0862c12_1	疏。	03a	疏  
ZH_T43_1833_03a:0862c12_11	遍行因等是異性果者。	03a	遍 行 因 等 是 異 性 果 者  
ZH_T43_1833_03a:0862c12_16	准有宗義。	03a	准 有 宗 義  
ZH_T43_1833_03a:0862c13_6	身．邊二見是遍行因。	03a	身  邊 二 見 是 遍 行 因  
ZH_T43_1833_03a:0862c13_11	體是無記。	03a	體 是 無 記  
ZH_T43_1833_03a:0862c14_5	遍與同地五部染法而為其因。	03a	遍 與 同 地 五 部 染 法 而 為 其 因  
ZH_T43_1833_03a:0862c14_14	五部染中既有不善。	03a	五 部 染 中 既 有 不 善  
ZH_T43_1833_03a:0862c16_6	故得因果成異性也　若爾云何得等流果　俱是染故名為等流。	03a	故 得 因 果 成 異 性 也  若爾云何 得 等 流 果  俱 是 染 故 名 為 等 流  
ZH_T43_1833_03a:0862c17_1	疏。	03a	疏  
ZH_T43_1833_03a:0862c17_11	俱有因取異熟等果者。	03a	俱 有 因 取 異 熟 等 果 者  
ZH_T43_1833_03a:0862c17_18	故俱舍第六云。	03a	故 俱 舍 第 六 云  
ZH_T43_1833_03a:0862c20_1	謂此與心一果異熟及一等流　問何故下云俱有．相應得士用果　答士用果中而有通別。	03a	謂 此 與 心 一 果 異 熟 及 一 等 流  問 何 故 下 云 俱 有  相 應 得 士 用 果  答 士 用 果 中 而 有 通 別  
ZH_T43_1833_03a:0862c20_15	別士用果唯是俱有．相應因得。	03a	別 士 用 果 唯 是 俱 有  相 應 因 得  
ZH_T43_1833_03a:0862c21_4	若通士用六因皆得。	03a	若 通 士 用 六 因 皆 得  
ZH_T43_1833_03a:0862c21_17	而但用力所得之果皆名士用。	03a	而 但 用 力 所 得 之 果 皆 名 士 用  
ZH_T43_1833_03a:0862c22_3	故不相違。	03a	故 不 相 違  
ZH_T43_1833_03a:0862c22_8	疏據通說。	03a	疏 據 通 說  
ZH_T43_1833_03a:0862c23_1	疏。	03a	疏  
ZH_T43_1833_03a:0862c23_8	此闕何義等者。	03a	此 闕 何 義 等 者  
ZH_T43_1833_03a:0862c23_13	問及答也。	03a	問 及 答 也  
ZH_T43_1833_03a:0862c24_3	八非能熏故闕果俱。	03a	八 非 能 熏 故 闕 果 俱  
ZH_T43_1833_03a:0862c25_1	疏。	03a	疏  
ZH_T43_1833_03a:0862c25_8	其無性人等者。	03a	其 無 性 人 等 者  
ZH_T43_1833_03a:0862c25_13	乘前為問。	03a	乘 前 為 問  
ZH_T43_1833_03a:0862c26_3	第八不熏無果俱義。	03a	第 八 不 熏 無 果 俱 義  
ZH_T43_1833_03a:0862c26_12	第七既熏六義具矣。	03a	第 七 既 熏 六 義 具 矣  
ZH_T43_1833_03a:0862c26_17	故應名種。	03a	故 應 名 種  
ZH_T43_1833_03a:0862c27_1	疏。	03a	疏  
ZH_T43_1833_03a:0862c27_7	第八門中者。	03a	第 八 門 中 者  
ZH_T43_1833_03a:0862c27_16	重明因相總有十門。	03a	重 明 因 相 總 有 十 門  
ZH_T43_1833_03a:0862c29_4	種子之義當第八也　問言引自果即色．心等各自種生。	03a	種 子 之 義 當 第 八 也  問 言 引 自 果 即 色  心 等 各 自 種 生  
ZH_T43_1833_03a:0863a02_16	第七相分云何生八　答是心相故故能生心　問所熏種為一為二　設爾何失　若唯一種云何生慮．非慮二耶。	03a	第 七 相 分 云 何 生 八  答 是 心 相 故 故 能 生 心  問 所 熏 種 為 一 為 二  設 爾 何 失  若 唯 一 種 云 何 生 慮  非 慮 二 耶  
ZH_T43_1833_03a:0863a03_6	七相八見有差別故。	03a	七 相 八 見 有 差 別 故  
ZH_T43_1833_03a:0863a03_15	若熏二種能熏既一。	03a	若 熏 二 種 能 熏 既 一  
ZH_T43_1833_03a:0863a04_8	種云何二　答雖能熏一。	03a	種 云 何 二  答 雖 能 熏 一  
ZH_T43_1833_03a:0863a04_17	由有本質熏二無失。	03a	由 有 本 質 熏 二 無 失  
ZH_T43_1833_03a:0863a05_4	餘難思擇。	03a	餘 難 思 擇  
ZH_T43_1833_03a:0863a06_1	論。	03a	論  
ZH_T43_1833_03a:0863a06_7	外穀麥等者。	03a	外 穀 麥 等 者  
ZH_T43_1833_03a:0863a08_1	問內外種子皆能為因何獨言外假非實種　答按無著攝論說二頌釋。	03a	問 內 外 種 子 皆 能 為 因 何 獨 言 外 假 非 實 種  答 按 無 著 攝 論 說 二 頌 釋  
ZH_T43_1833_03a:0863a08_11	具如疏引　無性釋云。	03a	具 如 疏 引  無 性 釋 云  
ZH_T43_1833_03a:0863a09_9	又外種子若稻穀等或有雖種而復失壞。	03a	又 外 種 子 若 稻 穀 等 或 有 雖 種 而 復 失 壞  
ZH_T43_1833_03a:0863a10_5	若稊稗等或有不種而復得生。	03a	若 稊 稗 等 或 有 不 種 而 復 得 生  
ZH_T43_1833_03a:0863a11_5	云何內種非如外種有作不作失得過失。	03a	云 何 內 種 非 如 外 種 有 作 不 作 失 得 過 失  
ZH_T43_1833_03a:0863a11_10	故次答云。	03a	故 次 答 云  
ZH_T43_1833_03a:0863a11_15	故成相違。	03a	故 成 相 違  
ZH_T43_1833_03a:0863a12_13	以內種子與外種子不同法故名曰相違。	03a	以 內 種 子 與 外 種 子 不 同 法 故 名 曰 相 違  
ZH_T43_1833_03a:0863a13_9	若內種子與外種子有差別者。	03a	若 內 種 子 與 外 種 子 有 差 別 者  
ZH_T43_1833_03a:0863a14_10	云何前文說阿賴耶識是一切法真實種子。	03a	云 何 前 文 說 阿賴耶識 是 一 切 法 真 實 種 子  
ZH_T43_1833_03a:0863a15_6	為避此難故說外種內為緣等。	03a	為 避 此 難 故 說 外 種 內 為 緣 等  
ZH_T43_1833_03a:0863a16_6	由稻穀等皆是眾生感受用業熏習種子。	03a	由 稻 穀 等 皆 是 眾 生 感 受 用 業 熏習種子  
ZH_T43_1833_03a:0863a16_15	依阿賴耶力所變現。	03a	依 阿 賴 耶 力 所 變 現  
ZH_T43_1833_03a:0863a17_11	是故外種離內無別　又世親云。	03a	是 故 外 種 離 內 無 別  又 世 親 云  
ZH_T43_1833_03a:0863a18_6	謂外種子唯就世俗說為種子。	03a	謂 外 種 子 唯 就 世 俗 說 為 種 子  
ZH_T43_1833_03a:0863a18_11	所以者何。	03a	所以者何  
ZH_T43_1833_03a:0863a19_5	彼亦皆是阿賴耶識所變現故。	03a	彼 亦 皆 是 阿賴耶識 所 變 現 故  
ZH_T43_1833_03a:0863a20_1	疏。	03a	疏  
ZH_T43_1833_03a:0863a20_8	以重變故等者。	03a	以 重 變 故 等 者  
ZH_T43_1833_03a:0863a21_2	其根種子第八變已生現根時。	03a	其 根 種 子 第 八 變 已 生 現 根 時  
ZH_T43_1833_03a:0863a21_7	復變現根。	03a	復 變 現 根  
ZH_T43_1833_03a:0863a22_1	論。	03a	論  
ZH_T43_1833_03a:0863a22_11	此種勢力生近果等者。	03a	此 種 勢 力 生 近 果 等 者  
ZH_T43_1833_03a:0863a23_9	問何要引為　答按無性攝論第二具明。	03a	問 何 要 引 為  答 按 無 性 攝 論 第 二 具 明  
ZH_T43_1833_03a:0863a23_14	大略而云。	03a	大 略 而 云  
ZH_T43_1833_03a:0863a24_8	若二種子唯作生因非引因者。	03a	若 二 種 子 唯 作 生 因 非 引 因 者  
ZH_T43_1833_03a:0863a24_17	收置倉等麥等種子。	03a	收 置 倉 等 麥 等 種 子  
ZH_T43_1833_03a:0863a25_8	不應久時相似相續。	03a	不 應 久 時 相 似 相 續  
ZH_T43_1833_03a:0863a26_8	喪後屍骸如𭼓瘀等分位隨轉亦不應有。	03a	喪 後 屍 骸 如 𭼓 瘀 等 分 位 隨 轉 亦 不 應 有  
ZH_T43_1833_03a:0863a26_17	何者纔死即應滅壞。	03a	何 者 纔 死 即 應 滅 壞  
ZH_T43_1833_03a:0863a27_8	云何譬如任運後滅。	03a	云 何 譬 如 任 運 後 滅  
ZH_T43_1833_03a:0863a28_4	譬如射箭放絃行力為能生因。	03a	譬 如 射 箭 放 絃 行 力 為 能 生 因  
ZH_T43_1833_03a:0863a28_13	令箭離絃不即墮落。	03a	令 箭 離 絃 不 即 墮 落  
ZH_T43_1833_03a:0863a29_4	彎弓行力為箭引因。	03a	彎 弓 行 力 為 箭 引 因  
ZH_T43_1833_03a:0863a29_13	令箭前行遠有所至。	03a	令 箭 前 行 遠 有 所 至  
ZH_T43_1833_03a:0863b01_4	非唯放絃行力能生。	03a	非 唯 放 絃 行 力 能 生  
ZH_T43_1833_03a:0863b01_13	應即墮故亦非動勢。	03a	應 即 墮 故 亦 非 動 勢  
ZH_T43_1833_03a:0863b02_4	展轉相推應不墮故。	03a	展 轉 相 推 應 不 墮 故  
ZH_T43_1833_03a:0863b02_13	既離絃行遠有所至。	03a	既 離 絃 行 遠 有 所 至  
ZH_T43_1833_03a:0863b03_9	故知此中有二行力能生．能引。	03a	故 知 此 中 有 二 行 力 能 生  能 引  
ZH_T43_1833_03a:0863b04_1	疏。	03a	疏  
ZH_T43_1833_03a:0863b04_12	若爾空等至假法不論者。	03a	若 爾 空 等 至 假 法 不 論 者  
ZH_T43_1833_03a:0863b04_15	此質。	03a	此 質  
ZH_T43_1833_03a:0863b04_18	意云。	03a	意 云  
ZH_T43_1833_03a:0863b05_6	若假是無故不須簡。	03a	若 假 是 無 故 不 須 簡  
ZH_T43_1833_03a:0863b05_15	無為應爾亦不須簡。	03a	無 為 應 爾 亦 不 須 簡  
ZH_T43_1833_03a:0863b06_6	真如無為善言攝故。	03a	真 如 無 為 善 言 攝 故  
ZH_T43_1833_03a:0863b06_15	非擇滅等同生等故。	03a	非 擇 滅 等 同 生 等 故  
ZH_T43_1833_03a:0863b07_6	雖善等攝猶更別簡。	03a	雖 善 等 攝 猶 更 別 簡  
ZH_T43_1833_03a:0863b07_15	假法雖無遮亦何失。	03a	假 法 雖 無 遮 亦 何 失  
ZH_T43_1833_03a:0863b08_1	疏。	03a	疏  
ZH_T43_1833_03a:0863b08_11	由此故應第一說善者。	03a	由 此 故 應 第 一 說 善 者  
ZH_T43_1833_03a:0863b09_1	即前說言依他攝假。	03a	即 前 說 言 依 他 攝 假  
ZH_T43_1833_03a:0863b09_6	此解勝也。	03a	此 解 勝 也  
ZH_T43_1833_03a:0863b10_1	疏。	03a	疏  
ZH_T43_1833_03a:0863b10_9	無明熏真如等者。	03a	無 明 熏 真 如 等 者  
ZH_T43_1833_03a:0863b10_18	自古諸德多為此計。	03a	自 古 諸 德 多 為 此 計  
ZH_T43_1833_03a:0863b11_4	此論明簡。	03a	此 論 明 簡  
ZH_T43_1833_03a:0863b11_9	故知古非。	03a	故 知 古 非  
ZH_T43_1833_03a:0863b12_3	馬鳴菩薩亦言真如受熏持種。	03a	馬 鳴 菩 薩 亦 言 真 如 受 熏 持 種  
ZH_T43_1833_03a:0863b12_8	恐譯者誤。	03a	恐 譯 者 誤  
ZH_T43_1833_03a:0863b13_7	疏其無性人等者。	03a	疏 其 無 性 人 等 者  
ZH_T43_1833_03a:0863b13_17	問縱不言染亦非受熏。	03a	問 縱 不 言 染 亦 非 受 熏  
ZH_T43_1833_03a:0863b14_4	何煩斯簡。	03a	何 煩 斯 簡  
ZH_T43_1833_03a:0863b14_15	答正取心王名為可熏體。	03a	答 正 取 心 王 名 為 可 熏 體  
ZH_T43_1833_03a:0863b15_6	第七豈非是心王耶。	03a	第 七 豈 非 是 心 王 耶  
ZH_T43_1833_03a:0863b15_15	由此但以染污簡之。	03a	由 此 但 以 染 污 簡 之  
ZH_T43_1833_03a:0863b16_1	疏。	03a	疏  
ZH_T43_1833_03a:0863b16_11	即成一種生二芽過者。	03a	即 成 一 種 生 二 芽 過 者  
ZH_T43_1833_03a:0863b17_6	如一識種色．心兩處皆悉持之。	03a	如 一 識 種 色  心 兩 處 皆 悉 持 之  
ZH_T43_1833_03a:0863b17_11	熏既同時。	03a	熏 既 同 時  
ZH_T43_1833_03a:0863b17_16	勢力復等。	03a	勢 力 復 等  
ZH_T43_1833_03a:0863b18_6	後遇生緣兩處齊生。	03a	後 遇 生 緣 兩 處 齊 生  
ZH_T43_1833_03a:0863b18_15	故有兩識一時而起。	03a	故 有 兩 識 一 時 而 起  
ZH_T43_1833_03a:0863b21_4	處雖有二是一識故名一種也　若爾何故下難彼云即有多種生一之過　答理實而有一種生多。	03a	處 雖 有 二 是 一 識 故 名 一 種 也  若爾何故 下 難 彼 云 即 有 多 種 生 一 之 過  答 理 實 而 有 一 種 生 多  
ZH_T43_1833_03a:0863b21_9	多生一失。	03a	多 生 一 失  
ZH_T43_1833_03a:0863b21_18	前後互舉亦無過矣。	03a	前 後 互 舉 亦 無 過 矣  
ZH_T43_1833_03a:0863b22_1	論。	03a	論  
ZH_T43_1833_03a:0863b22_11	二有勝用是能熏等者。	03a	二 有 勝 用 是 能 熏 等 者  
ZH_T43_1833_03a:0863b22_14	有說。	03a	有 說  
ZH_T43_1833_03a:0863b23_9	業感六識之中有勝有劣劣不能熏。	03a	業 感 六 識 之 中 有 勝 有 劣 劣 不 能 熏  
ZH_T43_1833_03a:0863b24_1	論言不熏而據劣者。	03a	論 言 不 熏 而 據 劣 者  
ZH_T43_1833_03a:0863b24_14	若以論文無所簡別總說不熏。	03a	若 以 論 文 無 所 簡 別 總 說 不 熏  
ZH_T43_1833_03a:0863b25_5	亦應法執非能熏攝。	03a	亦 應 法 執 非 能 熏 攝  
ZH_T43_1833_03a:0863b25_10	名異熟故。	03a	名 異 熟 故  
ZH_T43_1833_03a:0863b26_1	故知業感勝者能熏。	03a	故 知 業 感 勝 者 能 熏  
ZH_T43_1833_03a:0863b26_6	勝者是何。	03a	勝 者 是 何  
ZH_T43_1833_03a:0863b26_11	謂受三分。	03a	謂 受 三 分  
ZH_T43_1833_03a:0863b26_20	捨受俱者唯是劣故。	03a	捨 受 俱 者 唯 是 劣 故  
ZH_T43_1833_03a:0863b27_4	故非能熏。	03a	故 非 能 熏  
ZH_T43_1833_03a:0863b27_14	苦．樂受俱名行相勝。	03a	苦  樂 受 俱 名 行 相 勝  
ZH_T43_1833_03a:0863b27_19	是能熏也。	03a	是 能 熏 也  
ZH_T43_1833_03a:0863b28_8	或捨受中復分三種。	03a	或 捨 受 中 復 分 三 種  
ZH_T43_1833_03a:0863b28_15	違．順．中容。	03a	違  順  中 容  
ZH_T43_1833_03a:0863b28_20	中容不熏。	03a	中 容 不 熏  
ZH_T43_1833_03a:0863b29_9	餘二能熏　復有說云。	03a	餘 二 能 熏  復 有 說 云  
ZH_T43_1833_03a:0863b29_18	此中但遮第八心品。	03a	此 中 但 遮 第 八 心 品  
ZH_T43_1833_03a:0863c01_8	六識異熟無非能熏。	03a	六 識 異 熟 無 非 能 熏  
ZH_T43_1833_03a:0863c01_17	無別聖教說不熏故。	03a	無 別 聖 教 說 不 熏 故  
ZH_T43_1833_03a:0863c02_8	八無所熏可非能熏。	03a	八 無 所 熏 可 非 能 熏  
ZH_T43_1833_03a:0863c03_1	六有所熏無不熏者。	03a	六 有 所 熏 無 不 熏 者  
ZH_T43_1833_03a:0863c03_15	又心．心所若非能熏即是所熏。	03a	又 心  心 所 若 非 能 熏 即 是 所 熏  
ZH_T43_1833_03a:0863c04_9	何有心法非能．所熏　詳曰。	03a	何 有 心 法 非 能  所 熏  詳 曰  
ZH_T43_1833_03a:0863c04_14	二俱非理。	03a	二 俱 非 理  
ZH_T43_1833_03a:0863c05_4	初師之義斥如義燈。	03a	初 師 之 義 斥 如 義 燈  
ZH_T43_1833_03a:0863c05_13	又約三受以辨勝劣。	03a	又 約 三 受 以 辨 勝 劣  
ZH_T43_1833_03a:0863c06_9	既非聖教無乃意乎　若後師言。	03a	既 非 聖 教 無 乃 意 乎  若 後 師 言  
ZH_T43_1833_03a:0863c07_1	但遮第八餘並能熏。	03a	但 遮 第 八 餘 並 能 熏  
ZH_T43_1833_03a:0863c07_14	此論應結唯七轉識可是能熏。	03a	此 論 應 結 唯 七 轉 識 可 是 能 熏  
ZH_T43_1833_03a:0863c08_5	何假須說有勝勢用。	03a	何 假 須 說 有 勝 勢 用  
ZH_T43_1833_03a:0863c08_14	既言勝等明有遮簡。	03a	既 言 勝 等 明 有 遮 簡  
ZH_T43_1833_03a:0863c09_9	又餘六識有所熏故皆令能熏。	03a	又 餘 六 識 有 所 熏 故 皆 令 能 熏  
ZH_T43_1833_03a:0863c10_1	第八心所亦應能熏。	03a	第 八 心 所 亦 應 能 熏  
ZH_T43_1833_03a:0863c10_17	有所熏故　又言何有心法非能所熏。	03a	有 所 熏 故  又 言 何 有 心 法 非 能 所 熏  
ZH_T43_1833_03a:0863c11_8	第八相應應非心所。	03a	第 八 相 應 應 非 心 所  
ZH_T43_1833_03a:0863c11_14	非能所熏故。	03a	非 能 所 熏 故  
ZH_T43_1833_03a:0863c12_1	既有多失。	03a	既 有 多 失  
ZH_T43_1833_03a:0863c12_6	故不可依。	03a	故 不 可 依  
ZH_T43_1833_03a:0863c13_1	疏。	03a	疏  
ZH_T43_1833_03a:0863c13_8	二種所生等者。	03a	二 種 所 生 等 者  
ZH_T43_1833_03a:0863c13_18	自名言種．及業種也。	03a	自 名 言 種  及 業 種 也  
ZH_T43_1833_03a:0863c14_1	疏。	03a	疏  
ZH_T43_1833_03a:0863c14_8	或此法爾等者。	03a	或 此 法 爾 等 者  
ZH_T43_1833_03a:0863c14_17	不須約彼二種所生。	03a	不 須 約 彼 二 種 所 生  
ZH_T43_1833_03a:0863c15_7	但由無用不能熏也。	03a	但 由 無 用 不 能 熏 也  
ZH_T43_1833_03a:0863c16_1	疏。	03a	疏  
ZH_T43_1833_03a:0863c16_7	如耶見等者。	03a	如 耶 見 等 者  
ZH_T43_1833_03a:0863c16_17	問品類雖同增減有別。	03a	問 品 類 雖 同 增 減 有 別  
ZH_T43_1833_03a:0863c18_1	豈唯增長即名能熏　答論言增減名能熏者。	03a	豈 唯 增 長 即 名 能 熏  答 論 言 增 減 名 能 熏 者  
ZH_T43_1833_03a:0863c18_10	二隨有一即是能熏。	03a	二 隨 有 一 即 是 能 熏  
ZH_T43_1833_03a:0863c19_12	若不爾者見道已去所生無漏唯增不減應不能熏。	03a	若 不 爾 者 見 道 已 去 所 生 無 漏 唯 增 不 減 應 不 能 熏  
ZH_T43_1833_03a:0863c20_3	彼尚能熏此何不許。	03a	彼 尚 能 熏 此 何 不 許  
ZH_T43_1833_03a:0863c21_1	疏。	03a	疏  
ZH_T43_1833_03a:0863c21_11	已前頓斷有得義不者。	03a	已 前 頓 斷 有 得 義 不 者  
ZH_T43_1833_03a:0863c22_5	十地已前諸地之中能頓斷不。	03a	十 地 已 前 諸 地 之 中 能 頓 斷 不  
ZH_T43_1833_03a:0863c22_10	此縱問也。	03a	此 縱 問 也  
ZH_T43_1833_03a:0863c22_15	易知不答。	03a	易 知 不 答  
ZH_T43_1833_03a:0863c23_5	理准菩薩有力可斷。	03a	理 准 菩 薩 有 力 可 斷  
ZH_T43_1833_03a:0863c23_10	一故意留。	03a	一 故 意 留  
ZH_T43_1833_03a:0863c23_15	二不障地。	03a	二 不 障 地  
ZH_T43_1833_03a:0863c24_9	所以必無不至金剛斷修道惑。	03a	所 以 必 無 不 至 金 剛 斷 修 道 惑  
ZH_T43_1833_03a:0863c25_1	疏。	03a	疏  
ZH_T43_1833_03a:0863c25_11	一一地通三界所斷者。	03a	一 一 地 通 三 界 所 斷 者  
ZH_T43_1833_03a:0863c25_16	此言倒也。	03a	此 言 倒 也  
ZH_T43_1833_03a:0863c26_11	意說一一地中能斷三界所知障也。	03a	意 說 一 一 地 中 能 斷 三 界 所 知 障 也  
ZH_T43_1833_03a:0863c27_1	疏。	03a	疏  
ZH_T43_1833_03a:0863c27_7	若有九品者。	03a	若 有 九 品 者  
ZH_T43_1833_03a:0863c27_16	三界九地合為九品。	03a	三界九地 合 為 九 品  
ZH_T43_1833_03a:0863c28_6	非一一地別有九品。	03a	非 一 一 地 別 有 九 品  
ZH_T43_1833_03a:0863c29_1	疏。	03a	疏  
ZH_T43_1833_03a:0863c29_7	前解方成者。	03a	前 解 方 成 者  
ZH_T43_1833_03a:0864a01_1	即第一釋唯增之義而得成也。	03a	即 第 一 釋 唯 增 之 義 而 得 成 也  
ZH_T43_1833_03a:0864a01_10	故疏自云今日為增。	03a	故 疏 自 云 今 日 為 增  
ZH_T43_1833_03a:0864a02_12	明不結成前第二釋故　問雖生三界所緣無異。	03a	明 不 結 成 前 第 二 釋 故  問 雖 生 三 界 所 緣 無 異  
ZH_T43_1833_03a:0864a03_4	能緣行相唯作一常。	03a	能 緣 行 相 唯 作 一 常  
ZH_T43_1833_03a:0864a04_10	有何別因得成九品　答無明漸增三界法爾有九品差。	03a	有 何 別 因 得 成 九 品  答 無 明 漸 增 三 界 法 爾 有 九 品 差  
ZH_T43_1833_03a:0864a04_15	斯亦何失。	03a	斯 亦 何 失  
ZH_T43_1833_03a:0864a05_1	疏。	03a	疏  
ZH_T43_1833_03a:0864a05_12	若以無性有情第七等者。	03a	若 以 無 性 有 情 第 七 等 者  
ZH_T43_1833_03a:0864a06_5	顯前第二釋非理也　詳曰。	03a	顯 前 第 二 釋 非 理 也  詳 曰  
ZH_T43_1833_03a:0864a06_10	觀第二釋。	03a	觀 第 二 釋  
ZH_T43_1833_03a:0864a07_1	不以有性．無性相例。	03a	不 以 有 性  無 性 相 例  
ZH_T43_1833_03a:0864a08_8	餘有此釋故敘非之　問疏二釋中何者為優　答初釋為勝。	03a	餘 有 此 釋 故 敘 非 之  問 疏 二 釋 中 何 者 為 優  答 初 釋 為 勝  
ZH_T43_1833_03a:0864a08_13	有增義顯。	03a	有 增 義 顯  
ZH_T43_1833_03a:0864a09_3	若第二釋減義難知。	03a	若 第 二 釋 減 義 難 知  
ZH_T43_1833_03a:0864a09_12	雖三界殊能所緣等。	03a	雖 三 界 殊 能 所 緣 等  
ZH_T43_1833_03a:0864a10_3	何為而有行相減耶。	03a	何 為 而 有 行 相 減 耶  
ZH_T43_1833_03a:0864a10_8	故第一勝。	03a	故 第 一 勝  
ZH_T43_1833_03a:0864a11_1	疏。	03a	疏  
ZH_T43_1833_03a:0864a11_12	若相分相熏何法為礙者。	03a	若 相 分 相 熏 何 法 為 礙 者  
ZH_T43_1833_03a:0864a12_7	有何法障不令變為相分熏耶。	03a	有 何 法 障 不 令 變 為 相 分 熏 耶  
ZH_T43_1833_03a:0864a12_12	障法既無。	03a	障 法 既 無  
ZH_T43_1833_03a:0864a12_17	故得熏矣。	03a	故 得 熏 矣  
ZH_T43_1833_03a:0864a13_1	疏。	03a	疏  
ZH_T43_1833_03a:0864a13_8	如自證分等者。	03a	如 自 證 分 等 者  
ZH_T43_1833_03a:0864a14_6	若爾何故言見．相熏　答約用而說。	03a	若爾何故 言 見  相 熏  答 約 用 而 說  
ZH_T43_1833_03a:0864a15_1	疏。	03a	疏  
ZH_T43_1833_03a:0864a15_11	即是本識同此無妨者。	03a	即 是 本 識 同 此 無 妨 者  
ZH_T43_1833_03a:0864a16_5	說本識中種生現行名俱有因。	03a	說 本 識 中 種 生 現 行 名 俱 有 因  
ZH_T43_1833_03a:0864a16_10	同此唯識。	03a	同 此 唯 識  
ZH_T43_1833_03a:0864a17_1	疏。	03a	疏  
ZH_T43_1833_03a:0864a17_13	如俱有因體至不能熏故者。	03a	如 俱 有 因 體 至 不 能 熏 故 者  
ZH_T43_1833_03a:0864a18_13	結小乘因體非俱有因　言不熏者釋所以也。	03a	結 小 乘 因 體 非 俱 有 因  言 不 熏 者 釋 所 以 也  
ZH_T43_1833_03a:0864a19_5	便以自義而顯他非。	03a	便 以 自 義 而 顯 他 非  
ZH_T43_1833_03a:0864a20_1	疏。	03a	疏  
ZH_T43_1833_03a:0864a20_14	非現望現為因緣攝同類因者。	03a	非 現 望 現 為 因 緣 攝 同 類 因 者  
ZH_T43_1833_03a:0864a21_8	不是現行而望於現為同類因。	03a	不 是 現 行 而 望 於 現 為 同 類 因  
ZH_T43_1833_03a:0864a22_1	疏。	03a	疏  
ZH_T43_1833_03a:0864a22_7	依義為問者。	03a	依 義 為 問 者  
ZH_T43_1833_03a:0864a22_12	義謂體義。	03a	義 謂 體 義  
ZH_T43_1833_03a:0864a23_6	以不可知而無別體故不問也。	03a	以 不 可 知 而 無 別 體 故 不 問 也  
ZH_T43_1833_03a:0864a24_1	疏。	03a	疏  
ZH_T43_1833_03a:0864a24_11	次解釋中依頌而牒者。	03a	次 解 釋 中 依 頌 而 牒 者  
ZH_T43_1833_03a:0864a25_2	釋在問後名之為次。	03a	釋 在 問 後 名 之 為 次  
ZH_T43_1833_03a:0864a25_11	言不可知即本頌矣。	03a	言 不 可 知 即 本 頌 矣  
ZH_T43_1833_03a:0864a26_1	疏。	03a	疏  
ZH_T43_1833_03a:0864a26_12	對法唯據至故略不說者。	03a	對 法 唯 據 至 故 略 不 說 者  
ZH_T43_1833_03a:0864a26_17	故彼論云。	03a	故 彼 論 云  
ZH_T43_1833_03a:0864a27_5	為何義觀執受耶。	03a	為 何 義 觀 執 受 耶  
ZH_T43_1833_03a:0864a27_17	謂受生所依色故是執受義。	03a	謂 受 生 所 依 色 故 是 執 受 義  
ZH_T43_1833_03a:0864a28_11	若依此色受得生是名執受。	03a	若 依 此 色 受 得 生 是 名 執 受  
ZH_T43_1833_03a:0864a29_1	疏。	03a	疏  
ZH_T43_1833_03a:0864a29_12	不相離大所發之聲等者。	03a	不 相 離 大 所 發 之 聲 等 者  
ZH_T43_1833_03a:0864b01_2	四大既為第八所執。	03a	四 大 既 為 第 八 所 執  
ZH_T43_1833_03a:0864b01_15	故彼所發不離大聲亦名執受。	03a	故 彼 所 發 不 離 大 聲 亦 名 執 受  
ZH_T43_1833_03a:0864b02_1	疏。	03a	疏  
ZH_T43_1833_03a:0864b02_7	猶如毛輪者。	03a	猶 如 毛 輪 者  
ZH_T43_1833_03a:0864b02_12	所緣幻化。	03a	所 緣 幻 化  
ZH_T43_1833_03a:0864b02_17	有為不實。	03a	有 為 不 實  
ZH_T43_1833_03a:0864b03_5	故譬毛輪　有云。	03a	故 譬 毛 輪  有 云  
ZH_T43_1833_03a:0864b03_10	說境微細。	03a	說 境 微 細  
ZH_T43_1833_03a:0864b03_15	或境多故。	03a	或 境 多 故  
ZH_T43_1833_03a:0864b04_2	故類毛輪勘。	03a	故 類 毛 輪 勘  
ZH_T43_1833_03a:0864b05_1	疏。	03a	疏  
ZH_T43_1833_03a:0864b05_13	不爾心等相應是彼所緣者。	03a	不 爾 心 等 相 應 是 彼 所 緣 者  
ZH_T43_1833_03a:0864b06_8	若也不取如前會爾四蘊名名。	03a	若 也 不 取 如 前 會 爾 四 蘊 名 名  
ZH_T43_1833_03a:0864b07_4	心既名攝心應即是梨耶所緣。	03a	心 既 名 攝 心 應 即 是 梨 耶 所 緣  
ZH_T43_1833_03a:0864b07_14	餘相亦爾　或是字錯。	03a	餘 相 亦 爾  或 是 字 錯  
ZH_T43_1833_03a:0864b08_1	應為豈字。	03a	應 為 豈 字  
ZH_T43_1833_03a:0864b08_6	前釋為本。	03a	前 釋 為 本  
ZH_T43_1833_03a:0864b09_1	疏。	03a	疏  
ZH_T43_1833_03a:0864b09_9	因執心所執等者。	03a	因 執 心 所 執 等 者  
ZH_T43_1833_03a:0864b09_19	善．無記心是能遍計。	03a	善  無 記 心 是 能 遍 計  
ZH_T43_1833_03a:0864b10_7	是妄執心所執之法。	03a	是 妄 執 心 所 執 之 法  
ZH_T43_1833_03a:0864b11_2	所執之法從彼能執以立彼名。	03a	所 執 之 法 從 彼 能 執 以 立 彼 名  
ZH_T43_1833_03a:0864b11_12	所執自以見．相熏種。	03a	所 執 自 以 見  相 熏 種  
ZH_T43_1833_03a:0864b13_3	亦得名為遍計所執妄執習氣　或能遍計相分之中熏所執種子。	03a	亦 得 名 為 遍 計 所 執 妄 執 習 氣  或 能 遍 計 相 分 之 中 熏 所 執 種 子  
ZH_T43_1833_03a:0864b13_12	所執種子名執習氣。	03a	所 執 種 子 名 執 習 氣  
ZH_T43_1833_03a:0864b13_17	前釋為勝。	03a	前 釋 為 勝  
ZH_T43_1833_03a:0864b14_1	疏。	03a	疏  
ZH_T43_1833_03a:0864b14_10	一切色至應不緣者。	03a	一 切 色 至 應 不 緣 者  
ZH_T43_1833_03a:0864b15_1	色非能熏亦非能計。	03a	色 非 能 熏 亦 非 能 計  
ZH_T43_1833_03a:0864b15_6	八復無執。	03a	八 復 無 執  
ZH_T43_1833_03a:0864b15_15	此色相中又無種子。	03a	此 色 相 中 又 無 種 子  
ZH_T43_1833_03a:0864b16_5	亦應第八不緣此相。	03a	亦 應 第 八 不 緣 此 相  
ZH_T43_1833_03a:0864b16_14	以彼說言緣執種故。	03a	以 彼 說 言 緣 執 種 故  
ZH_T43_1833_03a:0864b17_6	若言雖實而得緣色。	03a	若 言 雖 實 而 得 緣 色  
ZH_T43_1833_03a:0864b17_15	且據種論言緣執習。	03a	且 據 種 論 言 緣 執 習  
ZH_T43_1833_03a:0864b18_7	既爾何妨實緣三性種。	03a	既 爾 何 妨 實 緣 三 性 種  
ZH_T43_1833_03a:0864b18_13	且依染種說。	03a	且 依 染 種 說  
ZH_T43_1833_03a:0864b19_1	疏。	03a	疏  
ZH_T43_1833_03a:0864b19_11	既爾第八應亦能熏者。	03a	既 爾 第 八 應 亦 能 熏 者  
ZH_T43_1833_03a:0864b19_16	此破伏執。	03a	此 破 伏 執  
ZH_T43_1833_03a:0864b20_1	執者說云。	03a	執 者 說 云  
ZH_T43_1833_03a:0864b20_10	既言第八緣執習氣。	03a	既 言 第 八 緣 執 習 氣  
ZH_T43_1833_03a:0864b20_15	何無執耶。	03a	何 無 執 耶  
ZH_T43_1833_03a:0864b21_1	故有斯責。	03a	故 有 斯 責  
ZH_T43_1833_03a:0864b22_1	疏。	03a	疏  
ZH_T43_1833_03a:0864b22_8	即以此為證者。	03a	即 以 此 為 證 者  
ZH_T43_1833_03a:0864b22_18	問所熏種子名執習氣。	03a	問 所 熏 種 子 名 執 習 氣  
ZH_T43_1833_03a:0864b23_8	證能熏識為執可然。	03a	證 能 熏 識 為 執 可 然  
ZH_T43_1833_03a:0864b23_13	藏識不爾。	03a	藏 識 不 爾  
ZH_T43_1833_03a:0864b24_14	此何為證　答餘善心等由二分故故名為執。	03a	此 何 為 證  答 餘 善 心 等 由 二 分 故 故 名 為 執  
ZH_T43_1833_03a:0864b25_5	藏識亦然何不有執。	03a	藏 識 亦 然 何 不 有 執  
ZH_T43_1833_03a:0864b26_2	故得為證　若爾藏識應亦能熏。	03a	故 得 為 證  若 爾 藏 識 應 亦 能 熏  
ZH_T43_1833_03a:0864b27_1	同餘七識　答無別所熏非能熏攝。	03a	同 餘 七 識  答 無 別 所 熏 非 能 熏 攝  
ZH_T43_1833_03a:0864b28_1	疏。	03a	疏  
ZH_T43_1833_03a:0864b28_12	今此師意至如下自知者。	03a	今 此 師 意 至 如 下 自 知 者  
ZH_T43_1833_03a:0864b29_2	初釋自證．見．相同種。	03a	初 釋 自 證  見  相 同 種  
ZH_T43_1833_03a:0864b29_7	後釋種別。	03a	後 釋 種 別  
ZH_T43_1833_03a:0864b29_12	有多問答。	03a	有 多 問 答  
ZH_T43_1833_03a:0864b29_17	如後具陳。	03a	如 後 具 陳  
ZH_T43_1833_03a:0864c01_1	疏。	03a	疏  
ZH_T43_1833_03a:0864c01_13	若爾無色界至此義應思者。	03a	若 爾 無 色 界 至 此 義 應 思 者  
ZH_T43_1833_03a:0864c02_1	問按彼論云。	03a	問 按 彼 論 云  
ZH_T43_1833_03a:0864c02_12	於欲界中緣狹小執受境。	03a	於 欲 界 中 緣 狹 小 執 受 境  
ZH_T43_1833_03a:0864c03_5	於色界中緣廣大執受境。	03a	於 色 界 中 緣 廣 大 執 受 境  
ZH_T43_1833_03a:0864c04_6	於無色界空無邊處．識無邊處緣無量執受境。	03a	於 無 色 界 空 無 邊 處  識無邊處 緣 無 量 執 受 境  
ZH_T43_1833_03a:0864c05_1	於無所有處緣微細執受境。	03a	於 無所有處 緣 微 細 執 受 境  
ZH_T43_1833_03a:0864c05_16	於非想非非想處緣極微細執受境。	03a	於 非想非非想處 緣 極 微 細 執 受 境  
ZH_T43_1833_03a:0864c06_13	如何說緣無色廣大　答撿文者誤。	03a	如 何 說 緣 無 色 廣 大  答 撿 文 者 誤  
ZH_T43_1833_03a:0864c07_5	疏主意取無色為難。	03a	疏 主 意 取 無 色 為 難  
ZH_T43_1833_03a:0864c07_14	以無色界唯緣種故。	03a	以 無 色 界 唯 緣 種 故  
ZH_T43_1833_03a:0864c08_9	既言彼識緣無量等執受之境。	03a	既 言 彼 識 緣 無 量 等 執 受 之 境  
ZH_T43_1833_03a:0864c10_16	明知第八緣種功能　問云何彼種名無量等　答緣無量境心所熏故故名無量　或無量等種上功能。	03a	明 知 第 八 緣 種 功 能  問 云 何 彼 種 名 無 量 等  答 緣 無 量 境 心 所 熏 故 故 名 無 量  或 無 量 等 種 上 功 能  
ZH_T43_1833_03a:0864c11_7	能生無量現行心故。	03a	能 生 無 量 現 行 心 故  
ZH_T43_1833_03a:0864c11_12	前釋為勝。	03a	前 釋 為 勝  
ZH_T43_1833_03a:0864c12_1	疏。	03a	疏  
ZH_T43_1833_03a:0864c12_12	即是能生至不違本識者。	03a	即 是 能 生 至 不 違 本 識 者  
ZH_T43_1833_03a:0864c13_2	雖彼種上有多別能。	03a	雖 彼 種 上 有 多 別 能  
ZH_T43_1833_03a:0864c13_11	謂即是善及於廣大。	03a	謂 即 是 善 及 於 廣 大  
ZH_T43_1833_03a:0864c14_1	廣大之能同識無記。	03a	廣 大 之 能 同 識 無 記  
ZH_T43_1833_03a:0864c14_6	故能緣之。	03a	故 能 緣 之  
ZH_T43_1833_03a:0864c14_12	廣大即功能。	03a	廣 大 即 功 能  
ZH_T43_1833_03a:0864c14_17	即種子也。	03a	即 種 子 也  
ZH_T43_1833_03a:0864c15_1	疏。	03a	疏  
ZH_T43_1833_03a:0864c15_12	又無色界廣大之用等者。	03a	又 無 色 界 廣 大 之 用 等 者  
ZH_T43_1833_03a:0864c15_17	此釋應善。	03a	此 釋 應 善  
ZH_T43_1833_03a:0864c17_1	省諸過故　有義但緣種體隨有功能皆能緣之。	03a	省 諸 過 故  有 義 但 緣 種 體 隨 有 功 能 皆 能 緣 之  
ZH_T43_1833_03a:0864c17_6	所以者何。	03a	所以者何  
ZH_T43_1833_03a:0864c17_15	若善種子差別功能。	03a	若 善 種 子 差 別 功 能  
ZH_T43_1833_03a:0864c18_5	由性別故說不緣者。	03a	由 性 別 故 說 不 緣 者  
ZH_T43_1833_03a:0864c19_1	應漏善．惡所熏成種皆通二性。	03a	應 漏 善  惡 所 熏 成 種 皆 通 二 性  
ZH_T43_1833_03a:0864c19_11	體是無記用善．惡分。	03a	體 是 無 記 用 善  惡 分  
ZH_T43_1833_03a:0864c19_16	既不如是。	03a	既 不 如 是  
ZH_T43_1833_03a:0864c20_9	何言體同本識無記說是所緣。	03a	何 言 體 同 本 識 無 記 說 是 所 緣  
ZH_T43_1833_03a:0864c21_1	用通善等非所緣耶。	03a	用 通 善 等 非 所 緣 耶  
ZH_T43_1833_03a:0864c21_15	若言一種體．用別故通二性者。	03a	若 言 一 種 體  用 別 故 通 二 性 者  
ZH_T43_1833_03a:0864c22_9	若爾論說因果俱善豈唯約用。	03a	若 爾 論 說 因 果 俱 善 豈 唯 約 用  
ZH_T43_1833_03a:0864c23_6	又體不離識善等種體名為無記。	03a	又 體 不 離 識 善 等 種 體 名 為 無 記  
ZH_T43_1833_03a:0864c23_15	用不離體隨體無記。	03a	用 不 離 體 隨 體 無 記  
ZH_T43_1833_03a:0864c24_7	故種體．用俱識所緣。	03a	故 種 體  用 俱 識 所 緣  
ZH_T43_1833_03a:0864c24_17	體．用俱是善等所生。	03a	體  用 俱 是 善 等 所 生  
ZH_T43_1833_03a:0864c28_1	能生善等俱善等攝　問若爾無想定等豈皆所緣　答彼非所緣　既爾如何但從功能皆說緣耶　解云厭心種上防心功能非無想定。	03a	能 生 善 等 俱 善 等 攝  問 若 爾 無 想 定 等 豈 皆 所 緣  答 彼 非 所 緣  既 爾 如 何 但 從 功 能 皆 說 緣 耶  解 云 厭 心 種 上 防 心 功 能 非 無 想 定  
ZH_T43_1833_03a:0864c28_10	但約此能假立彼定。	03a	但 約 此 能 假 立 彼 定  
ZH_T43_1833_03a:0864c29_5	雖緣種子差別功能不緣假也。	03a	雖 緣 種 子 差 別 功 能 不 緣 假 也  
ZH_T43_1833_03a:0864c29_14	然彼假法不離實故。	03a	然 彼 假 法 不 離 實 故  
ZH_T43_1833_03a:0865a01_5	緣種之時亦緣假者。	03a	緣 種 之 時 亦 緣 假 者  
ZH_T43_1833_03a:0865a01_13	即無有失　詳曰。	03a	即 無 有 失  詳 曰  
ZH_T43_1833_03a:0865a02_4	理不一途寧無此義。	03a	理 不 一 途 寧 無 此 義  
ZH_T43_1833_03a:0865a02_13	委尋疏旨固亦無違。	03a	委 尋 疏 旨 固 亦 無 違  
ZH_T43_1833_03a:0865a02_18	來難成似。	03a	來 難 成 似  
ZH_T43_1833_03a:0865a03_4	其所以者。	03a	其 所 以 者  
ZH_T43_1833_03a:0865a04_1	言隨本識及對因果以判性者。	03a	言 隨 本 識 及 對 因 果 以 判 性 者  
ZH_T43_1833_03a:0865a04_10	依種體論不依用說。	03a	依 種 體 論 不 依 用 說  
ZH_T43_1833_03a:0865a05_1	善．惡之用二性自成。	03a	善  惡 之 用 二 性 自 成  
ZH_T43_1833_03a:0865a05_11	何待因果方名善．惡。	03a	何 待 因 果 方 名 善  惡  
ZH_T43_1833_03a:0865a06_5	又種之體隨識因果性既不恒。	03a	又 種 之 體 隨 識 因 果 性 既 不 恒  
ZH_T43_1833_03a:0865a07_1	何得責令善．惡等種定唯二性。	03a	何 得 責 令 善  惡 等 種 定 唯 二 性  
ZH_T43_1833_03a:0865a07_14	又以種體不離識故名為無記。	03a	又 以 種 體 不 離 識 故 名 為 無 記  
ZH_T43_1833_03a:0865a08_9	便難種用不離種體成無記者。	03a	便 難 種 用 不 離 種 體 成 無 記 者  
ZH_T43_1833_03a:0865a09_6	亦應色種不離識故而無質礙。	03a	亦 應 色 種 不 離 識 故 而 無 質 礙  
ZH_T43_1833_03a:0865a10_2	色種現果不離種故應無質礙。	03a	色 種 現 果 不 離 種 故 應 無 質 礙  
ZH_T43_1833_03a:0865a10_12	體用因果非即．離故。	03a	體 用 因 果 非 即  離 故  
ZH_T43_1833_03a:0865a11_5	此既不爾彼云何然　又云。	03a	此 既 不 爾 彼 云 何 然  又 云  
ZH_T43_1833_03a:0865a12_2	但緣厭種功能無想定等假不緣者。	03a	但 緣 厭 種 功 能 無 想 定 等 假 不 緣 者  
ZH_T43_1833_03a:0865a12_11	若爾彼定其體全無。	03a	若 爾 彼 定 其 體 全 無  
ZH_T43_1833_03a:0865a13_1	厭種功能非定非假。	03a	厭 種 功 能 非 定 非 假  
ZH_T43_1833_03a:0865a13_10	前論說云假亦能遮。	03a	前 論 說 云 假 亦 能 遮  
ZH_T43_1833_03a:0865a13_15	假目何法。	03a	假 目 何 法  
ZH_T43_1833_03a:0865a14_5	又約防能立彼定者。	03a	又 約 防 能 立 彼 定 者  
ZH_T43_1833_03a:0865a14_10	為定即能。	03a	為 定 即 能  
ZH_T43_1833_03a:0865a15_2	為依於能方假立定。	03a	為 依 於 能 方 假 立 定  
ZH_T43_1833_03a:0865a15_7	定若即能。	03a	定 若 即 能  
ZH_T43_1833_03a:0865a15_12	定云何假。	03a	定 云 何 假  
ZH_T43_1833_03a:0865a16_2	若依能立有無窮失。	03a	若 依 能 立 有 無 窮 失  
ZH_T43_1833_03a:0865a16_11	故知其定即種防能。	03a	故 知 其 定 即 種 防 能  
ZH_T43_1833_03a:0865a16_16	非別境定。	03a	非 別 境 定  
ZH_T43_1833_03a:0865a17_1	定故稱假。	03a	定 故 稱 假  
ZH_T43_1833_03a:0865a17_13	本識不緣非為假也　又云。	03a	本 識 不 緣 非 為 假 也  又 云  
ZH_T43_1833_03a:0865a18_2	緣種亦緣假者。	03a	緣 種 亦 緣 假 者  
ZH_T43_1833_03a:0865a18_11	若爾本識應分別變。	03a	若 爾 本 識 應 分 別 變  
ZH_T43_1833_03a:0865a19_2	由斯疏道理乃通矣。	03a	由 斯 疏 道 理 乃 通 矣  
ZH_T43_1833_03a:0865a20_1	疏。	03a	疏  
ZH_T43_1833_03a:0865a20_8	又種有三品者。	03a	又 種 有 三 品 者  
ZH_T43_1833_03a:0865a21_2	心．色等種三性等差各有三品。	03a	心  色 等 種 三 性 等 差 各 有 三 品  
ZH_T43_1833_03a:0865a21_11	或三界種名為三品。	03a	或 三 界 種 名 為 三 品  
ZH_T43_1833_03a:0865a22_1	疏。	03a	疏  
ZH_T43_1833_03a:0865a22_6	即己體者。	03a	即 己 體 者  
ZH_T43_1833_03a:0865a22_15	相不離識名為己體。	03a	相 不 離 識 名 為 己 體  
ZH_T43_1833_03a:0865a23_1	疏。	03a	疏  
ZH_T43_1833_03a:0865a23_10	若斷未斷隨增減者。	03a	若 斷 未 斷 隨 增 減 者  
ZH_T43_1833_03a:0865a23_13	斷減。	03a	斷 減  
ZH_T43_1833_03a:0865a23_16	未增。	03a	未 增  
ZH_T43_1833_03a:0865a24_5	凡．聖第八所緣異也。	03a	凡  聖 第 八 所 緣 異 也  
ZH_T43_1833_03a:0865a25_1	論。	03a	論  
ZH_T43_1833_03a:0865a25_6	有根身者。	03a	有 根 身 者  
ZH_T43_1833_03a:0865a25_17	有義即五根體名為有根。	03a	有 義 即 五 根 體 名 為 有 根  
ZH_T43_1833_03a:0865a26_3	無別能有。	03a	無 別 能 有  
ZH_T43_1833_03a:0865a26_8	如有色言。	03a	如 有 色 言  
ZH_T43_1833_03a:0865a26_17	所依色等體雖非根。	03a	所 依 色 等 體 雖 非 根  
ZH_T43_1833_03a:0865a28_3	而能有根亦名有根　根及有根和合積聚故名為身。	03a	而 能 有 根 亦 名 有 根  根 及 有 根 和 合 積 聚 故 名 為 身  
ZH_T43_1833_03a:0865a29_1	疏。	03a	疏  
ZH_T43_1833_03a:0865a29_8	以根微細等者。	03a	以 根 微 細 等 者  
ZH_T43_1833_03a:0865a29_18	意辨論中根．身雙舉。	03a	意 辨 論 中 根  身 雙 舉  
ZH_T43_1833_03a:0865b01_7	根微細故不唯言根。	03a	根 微 細 故 不 唯 言 根  
ZH_T43_1833_03a:0865b01_16	身濫外塵不獨云身。	03a	身 濫 外 塵 不 獨 云 身  
ZH_T43_1833_03a:0865b02_7	故兼言之二失皆遣。	03a	故 兼 言 之 二 失 皆 遣  
ZH_T43_1833_03a:0865b03_1	疏。	03a	疏  
ZH_T43_1833_03a:0865b03_8	即諸根五處者。	03a	即 諸 根 五 處 者  
ZH_T43_1833_03a:0865b03_13	即五扶塵。	03a	即 五 扶 塵  
ZH_T43_1833_03a:0865b04_1	疏。	03a	疏  
ZH_T43_1833_03a:0865b04_7	緣他五境者。	03a	緣 他 五 境 者  
ZH_T43_1833_03a:0865b04_15	即是他身五扶塵。	03a	即 是 他 身 五 扶 塵  
ZH_T43_1833_03a:0865b05_1	疏。	03a	疏  
ZH_T43_1833_03a:0865b05_6	此有量者。	03a	此 有 量 者  
ZH_T43_1833_03a:0865b05_9	量云。	03a	量 云  
ZH_T43_1833_03a:0865b05_18	自八不能執他扶塵。	03a	自 八 不 能 執 他 扶 塵  
ZH_T43_1833_03a:0865b06_4	非自內身故。	03a	非 自 內 身 故  
ZH_T43_1833_03a:0865b06_9	如外五境。	03a	如 外 五 境  
ZH_T43_1833_03a:0865b07_1	論。	03a	論  
ZH_T43_1833_03a:0865b07_12	此二皆是識所執受等者。	03a	此 二 皆 是 識 所 執 受 等 者  
ZH_T43_1833_03a:0865b08_2	此執受義通大小乘。	03a	此 執 受 義 通 大 小 乘  
ZH_T43_1833_03a:0865b08_11	於中巨細非無差異。	03a	於 中 巨 細 非 無 差 異  
ZH_T43_1833_03a:0865b10_3	對法第五唯約生受　伽五十三通據依持生受而說　故對法云。	03a	對 法 第 五 唯 約 生 受  伽 五 十 三 通 據 依 持 生 受 而 說  故 對 法 云  
ZH_T43_1833_03a:0865b10_15	謂受生所依色故是執受義。	03a	謂 受 生 所 依 色 故 是 執 受 義  
ZH_T43_1833_03a:0865b11_14	若依此色受得生故是名執受　瑜伽論云。	03a	若 依 此 色 受 得 生 故 是 名 執 受  瑜 伽 論 云  
ZH_T43_1833_03a:0865b12_6	若識依執名執受色。	03a	若 識 依 執 名 執 受 色  
ZH_T43_1833_03a:0865b12_11	此復云何。	03a	此 復 云 何  
ZH_T43_1833_03a:0865b12_16	識識所詫。	03a	識 識 所 詫  
ZH_T43_1833_03a:0865b13_5	安危事同和合生長。	03a	安 危 事 同 和 合 生 長  
ZH_T43_1833_03a:0865b13_14	又此為依能生諸受。	03a	又 此 為 依 能 生 諸 受  
ZH_T43_1833_03a:0865b14_5	與此相違非執受色。	03a	與 此 相 違 非 執 受 色  
ZH_T43_1833_03a:0865b14_11	初狹．後寬。	03a	初 狹  後 寬  
ZH_T43_1833_03a:0865b14_16	二論別也。	03a	二 論 別 也  
ZH_T43_1833_03a:0865b15_10	現種根．境具如疏會　若依小乘。	03a	現 種 根  境 具 如 疏 會  若 依 小 乘  
ZH_T43_1833_03a:0865b15_15	俱舍第二。	03a	俱 舍 第 二  
ZH_T43_1833_03a:0865b16_11	現在五根．扶根四塵名有執受。	03a	現 在 五 根  扶 根 四 塵 名 有 執 受  
ZH_T43_1833_03a:0865b16_16	餘非執受。	03a	餘 非 執 受  
ZH_T43_1833_03a:0865b17_1	執受義者。	03a	執 受 義 者  
ZH_T43_1833_03a:0865b17_6	即彼論云。	03a	即 彼 論 云  
ZH_T43_1833_03a:0865b17_16	心．心所法共所執受。	03a	心  心 所 法 共 所 執 受  
ZH_T43_1833_03a:0865b18_5	攝為依處名有執受。	03a	攝 為 依 處 名 有 執 受  
ZH_T43_1833_03a:0865b18_14	損益展轉更相隨故。	03a	損 益 展 轉 更 相 隨 故  
ZH_T43_1833_03a:0865b19_4	即諸世間說有覺觸。	03a	即 諸 世 間 說 有 覺 觸  
ZH_T43_1833_03a:0865b19_13	眾緣所觸覺樂等故。	03a	眾 緣 所 觸 覺 樂 等 故  
ZH_T43_1833_03a:0865b20_4	此同瑜伽有二義也。	03a	此 同 瑜 伽 有 二 義 也  
ZH_T43_1833_03a:0865b22_3	根．境等九復如對法　問大乘何意唯第八識名能執受　答按瑜伽論五十一云。	03a	根  境 等 九 復 如 對 法  問 大 乘 何 意 唯 第 八 識 名 能 執 受  答 按 瑜 伽 論 五 十 一 云  
ZH_T43_1833_03a:0865b23_4	由五因故　一謂賴耶識先世所造業行為因。	03a	由 五 因 故  一 謂 賴 耶 識 先 世 所 造 業 行 為 因  
ZH_T43_1833_03a:0865b23_13	眼等轉識現緣為因。	03a	眼 等 轉 識 現 緣 為 因  
ZH_T43_1833_03a:0865b26_3	謂根．境等　二六識三性可得　三六識無覆無記異熟所攝類不可得　四六識別依於彼彼依彼彼識轉。	03a	謂 根  境 等  二 六 識 三 性 可 得  三 六 識 無覆無記 異熟所攝 類 不 可 得  四 六 識 別 依 於 彼 彼 依 彼 彼 識 轉  
ZH_T43_1833_03a:0865b26_12	即彼所依應有執受。	03a	即 彼 所 依 應 有 執 受  
ZH_T43_1833_03a:0865b26_17	餘無執受。	03a	餘 無 執 受  
ZH_T43_1833_03a:0865b27_7	設許執受亦不應理。	03a	設 許 執 受 亦 不 應 理  
ZH_T43_1833_03a:0865b28_9	識遠離故　五又所依止應成數數執受過失。	03a	識 遠 離 故  五 又 所 依 止 應 成 數 數 執 受 過 失  
ZH_T43_1833_03a:0865b28_14	所以者何。	03a	所以者何  
ZH_T43_1833_03a:0865b29_5	由彼眼識於一時轉。	03a	由 彼 眼 識 於 一 時 轉  
ZH_T43_1833_03a:0865b29_10	一時不轉。	03a	一 時 不 轉  
ZH_T43_1833_03a:0865b29_15	餘識亦爾。	03a	餘 識 亦 爾  
ZH_T43_1833_03a:0865c01_5	第八異彼故能執受。	03a	第 八 異 彼 故 能 執 受  
ZH_T43_1833_03a:0865c02_1	疏。	03a	疏  
ZH_T43_1833_03a:0865c02_7	變即轉變者。	03a	變 即 轉 變 者  
ZH_T43_1833_03a:0865c02_12	即是生變。	03a	即 是 生 變  
ZH_T43_1833_03a:0865c03_5	下疏結云故能生因說名能變。	03a	下 疏 結 云 故 能 生 因 說 名 能 變  
ZH_T43_1833_03a:0865c04_10	疎緣無漏種准此應知者。	03a	疎 緣 無 漏 種 准 此 應 知 者  
ZH_T43_1833_03a:0865c05_5	因中第八望無漏種二變俱無。	03a	因 中 第 八 望 無 漏 種 二 變 俱 無  
ZH_T43_1833_03a:0865c06_1	不緣．不熏如次不名緣生二變。	03a	不 緣  不 熏 如 次 不 名 緣 生 二 變  
ZH_T43_1833_03a:0865c06_10	果位本識緣故名變。	03a	果 位 本 識 緣 故 名 變  
ZH_T43_1833_03a:0865c07_5	因位無漏六．七二識具有二變。	03a	因 位 無 漏 六  七 二 識 具 有 二 變  
ZH_T43_1833_03a:0865c07_14	果中七識但緣名變。	03a	果 中 七 識 但 緣 名 變  
ZH_T43_1833_03a:0865c08_1	義思可知。	03a	義 思 可 知  
ZH_T43_1833_03a:0865c09_1	疏。	03a	疏  
ZH_T43_1833_03a:0865c09_12	即根種等具二變義等者。	03a	即 根 種 等 具 二 變 義 等 者  
ZH_T43_1833_03a:0865c10_7	現行第八望根與種具緣．執二。	03a	現 行 第 八 望 根 與 種 具 緣  執 二  
ZH_T43_1833_03a:0865c10_12	外器但緣。	03a	外 器 但 緣  
ZH_T43_1833_03a:0865c11_6	其種子識對現七識唯生一變。	03a	其 種 子 識 對 現 七 識 唯 生 一 變  
ZH_T43_1833_03a:0865c11_15	現望現七三變俱無。	03a	現 望 現 七 三 變 俱 無  
ZH_T43_1833_03a:0865c12_7	若種子識望現根．器。	03a	若 種 子 識 望 現 根  器  
ZH_T43_1833_03a:0865c12_12	即生名變。	03a	即 生 名 變  
ZH_T43_1833_03a:0865c13_2	器亦是識共相種生。	03a	器 亦 是 識 共 相 種 生  
ZH_T43_1833_03a:0865c13_11	疏示方隅且舉現識。	03a	疏 示 方 隅 且 舉 現 識  
ZH_T43_1833_03a:0865c14_2	現識及種合而言之。	03a	現 識 及 種 合 而 言 之  
ZH_T43_1833_03a:0865c14_7	根具三變。	03a	根 具 三 變  
ZH_T43_1833_03a:0865c14_12	外器二變。	03a	外 器 二 變  
ZH_T43_1833_03a:0865c15_1	疏。	03a	疏  
ZH_T43_1833_03a:0865c15_10	經部至已略解訖者。	03a	經 部 至 已 略 解 訖 者  
ZH_T43_1833_03a:0865c15_19	即經部師俱無起等。	03a	即 經 部 師 俱 無 起 等  
ZH_T43_1833_03a:0865c16_4	如第一疏。	03a	如 第 一 疏  
ZH_T43_1833_03a:0865c17_1	疏。	03a	疏  
ZH_T43_1833_03a:0865c17_8	然唯初解等者。	03a	然 唯 初 解 等 者  
ZH_T43_1833_03a:0865c18_6	略為二釋　一云如因第八緣自三境。	03a	略 為 二 釋  一 云 如 因 第 八 緣 自 三 境  
ZH_T43_1833_03a:0865c18_11	但相無質。	03a	但 相 無 質  
ZH_T43_1833_03a:0865c19_2	心所杖八相為質緣。	03a	心 所 杖 八 相 為 質 緣  
ZH_T43_1833_03a:0865c19_11	或所更互託為質起。	03a	或 所 更 互 託 為 質 起  
ZH_T43_1833_03a:0865c20_6	故不可言本質是同名為同一。	03a	故 不 可 言 本 質 是 同 名 為 同 一  
ZH_T43_1833_03a:0865c20_15	由此應言相名行相。	03a	由 此 應 言 相 名 行 相  
ZH_T43_1833_03a:0865c21_11	行相相似名同所緣　二云疏錯。	03a	行 相 相 似 名 同 所 緣  二 云 疏 錯  
ZH_T43_1833_03a:0865c22_5	應云然唯第二無初解者。	03a	應 云 然 唯 第 二 無 初 解 者  
ZH_T43_1833_03a:0865c22_13	餘言同前　詳曰。	03a	餘 言 同 前  詳 曰  
ZH_T43_1833_03a:0865c23_11	後釋優也　何以明之　答見名行相。	03a	後 釋 優 也  何 以 明 之  答 見 名 行 相  
ZH_T43_1833_03a:0865c24_2	相但相似名同所緣。	03a	相 但 相 似 名 同 所 緣  
ZH_T43_1833_03a:0865c24_7	不名行相。	03a	不 名 行 相  
ZH_T43_1833_03a:0865c25_3	竟何失耶　又疏下會瑜伽論云。	03a	竟 何 失 耶  又 疏 下 會 瑜 伽 論 云  
ZH_T43_1833_03a:0865c25_12	瑜伽據質名同所緣。	03a	瑜 伽 據 質 名 同 所 緣  
ZH_T43_1833_03a:0865c26_3	此約影像名所緣等。	03a	此 約 影 像 名 所 緣 等  
ZH_T43_1833_03a:0865c27_4	豈可前後自為楚．越　又按疏主瑜伽鈔云。	03a	豈 可 前 後 自 為 楚  越  又 按 疏 主 瑜 伽 鈔 云  
ZH_T43_1833_03a:0865c27_13	若也影像名行相者。	03a	若 也 影 像 名 行 相 者  
ZH_T43_1833_03a:0865c28_9	即以本質為所緣者體一名同。	03a	即 以 本 質 為 所 緣 者 體 一 名 同  
ZH_T43_1833_03a:0865c29_1	行相體別故名不同。	03a	行 相 體 別 故 名 不 同  
ZH_T43_1833_03a:0865c29_10	若以見分名行相者。	03a	若 以 見 分 名 行 相 者  
ZH_T43_1833_03a:0866a01_1	即親相分體雖各別。	03a	即 親 相 分 體 雖 各 別  
ZH_T43_1833_03a:0866a01_6	似名同一。	03a	似 名 同 一  
ZH_T43_1833_03a:0866a02_6	見分體緣各各異故名為不同　由此故知。	03a	見 分 體 緣 各 各 異 故 名 為 不 同  由 此 故 知  
ZH_T43_1833_03a:0866a02_11	見名行相。	03a	見 名 行 相  
ZH_T43_1833_03a:0866a03_6	第八王．所相分相似名同所緣。	03a	第 八 王  所 相 分 相 似 名 同 所 緣  
ZH_T43_1833_03a:0866a03_15	見分各別名不同行。	03a	見 分 各 別 名 不 同 行  
ZH_T43_1833_03a:0866a04_5	若也相分名行相者。	03a	若 也 相 分 名 行 相 者  
ZH_T43_1833_03a:0866a04_10	即行相同。	03a	即 行 相 同  
ZH_T43_1833_03a:0866a05_1	如何說云不同一行。	03a	如 何 說 云 不 同 一 行  
ZH_T43_1833_03a:0866a05_10	第八非定緣本質境。	03a	第 八 非 定 緣 本 質 境  
ZH_T43_1833_03a:0866a06_1	復云何說同一所緣。	03a	復 云 何 說 同一所緣  
ZH_T43_1833_03a:0866a06_10	若云相分相似名同。	03a	若 云 相 分 相 似 名 同  
ZH_T43_1833_03a:0866a06_15	若爾所緣。	03a	若 爾 所 緣  
ZH_T43_1833_03a:0866a07_1	行相是一。	03a	行 相 是 一  
ZH_T43_1833_03a:0866a07_11	如何而說同．不同言。	03a	如 何 而 說 同  不 同 言  
ZH_T43_1833_03a:0866a08_1	以此故知疏顛倒也。	03a	以 此 故 知 疏 顛 倒 也  
ZH_T43_1833_03a:0866a09_1	疏。	03a	疏  
ZH_T43_1833_03a:0866a09_11	無心心所自能緣故者。	03a	無 心 心 所 自 能 緣 故 者  
ZH_T43_1833_03a:0866a10_6	彼宗不許心．心所法而能自緣。	03a	彼 宗 不 許 心  心 所 法 而 能 自 緣  
ZH_T43_1833_03a:0866a11_11	論若心心所至自所緣境者。	03a	論 若 心 心 所 至 自 所 緣 境 者  
ZH_T43_1833_03a:0866a11_18	有義諸師皆說。	03a	有 義 諸 師 皆 說  
ZH_T43_1833_03a:0866a12_13	初量破彼正量．安惠不破餘部。	03a	初 量 破 彼 正 量  安 惠 不 破 餘 部  
ZH_T43_1833_03a:0866a12_18	今解不然。	03a	今 解 不 然  
ZH_T43_1833_03a:0866a13_17	十九部義雖心．心所緣境之時有行境相。	03a	十 九 部 義 雖 心  心 所 緣 境 之 時 有 行 境 相  
ZH_T43_1833_03a:0866a14_12	其行境相是能緣相非是所緣。	03a	其 行 境 相 是 能 緣 相 非 是 所 緣  
ZH_T43_1833_03a:0866a15_3	如何初量唯破正量。	03a	如 何 初 量 唯 破 正 量  
ZH_T43_1833_03a:0866a15_8	是故應說。	03a	是 故 應 說  
ZH_T43_1833_03a:0866a16_3	初量通破二十部也　詳曰。	03a	初 量 通 破 二 十 部 也  詳 曰  
ZH_T43_1833_03a:0866a16_12	雖所帶相計屬能緣。	03a	雖 所 帶 相 計 屬 能 緣  
ZH_T43_1833_03a:0866a17_6	然說此相似所緣故所緣即相。	03a	然 說 此 相 似 所 緣 故 所 緣 即 相  
ZH_T43_1833_03a:0866a17_15	所緣之相名所緣相。	03a	所 緣 之 相 名 所 緣 相  
ZH_T43_1833_03a:0866a18_6	不同正量此似亦無。	03a	不 同 正 量 此 似 亦 無  
ZH_T43_1833_03a:0866a18_15	由斯諸德義亦何爽。	03a	由 斯 諸 德 義 亦 何 爽  
ZH_T43_1833_03a:0866a19_1	論。	03a	論  
ZH_T43_1833_03a:0866a20_9	若心心所無能緣等者　有義諸師皆云破安惠師．及清辨義。	03a	若 心 心 所 無 能 緣 等 者  有 義 諸 師 皆 云 破 安 惠 師  及 清 辨 義  
ZH_T43_1833_03a:0866a20_18	今解通破正量部義。	03a	今 解 通 破 正 量 部 義  
ZH_T43_1833_03a:0866a21_8	彼說心等緣境之時。	03a	彼 說 心 等 緣 境 之 時  
ZH_T43_1833_03a:0866a22_7	更不別說於能緣心有行相故　詳曰。	03a	更 不 別 說 於 能 緣 心 有 行 相 故  詳 曰  
ZH_T43_1833_03a:0866a22_12	此明二分。	03a	此 明 二 分  
ZH_T43_1833_03a:0866a23_3	言能緣相即見分心。	03a	言 能 緣 相 即 見 分 心  
ZH_T43_1833_03a:0866a23_12	非約見分依心上立。	03a	非 約 見 分 依 心 上 立  
ZH_T43_1833_03a:0866a24_3	若別立者三分何別。	03a	若 別 立 者 三 分 何 別  
ZH_T43_1833_03a:0866a24_12	如前見分名為行相。	03a	如 前 見 分 名 為 行 相  
ZH_T43_1833_03a:0866a25_2	豈見分上而別說耶。	03a	豈 見 分 上 而 別 說 耶  
ZH_T43_1833_03a:0866a25_11	由斯正量有能緣相。	03a	由 斯 正 量 有 能 緣 相  
ZH_T43_1833_03a:0866a26_2	故知諸德說不乖論。	03a	故 知 諸 德 說 不 乖 論  
ZH_T43_1833_03a:0866a27_1	疏。	03a	疏  
ZH_T43_1833_03a:0866a27_7	清辨亦云等。	03a	清 辨 亦 云 等  
ZH_T43_1833_03a:0866a28_4	有義由勝義諦非但無有能緣之相。	03a	有 義 由 勝 義 諦 非 但 無 有 能 緣 之 相  
ZH_T43_1833_03a:0866a28_9	心體亦無。	03a	心 體 亦 無  
ZH_T43_1833_03a:0866a28_19	論文既說有心．心所。	03a	論 文 既 說 有 心  心 所  
ZH_T43_1833_03a:0866a29_8	但緣境時無能緣相。	03a	但 緣 境 時 無 能 緣 相  
ZH_T43_1833_03a:0866a29_17	故知唯就世俗以破。	03a	故 知 唯 就 世 俗 以 破  
ZH_T43_1833_03a:0866b01_12	諸師皆言清辨有相而無見者。	03a	諸 師 皆 言 清 辨 有 相 而 無 見 者  
ZH_T43_1833_03a:0866b01_17	此不依宗。	03a	此 不 依 宗  
ZH_T43_1833_03a:0866b02_8	彼依世俗說唯識故。	03a	彼 依 世 俗 說 唯 識 故  
ZH_T43_1833_03a:0866b03_1	於世俗中雖有心．境。	03a	於 世 俗 中 雖 有 心  境  
ZH_T43_1833_03a:0866b03_13	隱劣顯勝名唯識故　詳曰。	03a	隱 劣 顯 勝 名 唯 識 故  詳 曰  
ZH_T43_1833_03a:0866b04_1	非善破也。	03a	非 善 破 也  
ZH_T43_1833_03a:0866b04_10	於無過中有過言故。	03a	於 無 過 中 有 過 言 故  
ZH_T43_1833_03a:0866b05_6	疏中既云若約世俗見．相俱有。	03a	疏 中 既 云 若 約 世 俗 見  相 俱 有  
ZH_T43_1833_03a:0866b05_15	今且遠汝一切唯境。	03a	今 且 遠 汝 一 切 唯 境  
ZH_T43_1833_03a:0866b06_5	此豈不許彼有見耶。	03a	此 豈 不 許 彼 有 見 耶  
ZH_T43_1833_03a:0866b06_14	若言破餘不序疏者。	03a	若 言 破 餘 不 序 疏 者  
ZH_T43_1833_03a:0866b07_2	破他可通。	03a	破 他 可 通  
ZH_T43_1833_03a:0866b07_7	自立不爾。	03a	自 立 不 爾  
ZH_T43_1833_03a:0866b07_17	既據世俗見．相俱存。	03a	既 據 世 俗 見  相 俱 存  
ZH_T43_1833_03a:0866b08_6	何理獨遣彼能緣相。	03a	何 理 獨 遣 彼 能 緣 相  
ZH_T43_1833_03a:0866b08_15	又言心體為現種耶。	03a	又 言 心 體 為 現 種 耶  
ZH_T43_1833_03a:0866b09_6	若現行者既無能緣。	03a	若 現 行 者 既 無 能 緣  
ZH_T43_1833_03a:0866b09_11	何名現識。	03a	何 名 現 識  
ZH_T43_1833_03a:0866b09_16	可審詳諸。	03a	可 審 詳 諸  
ZH_T43_1833_03a:0866b10_1	疏。	03a	疏  
ZH_T43_1833_03a:0866b10_9	第二合破安惠者。	03a	第 二 合 破 安 惠 者  
ZH_T43_1833_03a:0866b10_14	有義又說。	03a	有 義 又 說  
ZH_T43_1833_03a:0866b11_1	此中破安惠義。	03a	此 中 破 安 惠 義  
ZH_T43_1833_03a:0866b11_12	雖解此是二分非三分文。	03a	雖 解 此 是 二 分 非 三 分 文  
ZH_T43_1833_03a:0866b12_3	如何說彼無能緣耶。	03a	如 何 說 彼 無 能 緣 耶  
ZH_T43_1833_03a:0866b12_12	自證即是能緣用故。	03a	自 證 即 是 能 緣 用 故  
ZH_T43_1833_03a:0866b13_10	故於二分但可破彼無所緣相　或可。	03a	故 於 二 分 但 可 破 彼 無 所 緣 相  或 可  
ZH_T43_1833_03a:0866b13_17	此文非二分義。	03a	此 文 非 二 分 義  
ZH_T43_1833_03a:0866b14_7	即是三分　詳曰。	03a	即 是 三 分  詳 曰  
ZH_T43_1833_03a:0866b15_12	此明二分見．相相對名能．所緣以破安惠何過而有。	03a	此 明 二 分 見  相 相 對 名 能  所 緣 以 破 安 惠 何 過 而 有  
ZH_T43_1833_03a:0866b16_8	又論自結故心．心所必有二相。	03a	又 論 自 結 故 心  心 所 必 有 二 相  
ZH_T43_1833_03a:0866b16_17	故不可判屬三分也。	03a	故 不 可 判 屬 三 分 也  
ZH_T43_1833_03a:0866b17_1	疏。	03a	疏  
ZH_T43_1833_03a:0866b17_12	又大眾部至與此等同者。	03a	又 大 眾 部 至 與 此 等 同 者  
ZH_T43_1833_03a:0866b18_2	此釋前標十九部意。	03a	此 釋 前 標 十 九 部 意  
ZH_T43_1833_03a:0866b19_1	疏。	03a	疏  
ZH_T43_1833_03a:0866b19_11	自緣體者即不如是者。	03a	自 緣 體 者 即 不 如 是 者  
ZH_T43_1833_03a:0866b20_2	顯此上云餘大眾也。	03a	顯 此 上 云 餘 大 眾 也  
ZH_T43_1833_03a:0866b21_1	疏。	03a	疏  
ZH_T43_1833_03a:0866b21_11	以不曾為相分緣等者。	03a	以 不 曾 為 相 分 緣 等 者  
ZH_T43_1833_03a:0866b22_10	如諸色等曾為相分被見分緣故後能憶。	03a	如 諸 色 等 曾 為 相 分 被 見 分 緣 故 後 能 憶  
ZH_T43_1833_03a:0866b22_15	心既不爾。	03a	心 既 不 爾  
ZH_T43_1833_03a:0866b23_2	後何能憶。	03a	後 何 能 憶  
ZH_T43_1833_03a:0866b23_15	故後能憶明由先時自證緣也。	03a	故 後 能 憶 明 由 先 時 自 證 緣 也  
ZH_T43_1833_03a:0866b24_1	疏。	03a	疏  
ZH_T43_1833_03a:0866b24_8	佛地第三等者。	03a	佛 地 第 三 等 者  
ZH_T43_1833_03a:0866b24_17	按彼論引集量論云。	03a	按 彼 論 引 集 量 論 云  
ZH_T43_1833_03a:0866b25_3	集量論說。	03a	集 量 論 說  
ZH_T43_1833_03a:0866b25_17	諸心．心法皆證自體名為現量。	03a	諸 心  心 法 皆 證 自 體 名 為 現 量  
ZH_T43_1833_03a:0866b26_11	若不爾者如不曾見不應憶念。	03a	若 不 爾 者 如 不 曾 見 不 應 憶 念  
ZH_T43_1833_03a:0866b27_1	疏。	03a	疏  
ZH_T43_1833_03a:0866b27_13	此中有行相至名為相似者。	03a	此 中 有 行 相 至 名 為 相 似 者  
ZH_T43_1833_03a:0866b28_8	重成釋彼瑜伽之意　言此中者。	03a	重 成 釋 彼 瑜 伽 之 意  言 此 中 者  
ZH_T43_1833_03a:0866b28_13	此瑜伽論。	03a	此 瑜 伽 論  
ZH_T43_1833_03a:0866b29_10	即以相分名為行相　言境據總者。	03a	即 以 相 分 名 為 行 相  言 境 據 總 者  
ZH_T43_1833_03a:0866b29_15	相分相似。	03a	相 分 相 似  
ZH_T43_1833_03a:0866c01_6	如緣青等相分俱青。	03a	如 緣 青 等 相 分 俱 青  
ZH_T43_1833_03a:0866c01_11	故名為總。	03a	故 名 為 總  
ZH_T43_1833_03a:0866c02_13	由是論云同一所緣　言見據別故名為相似者。	03a	由 是 論 云 同一所緣  言 見 據 別 故 名 為 相 似 者  
ZH_T43_1833_03a:0866c04_10	相似即是不同之義故論說云不同行相　問夫言相似雖體不同有少比類。	03a	相 似 即 是 不 同 之 義 故 論 說 云 不 同 行 相  問 夫 言 相 似 雖 體 不 同 有 少 比 類  
ZH_T43_1833_03a:0866c05_13	今見言似有何相類　答如緣青等王．所皆然。	03a	今 見 言 似 有 何 相 類  答 如 緣 青 等 王  所 皆 然  
ZH_T43_1833_03a:0866c05_18	故名相似。	03a	故 名 相 似  
ZH_T43_1833_03a:0866c06_2	有云。	03a	有 云  
ZH_T43_1833_03a:0866c06_12	境據總下四句疏文下。	03a	境 據 總 下 四 句 疏 文 下  
ZH_T43_1833_03a:0866c07_6	雙會瑜伽．唯識兩論　詳曰。	03a	雙 會 瑜 伽  唯 識 兩 論  詳 曰  
ZH_T43_1833_03a:0866c07_9	不爾。	03a	不 爾  
ZH_T43_1833_03a:0866c07_14	前釋為正。	03a	前 釋 為 正  
ZH_T43_1833_03a:0866c08_1	尋之可悉。	03a	尋 之 可 悉  
ZH_T43_1833_03a:0866c09_1	疏。	03a	疏  
ZH_T43_1833_03a:0866c09_12	此心心所許時依同等者。	03a	此 心 心 所 許 時 依 同 等 者  
ZH_T43_1833_03a:0866c10_2	此論第三云所緣等。	03a	此 論 第 三 云 所 緣 等  
ZH_T43_1833_03a:0866c10_11	等者亦是相似之義。	03a	等 者 亦 是 相 似 之 義  
ZH_T43_1833_03a:0866c10_16	餘文同來。	03a	餘 文 同 來  
ZH_T43_1833_03a:0866c11_1	疏。	03a	疏  
ZH_T43_1833_03a:0866c11_12	現量為比果問答亦然者。	03a	現 量 為 比 果 問 答 亦 然 者  
ZH_T43_1833_03a:0866c12_13	問此之問答與前何差而須指耶　答前依分難。	03a	問 此 之 問 答 與 前 何 差 而 須 指 耶  答 前 依 分 難  
ZH_T43_1833_03a:0866c13_1	此據量難。	03a	此 據 量 難  
ZH_T43_1833_03a:0866c14_1	疏。	03a	疏  
ZH_T43_1833_03a:0866c14_7	如末那章者。	03a	如 末 那 章 者  
ZH_T43_1833_03a:0866c15_2	此指攝論明末那處名末那章。	03a	此 指 攝 論 明 末 那 處 名 末 那 章  
ZH_T43_1833_03a:0866c15_15	以彼廣以義門而辨故與章名。	03a	以 彼 廣 以 義 門 而 辨 故 與 章 名  
ZH_T43_1833_03a:0866c16_2	疏來意者。	03a	疏 來 意 者  
ZH_T43_1833_03a:0866c16_7	為伏難云。	03a	為 伏 難 云  
ZH_T43_1833_03a:0866c16_16	五識現量何縛有耶。	03a	五 識 現 量 何 縛 有 耶  
ZH_T43_1833_03a:0866c17_1	故疏答云。	03a	故 疏 答 云  
ZH_T43_1833_03a:0866c17_14	為是煩惱所染污相故有縛也。	03a	為 是 煩 惱 所 染 污 相 故 有 縛 也  
ZH_T43_1833_03a:0866c18_1	外伏難云。	03a	外 伏 難 云  
ZH_T43_1833_03a:0866c18_6	何以明知。	03a	何 以 明 知  
ZH_T43_1833_03a:0866c18_11	故指彼章。	03a	故 指 彼 章  
ZH_T43_1833_03a:0866c19_1	今按無性第一論云。	03a	今 按 無 性 第 一 論 云  
ZH_T43_1833_03a:0866c19_10	此即是識雜染所依。	03a	此 即 是 識 雜 染 所 依  
ZH_T43_1833_03a:0866c20_1	於定不定善等位中。	03a	於 定 不 定 善 等 位 中  
ZH_T43_1833_03a:0866c20_10	皆不相違恒現行故。	03a	皆 不 相 違 恒 現 行 故  
ZH_T43_1833_03a:0866c20_15	其如何等。	03a	其 如 何 等  
ZH_T43_1833_03a:0866c21_5	謂善心時亦執我故。	03a	謂 善 心 時 亦 執 我 故  
ZH_T43_1833_03a:0866c21_14	由此五識得有相縛。	03a	由 此 五 識 得 有 相 縛  
ZH_T43_1833_03a:0866c22_7	言是疏主末那章者非也。	03a	言 是 疏 主 末 那 章 者 非 也  
ZH_T43_1833_03a:0866c23_1	疏。	03a	疏  
ZH_T43_1833_03a:0866c23_11	即以自證為相分緣者。	03a	即 以 自 證 為 相 分 緣 者  
ZH_T43_1833_03a:0866c24_1	用不離體故說是言。	03a	用 不 離 體 故 說 是 言  
ZH_T43_1833_03a:0866c25_1	疏。	03a	疏  
ZH_T43_1833_03a:0866c25_8	得得非得法者。	03a	得 得 非 得 法 者  
ZH_T43_1833_03a:0866c25_13	大得小得。	03a	大 得 小 得  
ZH_T43_1833_03a:0866c25_18	故重言得。	03a	故 重 言 得  
ZH_T43_1833_03a:0866c26_1	所得。	03a	所 得  
ZH_T43_1833_03a:0866c28_3	之法體非是得名非得法　問難意如何　答如彼大得能得本法復得小得不立第四。	03a	之 法 體 非 是 得 名 非 得 法  問 難 意 如 何  答 如 彼 大 得 能 得 本 法 復 得 小 得 不 立 第 四  
ZH_T43_1833_03a:0866c28_8	生亦如之。	03a	生 亦 如 之  
ZH_T43_1833_03a:0866c28_13	例見同彼。	03a	例 見 同 彼  
ZH_T43_1833_03a:0866c29_4	緣相．自證不須第四。	03a	緣 相  自 證 不 須 第 四  
ZH_T43_1833_03a:0867a01_1	疏。	03a	疏  
ZH_T43_1833_03a:0867a01_7	無別種生者。	03a	無 別 種 生 者  
ZH_T43_1833_03a:0867a01_16	隨彼相見同種師釋。	03a	隨 彼 相 見 同 種 師 釋  
ZH_T43_1833_03a:0867a02_6	或約獨影非盡理言。	03a	或 約 獨 影 非 盡 理 言  
ZH_T43_1833_03a:0867a03_1	論。	03a	論  
ZH_T43_1833_03a:0867a03_12	若內若外皆有所取等者。	03a	若內若外 皆 有 所 取 等 者  
ZH_T43_1833_03a:0867a03_17	如疏具明。	03a	如 疏 具 明  
ZH_T43_1833_03a:0867a04_2	有義同疏。	03a	有 義 同 疏  
ZH_T43_1833_03a:0867a04_7	而立理云。	03a	而 立 理 云  
ZH_T43_1833_03a:0867a05_2	前長行云謂第二分但緣第一。	03a	前 長 行 云 謂 第 二 分 但 緣 第 一  
ZH_T43_1833_03a:0867a05_11	佛心見分不唯緣初。	03a	佛 心 見 分 不 唯 緣 初  
ZH_T43_1833_03a:0867a05_16	亦通後故。	03a	亦 通 後 故  
ZH_T43_1833_03a:0867a06_6	又前標宗釋有漏識。	03a	又 前 標 宗 釋 有 漏 識  
ZH_T43_1833_03a:0867a06_11	非無漏故。	03a	非 無 漏 故  
ZH_T43_1833_03a:0867a07_6	又無漏位三分皆能緣餘三分。	03a	又 無 漏 位 三 分 皆 能 緣 餘 三 分  
ZH_T43_1833_03a:0867a07_15	如何內外互相繫屬。	03a	如 何 內 外 互 相 繫 屬  
ZH_T43_1833_03a:0867a08_1	疏。	03a	疏  
ZH_T43_1833_03a:0867a08_12	雖緣真如至亦不得緣者。	03a	雖 緣 真 如 至 亦 不 得 緣 者  
ZH_T43_1833_03a:0867a09_2	雖有處言見分緣如。	03a	雖 有 處 言 見 分 緣 如  
ZH_T43_1833_03a:0867a09_7	見既用外。	03a	見 既 用 外  
ZH_T43_1833_03a:0867a09_15	實不得緣　詳曰。	03a	實 不 得 緣  詳 曰  
ZH_T43_1833_03a:0867a10_5	且依見分不緣如義。	03a	且 依 見 分 不 緣 如 義  
ZH_T43_1833_03a:0867a10_14	為順此中見名外故。	03a	為 順 此 中 見 名 外 故  
ZH_T43_1833_03a:0867a11_2	非盡理矣。	03a	非 盡 理 矣  
ZH_T43_1833_03a:0867a12_1	疏。	03a	疏  
ZH_T43_1833_03a:0867a12_11	若爾內心應非外果者。	03a	若 爾 內 心 應 非 外 果 者  
ZH_T43_1833_03a:0867a12_16	此難意云。	03a	此 難 意 云  
ZH_T43_1833_03a:0867a13_2	內外有差別。	03a	內 外 有 差 別  
ZH_T43_1833_03a:0867a13_8	外非內法果。	03a	外 非 內 法 果  
ZH_T43_1833_03a:0867a13_14	外內義不同。	03a	外 內 義 不 同  
ZH_T43_1833_03a:0867a15_3	內亦非外果　答指同前量．非量義思可知之　今又答云。	03a	內 亦 非 外 果  答 指 同 前 量  非 量 義 思 可 知 之  今 又 答 云  
ZH_T43_1833_03a:0867a15_11	一見通緣內外妨。	03a	一 見 通 緣 內 外 妨  
ZH_T43_1833_03a:0867a16_1	故外不為內法果。	03a	故 外 不 為 內 法 果  
ZH_T43_1833_03a:0867a16_9	自證分緣兩過無。	03a	自 證 分 緣 兩 過 無  
ZH_T43_1833_03a:0867a16_17	所以內得為外果。	03a	所 以 內 得 為 外 果  
ZH_T43_1833_03a:0867a17_1	疏。	03a	疏  
ZH_T43_1833_03a:0867a17_12	心若自緣至無差別過者。	03a	心 若 自 緣 至 無 差 別 過 者  
ZH_T43_1833_03a:0867a18_2	即自證分而緣見等。	03a	即 自 證 分 而 緣 見 等  
ZH_T43_1833_03a:0867a18_7	據此為難。	03a	據 此 為 難  
ZH_T43_1833_03a:0867a19_5	能所作等並皆心故故無差別　有云。	03a	能 所 作 等 並 皆 心 故 故 無 差 別  有 云  
ZH_T43_1833_03a:0867a19_14	約唯識難不約四分。	03a	約 唯 識 難 不 約 四 分  
ZH_T43_1833_03a:0867a20_12	既唯是識何因果等差別有耶　詳曰。	03a	既 唯 是 識 何 因 果 等 差 別 有 耶  詳 曰  
ZH_T43_1833_03a:0867a20_15	不爾。	03a	不 爾  
ZH_T43_1833_03a:0867a21_5	本緣四分而此難生。	03a	本 緣 四 分 而 此 難 生  
ZH_T43_1833_03a:0867a21_14	下疏結云依見分說。	03a	下 疏 結 云 依 見 分 說  
ZH_T43_1833_03a:0867a22_5	故知不是依唯識難。	03a	故 知 不 是 依 唯 識 難  
ZH_T43_1833_03a:0867a23_1	論。	03a	論  
ZH_T43_1833_03a:0867a23_7	即外大種者。	03a	即 外 大 種 者  
ZH_T43_1833_03a:0867a23_18	有義所言外者簡異於內。	03a	有 義 所 言 外 者 簡 異 於 內  
ZH_T43_1833_03a:0867a24_15	內外義殊有其五釋　一云所執名外。	03a	內 外 義 殊 有 其 五 釋  一 云 所 執 名 外  
ZH_T43_1833_03a:0867a25_2	謂心外故。	03a	謂 心 外 故  
ZH_T43_1833_03a:0867a25_7	餘名為內。	03a	餘 名 為 內  
ZH_T43_1833_03a:0867a26_1	不離識故　二云本質名外。	03a	不 離 識 故  二 云 本 質 名 外  
ZH_T43_1833_03a:0867a26_6	亦心外故。	03a	亦 心 外 故  
ZH_T43_1833_03a:0867a26_11	影像名內。	03a	影 像 名 內  
ZH_T43_1833_03a:0867a27_16	自心內故　三云諸法義理差別名內諸法體事自性名外。	03a	自 心 內 故  三 云 諸 法 義 理 差 別 名 內 諸 法 體 事 自 性 名 外  
ZH_T43_1833_03a:0867a28_7	故迷理者說依內門。	03a	故 迷 理 者 說 依 內 門  
ZH_T43_1833_03a:0867a29_11	發身．語等說名依外　四云在自相續名之為內。	03a	發 身  語 等 說 名 依 外  四 云 在 自 相 續 名 之 為 內  
ZH_T43_1833_03a:0867b01_3	他身．非情說名外也。	03a	他 身  非 情 說 名 外 也  
ZH_T43_1833_03a:0867b02_9	以彼皆是自身外故　五云十二處中心等所依六根名內。	03a	以 彼 皆 是 自 身 外 故  五 云 十 二 處 中 心 等 所 依 六 根 名 內  
ZH_T43_1833_03a:0867b02_14	以親近故。	03a	以 親 近 故  
ZH_T43_1833_03a:0867b03_5	心等所緣六境名外。	03a	心 等 所 緣 六 境 名 外  
ZH_T43_1833_03a:0867b03_10	由疎遠故。	03a	由 疎 遠 故  
ZH_T43_1833_03a:0867b04_1	今論言外依第四門。	03a	今 論 言 外 依 第 四 門  
ZH_T43_1833_03a:0867b04_14	然疏說云雖非識外外處名外。	03a	然 疏 說 云 雖 非 識 外 外 處 名 外  
ZH_T43_1833_03a:0867b05_1	此解不然。	03a	此 解 不 然  
ZH_T43_1833_03a:0867b05_14	根及根依下論自說俱名內故。	03a	根 及 根 依 下 論 自 說 俱 名 內 故  
ZH_T43_1833_03a:0867b06_5	若約處門根可名內。	03a	若 約 處 門 根 可 名 內  
ZH_T43_1833_03a:0867b06_17	扶根依處應名外故　詳曰。	03a	扶 根 依 處 應 名 外 故  詳 曰  
ZH_T43_1833_03a:0867b07_4	自斷有監。	03a	自 斷 有 監  
ZH_T43_1833_03a:0867b07_9	疏解無違。	03a	疏 解 無 違  
ZH_T43_1833_03a:0867b08_4	但言器色由外處故而得外名。	03a	但 言 器 色 由 外 處 故 而 得 外 名  
ZH_T43_1833_03a:0867b08_13	誰言攝彼扶塵色耶。	03a	誰 言 攝 彼 扶 塵 色 耶  
ZH_T43_1833_03a:0867b09_4	此即想聲別處轉故。	03a	此 即 想 聲 別 處 轉 故  
ZH_T43_1833_03a:0867b09_17	斷依第四他身豈得同外器耶。	03a	斷 依 第 四 他 身 豈 得 同 外 器 耶  
ZH_T43_1833_03a:0867b10_8	論意唯明外器色故。	03a	論 意 唯 明 外 器 色 故  
ZH_T43_1833_03a:0867b11_4	若言但取第四一分何棄第五。	03a	若 言 但 取 第 四 一 分 何 棄 第 五  
ZH_T43_1833_03a:0867b11_13	不簡第四故自斷非。	03a	不 簡 第 四 故 自 斷 非  
ZH_T43_1833_03a:0867b12_1	疏。	03a	疏  
ZH_T43_1833_03a:0867b12_12	瑜伽六十六有共中二者。	03a	瑜 伽 六 十 六 有 共 中 二 者  
ZH_T43_1833_03a:0867b12_17	按彼論云。	03a	按 彼 論 云  
ZH_T43_1833_03a:0867b13_13	由善．不善．無記作意引發先業。	03a	由 善  不 善  無 記 作 意 引 發 先 業  
ZH_T43_1833_03a:0867b14_3	能牽諸行令住不絕。	03a	能 牽 諸 行 令 住 不 絕  
ZH_T43_1833_03a:0867b14_16	所謂外分共不共業之所生起。	03a	所 謂 外 分 共 不 共 業 之 所 生 起  
ZH_T43_1833_03a:0867b15_1	釋。	03a	釋  
ZH_T43_1833_03a:0867b15_14	明有情住由此三業能感器界。	03a	明 有 情 住 由 此 三 業 能 感 器 界  
ZH_T43_1833_03a:0867b16_5	器界為依有情得住。	03a	器 界 為 依 有 情 得 住  
ZH_T43_1833_03a:0867b17_1	疏。	03a	疏  
ZH_T43_1833_03a:0867b17_12	共中不共如己田宅等者。	03a	共 中 不 共 如 己 田 宅 等 者  
ZH_T43_1833_03a:0867b17_19	有義但初句收。	03a	有 義 但 初 句 收  
ZH_T43_1833_03a:0867b18_4	多自受用。	03a	多 自 受 用  
ZH_T43_1833_03a:0867b18_13	然亦有他受用義故。	03a	然 亦 有 他 受 用 義 故  
ZH_T43_1833_03a:0867b19_4	又如扶塵唯在自身。	03a	又 如 扶 塵 唯 在 自 身  
ZH_T43_1833_03a:0867b19_17	由有少分為他用義尚名為共。	03a	由 有 少 分 為 他 用 義 尚 名 為 共  
ZH_T43_1833_03a:0867b20_11	如何田等翻名不共　詳曰。	03a	如 何 田 等 翻 名 不 共  詳 曰  
ZH_T43_1833_03a:0867b20_14	不可。	03a	不 可  
ZH_T43_1833_03a:0867b21_4	若爾扶塵應亦初句。	03a	若 爾 扶 塵 應 亦 初 句  
ZH_T43_1833_03a:0867b21_13	有他用義如田宅等。	03a	有 他 用 義 如 田 宅 等  
ZH_T43_1833_03a:0867b22_4	若言屬自非初句者。	03a	若 言 屬 自 非 初 句 者  
ZH_T43_1833_03a:0867b23_8	宅等應然亦屬自故若言扶塵屬自內身不相例者。	03a	宅 等 應 然 亦 屬 自 故 若 言 扶 塵 屬 自 內 身 不 相 例 者  
ZH_T43_1833_03a:0867b24_4	祇由此義扶塵名為不共中共。	03a	祇 由 此 義 扶 塵 名 為 不 共 中 共  
ZH_T43_1833_03a:0867b24_13	宅等名為共中不共。	03a	宅 等 名 為 共 中 不 共  
ZH_T43_1833_03a:0867b24_19	外．內異故。	03a	外  內 異 故  
ZH_T43_1833_03a:0867b25_4	復不屬他。	03a	復 不 屬 他  
ZH_T43_1833_03a:0867b26_6	故非初攝　問佛．菩薩等所變淨土不離穢處。	03a	故 非 初 攝  問 佛  菩 薩 等 所 變 淨 土 不 離 穢 處  
ZH_T43_1833_03a:0867b27_3	淨穢相望應第二句　傳有二釋。	03a	淨 穢 相 望 應 第 二 句  傳 有 二 釋  
ZH_T43_1833_03a:0867b27_14	一云有漏不淨由同處故。	03a	一 云 有 漏 不 淨 由 同 處 故  
ZH_T43_1833_03a:0867b28_9	業復少同受用有別名第二句。	03a	業 復 少 同 受 用 有 別 名 第 二 句  
ZH_T43_1833_03a:0867b28_14	佛唯無漏。	03a	佛 唯 無 漏  
ZH_T43_1833_03a:0867b29_1	菩薩極淨。	03a	菩 薩 極 淨  
ZH_T43_1833_03a:0867b29_6	雖穢同處。	03a	雖 穢 同 處  
ZH_T43_1833_03a:0867c01_10	淨．不淨業有差別故非第二句　二云淨穢其處既同。	03a	淨  不 淨 業 有 差 別 故 非 第 二 句  二 云 淨 穢 其 處 既 同  
ZH_T43_1833_03a:0867c02_4	即是第二共中不共　詳曰。	03a	即 是 第 二 共 中 不 共  詳 曰  
ZH_T43_1833_03a:0867c02_9	初釋善也。	03a	初 釋 善 也  
ZH_T43_1833_03a:0867c02_18	且同地器有情共變。	03a	且 同 地 器 有 情 共 變  
ZH_T43_1833_03a:0867c03_11	由有別業於此復分宅等諸境。	03a	由 有 別 業 於 此 復 分 宅 等 諸 境  
ZH_T43_1833_03a:0867c04_3	異生．佛等即不如之。	03a	異 生  佛 等 即 不 如 之  
ZH_T43_1833_03a:0867c04_12	何得相望屬第二句。	03a	何 得 相 望 屬 第 二 句  
ZH_T43_1833_03a:0867c05_1	疏。	03a	疏  
ZH_T43_1833_03a:0867c05_11	緣長等時並緣青等者。	03a	緣 長 等 時 並 緣 青 等 者  
ZH_T43_1833_03a:0867c06_3	有義緣長等者以之為正。	03a	有 義 緣 長 等 者 以 之 為 正  
ZH_T43_1833_03a:0867c07_4	佛地論說十八圓淨所現淨土具顯．形色。	03a	佛 地 論 說 十 八 圓 淨 所 現 淨 土 具 顯  形 色  
ZH_T43_1833_03a:0867c08_3	准知穢土隨識所變廣狹分量有形色也。	03a	准 知 穢 土 隨 識 所 變 廣 狹 分 量 有 形 色 也  
ZH_T43_1833_03a:0867c09_3	前論亦云隨量大小頓現一相　詳曰。	03a	前 論 亦 云 隨 量 大 小 頓 現 一 相  詳 曰  
ZH_T43_1833_03a:0867c09_12	言緣長等為據別緣。	03a	言 緣 長 等 為 據 別 緣  
ZH_T43_1833_03a:0867c10_3	為約長等不離青等。	03a	為 約 長 等 不 離 青 等  
ZH_T43_1833_03a:0867c10_12	緣青等時義言緣之。	03a	緣 青 等 時 義 言 緣 之  
ZH_T43_1833_03a:0867c11_4	若義言緣疏已明訖。	03a	若 義 言 緣 疏 已 明 訖  
ZH_T43_1833_03a:0867c11_17	若別緣者如何第八因緣變耶。	03a	若 別 緣 者 如 何 第 八 因 緣 變 耶  
ZH_T43_1833_03a:0867c12_11	亦不可以佛地為證淨穢異故。	03a	亦 不 可 以 佛 地 為 證 淨 穢 異 故  
ZH_T43_1833_03a:0867c13_1	論。	03a	論  
ZH_T43_1833_03a:0867c13_11	雖諸有情至遍似一者。	03a	雖 諸 有 情 至 遍 似 一 者  
ZH_T43_1833_03a:0867c14_2	問且如一樹有情共變。	03a	問 且 如 一 樹 有 情 共 變  
ZH_T43_1833_03a:0867c14_15	而一有情伐用之時為用自變。	03a	而 一 有 情 伐 用 之 時 為 用 自 變  
ZH_T43_1833_03a:0867c15_2	為兼用他。	03a	為 兼 用 他  
ZH_T43_1833_03a:0867c15_15	若唯自者餘人變者應存不已。	03a	若 唯 自 者 餘 人 變 者 應 存 不 已  
ZH_T43_1833_03a:0867c16_2	樹何不見。	03a	樹 何 不 見  
ZH_T43_1833_03a:0867c17_4	若亦用他何名唯識　答樹等既是共相種生。	03a	若 亦 用 他 何 名 唯 識  答 樹 等 既 是 共 相 種 生  
ZH_T43_1833_03a:0867c17_13	皆相隨順互有增益。	03a	皆 相 隨 順 互 有 增 益  
ZH_T43_1833_03a:0867c18_7	彼一有情自所變者所緣親用。	03a	彼 一 有 情 自 所 變 者 所 緣 親 用  
ZH_T43_1833_03a:0867c19_7	他所變者與自所變為增上緣亦疎緣用。	03a	他 所 變 者 與 自 所 變 為 增 上 緣 亦 疎 緣 用  
ZH_T43_1833_03a:0867c19_16	一切相望自為所順。	03a	一 切 相 望 自 為 所 順  
ZH_T43_1833_03a:0867c20_3	他為能順。	03a	他 為 能 順  
ZH_T43_1833_03a:0867c20_12	由所順無能順亦滅。	03a	由 所 順 無 能 順 亦 滅  
ZH_T43_1833_03a:0867c22_10	由斯樹喪唯識亦成　問何以得知互相增益　答對法第七說有共業為增上緣。	03a	由 斯 樹 喪 唯 識 亦 成  問 何 以 得 知 互 相 增 益  答 對 法 第 七 說 有 共 業 為 增 上 緣  
ZH_T43_1833_03a:0867c23_7	如次下引　若爾燈明喻義不成。	03a	如 次 下 引  若 爾 燈 明 喻 義 不 成  
ZH_T43_1833_03a:0867c23_16	一燈光滅餘光猶在。	03a	一 燈 光 滅 餘 光 猶 在  
ZH_T43_1833_03a:0867c25_1	法不相似何得為喻　答喻取少分故不相違。	03a	法 不 相 似 何 得 為 喻  答 喻 取 少 分 故 不 相 違  
ZH_T43_1833_03a:0867c26_1	疏。	03a	疏  
ZH_T43_1833_03a:0867c26_11	五十四諸有對法等者。	03a	五 十 四 諸 有 對 法 等 者  
ZH_T43_1833_03a:0867c27_1	疏引文略今更具云。	03a	疏 引 文 略 今 更 具 云  
ZH_T43_1833_03a:0867c27_18	何因緣故諸有對法同處一處不相捨離。	03a	何 因 緣 故 諸 有 對 法 同 處 一 處 不相捨離  
ZH_T43_1833_03a:0867c28_8	而不說名無對性耶。	03a	而 不 說 名 無 對 性 耶  
ZH_T43_1833_03a:0867c28_14	答隨順轉故。	03a	答 隨 順 轉 故  
ZH_T43_1833_03a:0867c29_9	由彼展轉相隨順生不相妨礙。	03a	由 彼 展 轉 相 隨 順 生 不 相 妨 礙  
ZH_T43_1833_03a:0868a01_9	又由如是種類三業增上所感如是而生。	03a	又 由 如 是 種 類 三 業 增 上 所 感 如 是 而 生  
ZH_T43_1833_03a:0868a01_13	何以故。	03a	何 以 故  
ZH_T43_1833_03a:0868a02_10	一切色聚一切色根共受用故　釋曰。	03a	一 切 色 聚 一 切 色 根 共 受 用 故  釋 曰  
ZH_T43_1833_03a:0868a02_15	而難意云。	03a	而 難 意 云  
ZH_T43_1833_03a:0868a03_13	如一色聚餘香等微亦同其處應名無對。	03a	如 一 色 聚 餘 香 等 微 亦 同 其 處 應 名 無 對  
ZH_T43_1833_03a:0868a03_18	其答意云。	03a	其 答 意 云  
ZH_T43_1833_03a:0868a04_9	色等之中有違．不違。	03a	色 等 之 中 有 違  不 違  
ZH_T43_1833_03a:0868a04_14	違者別居。	03a	違 者 別 居  
ZH_T43_1833_03a:0868a04_19	順者同處。	03a	順 者 同 處  
ZH_T43_1833_03a:0868a05_4	又業力致。	03a	又 業 力 致  
ZH_T43_1833_03a:0868a05_13	何以得知一處有多。	03a	何 以 得 知 一 處 有 多  
ZH_T43_1833_03a:0868a06_4	如一色聚眼見是色。	03a	如 一 色 聚 眼 見 是 色  
ZH_T43_1833_03a:0868a06_9	鼻嗅有香。	03a	鼻 嗅 有 香  
ZH_T43_1833_03a:0868a06_14	舌甞即味。	03a	舌 甞 即 味  
ZH_T43_1833_03a:0868a06_19	身覺有觸。	03a	身 覺 有 觸  
ZH_T43_1833_03a:0868a07_8	故言色根共受用也。	03a	故 言 色 根 共 受 用 也  
ZH_T43_1833_03a:0868a08_1	疏。	03a	疏  
ZH_T43_1833_03a:0868a08_12	又成器時他方三禪等者。	03a	又 成 器 時 他 方 三 禪 等 者  
ZH_T43_1833_03a:0868a09_2	以第四禪不壞不成。	03a	以 第 四 禪 不 壞 不 成  
ZH_T43_1833_03a:0868a09_11	故但舉彼成壞同處。	03a	故 但 舉 彼 成 壞 同 處  
ZH_T43_1833_03a:0868a10_1	論。	03a	論  
ZH_T43_1833_03a:0868a10_12	由是設生他方自界等者。	03a	由 是 設 生 他 方 自 界 等 者  
ZH_T43_1833_03a:0868a10_19	問器．種俱境。	03a	問 器  種 俱 境  
ZH_T43_1833_03a:0868a11_13	緣何不同　答器為依持但變同地。	03a	緣 何 不 同  答 器 為 依 持 但 變 同 地  
ZH_T43_1833_03a:0868a13_5	種即不爾為境通緣　又三界種隨能變識所在之界故得緣之。	03a	種 即 不 爾 為 境 通 緣  又 三 界 種 隨 能 變 識 所 在 之 界 故 得 緣 之  
ZH_T43_1833_03a:0868a13_14	器乃不然何得相例。	03a	器 乃 不 然 何 得 相 例  
ZH_T43_1833_03a:0868a14_1	疏。	03a	疏  
ZH_T43_1833_03a:0868a14_7	如大梵變者。	03a	如 大 梵 變 者  
ZH_T43_1833_03a:0868a14_16	即維摩經梵天王云。	03a	即 維 摩 經 梵 天 王 云  
ZH_T43_1833_03a:0868a15_5	我見此界如自在宮。	03a	我 見 此 界 如 自 在 宮  
ZH_T43_1833_03a:0868a15_10	即其事也。	03a	即 其 事 也  
ZH_T43_1833_03a:0868a16_1	又上界天而來此界。	03a	又 上 界 天 而 來 此 界  
ZH_T43_1833_03a:0868a16_10	必變淨器為自依處。	03a	必 變 淨 器 為 自 依 處  
ZH_T43_1833_03a:0868a17_1	以此麁界不持彼故。	03a	以 此 麁 界 不 持 彼 故  
ZH_T43_1833_03a:0868a18_1	疏。	03a	疏  
ZH_T43_1833_03a:0868a18_12	對法第五至業種隨故者。	03a	對 法 第 五 至 業 種 隨 故 者  
ZH_T43_1833_03a:0868a19_3	按彼第五而無文說。	03a	按 彼 第 五 而 無 文 說  
ZH_T43_1833_03a:0868a19_12	彼第七中明五共業。	03a	彼 第 七 中 明 五 共 業  
ZH_T43_1833_03a:0868a20_7	故云如經言有共業云何共業。	03a	故 云 如 經 言 有 共 業 云 何 共 業  
ZH_T43_1833_03a:0868a21_3	若業能令諸器世間種種差別。	03a	若 業 能 令 諸 器 世 間 種種差別  
ZH_T43_1833_03a:0868a21_16	或復有業令諸有情展轉增上。	03a	或 復 有 業 令 諸 有 情 展 轉 增 上  
ZH_T43_1833_03a:0868a22_14	由此業力說諸有情更互相望為增上緣。	03a	由 此 業 力 說 諸 有 情 更 互 相 望 為 增 上 緣  
ZH_T43_1833_03a:0868a23_10	以彼互有增上力故亦名共業。	03a	以 彼 互 有 增上力故 亦 名 共 業  
ZH_T43_1833_03a:0868a24_2	恐疏寫誤以七為五。	03a	恐 疏 寫 誤 以 七 為 五  
ZH_T43_1833_03a:0868a24_11	意引對法亦同此論。	03a	意 引 對 法 亦 同 此 論  
ZH_T43_1833_03a:0868a25_4	而有經證共業之事更思。	03a	而 有 經 證 共 業 之 事 更 思  
ZH_T43_1833_03a:0868a26_1	疏。	03a	疏  
ZH_T43_1833_03a:0868a26_9	此顯生無色等者。	03a	此 顯 生 無 色 等 者  
ZH_T43_1833_03a:0868a27_12	疏釋彼意由據業種云令器界種種差別名為共業。	03a	疏 釋 彼 意 由 據 業 種 云 令 器 界 種種差別 名 為 共 業  
ZH_T43_1833_03a:0868a28_12	不約一切起於現行變諸器界方名共業。	03a	不 約 一 切 起 於 現 行 變 諸 器 界 方 名 共 業  
ZH_T43_1833_03a:0868a29_1	疏。	03a	疏  
ZH_T43_1833_03a:0868a29_11	不爾便無四分之義者。	03a	不 爾 便 無 四 分 之 義 者  
ZH_T43_1833_03a:0868b01_5	不變影者見既親證第三分已。	03a	不 變 影 者 見 既 親 證 第 三 分 已  
ZH_T43_1833_03a:0868b01_15	何須第四為證量果乎。	03a	何 須 第 四 為 證 量 果 乎  
ZH_T43_1833_03a:0868b02_2	故無四分。	03a	故 無 四 分  
ZH_T43_1833_03a:0868b03_1	疏。	03a	疏  
ZH_T43_1833_03a:0868b03_14	此中三性種至隨識非煩惱者。	03a	此 中 三 性 種 至 隨 識 非 煩 惱 者  
ZH_T43_1833_03a:0868b04_3	有說三性雖有異。	03a	有 說 三 性 雖 有 異  
ZH_T43_1833_03a:0868b04_9	隨依說無記。	03a	隨 依 說 無 記  
ZH_T43_1833_03a:0868b04_17	煩惱即同不善等。	03a	煩 惱 即 同 不 善 等  
ZH_T43_1833_03a:0868b05_7	故不名煩惱　詳曰。	03a	故 不 名 煩 惱  詳 曰  
ZH_T43_1833_03a:0868b05_13	性由體類義。	03a	性 由 體 類 義  
ZH_T43_1833_03a:0868b06_1	隨依可無記。	03a	隨 依 可 無 記  
ZH_T43_1833_03a:0868b07_1	煩惱別義增故種名煩惱　問煩惱非染污。	03a	煩 惱 別 義 增 故 種 名 煩 惱  問 煩 惱 非 染 污  
ZH_T43_1833_03a:0868b07_7	可不隨依稱。	03a	可 不 隨 依 稱  
ZH_T43_1833_03a:0868b07_13	既在二性收。	03a	既 在 二 性 收  
ZH_T43_1833_03a:0868b08_1	隨性非煩惱。	03a	隨 性 非 煩 惱  
ZH_T43_1833_03a:0868b09_6	答界種性雖同。	03a	答 界 種 性 雖 同  
ZH_T43_1833_03a:0868b09_12	據別異依繫。	03a	據 別 異 依 繫  
ZH_T43_1833_03a:0868b09_18	或種類猶然。	03a	或 種 類 猶 然  
ZH_T43_1833_03a:0868b10_5	故不從依稱。	03a	故 不 從 依 稱  
ZH_T43_1833_03a:0868b10_14	二釋之中任情取捨。	03a	二 釋 之 中 任 情 取 捨  
ZH_T43_1833_03a:0868b11_1	疏。	03a	疏  
ZH_T43_1833_03a:0868b11_12	即天眼耳至應非有情者。	03a	即 天 眼 耳 至 應 非 有 情 者  
ZH_T43_1833_03a:0868b12_12	由若不許緣異界境天眼．耳根與八繫別。	03a	由 若 不 許 緣 異 界 境 天 眼  耳 根 與 八 繫 別  
ZH_T43_1833_03a:0868b13_3	第八不持故應爛壞。	03a	第 八 不 持 故 應 爛 壞  
ZH_T43_1833_03a:0868b13_10	若爾何名有情。	03a	若 爾 何 名 有 情  
ZH_T43_1833_03a:0868b14_1	疏。	03a	疏  
ZH_T43_1833_03a:0868b14_11	即眾生有增減過等者。	03a	即 眾 生 有 增 減 過 等 者  
ZH_T43_1833_03a:0868b15_1	天眼．耳根即有情數。	03a	天 眼  耳 根 即 有 情 數  
ZH_T43_1833_03a:0868b15_14	一身別起而不屬此故名為增。	03a	一 身 別 起 而 不 屬 此 故 名 為 增  
ZH_T43_1833_03a:0868b16_15	又若爛壞復名為減　問實義許持何非增過。	03a	又 若 爛 壞 復 名 為 減  問 實 義 許 持 何 非 增 過  
ZH_T43_1833_03a:0868b17_16	繫不同故　答雖繫不同不離此界能持之識。	03a	繫 不 同 故  答 雖 繫 不 同 不 離 此 界 能 持 之 識  
ZH_T43_1833_03a:0868b18_8	有所依屬故不名情。	03a	有 所 依 屬 故 不 名 情  
ZH_T43_1833_03a:0868b19_1	疏。	03a	疏  
ZH_T43_1833_03a:0868b19_8	難第一師等者。	03a	難 第 一 師 等 者  
ZH_T43_1833_03a:0868b19_17	下根身中初師是也。	03a	下 根 身 中 初 師 是 也  
ZH_T43_1833_03a:0868b20_6	疏乘其便預難其義。	03a	疏 乘 其 便 預 難 其 義  
ZH_T43_1833_03a:0868b21_1	疏。	03a	疏  
ZH_T43_1833_03a:0868b21_8	生盲等亦爾者。	03a	生 盲 等 亦 爾 者  
ZH_T43_1833_03a:0868b21_17	不枮陷者而根猶在。	03a	不 枮 陷 者 而 根 猶 在  
ZH_T43_1833_03a:0868b22_7	但外物翳致不能見。	03a	但 外 物 翳 致 不 能 見  
ZH_T43_1833_03a:0868b22_12	枮者不爾。	03a	枮 者 不 爾  
ZH_T43_1833_03a:0868b23_1	疏。	03a	疏  
ZH_T43_1833_03a:0868b23_9	舊本第四頌等者。	03a	舊 本 第 四 頌 等 者  
ZH_T43_1833_03a:0868b24_4	問舊新二頌境．識前後雖復不同。	03a	問 舊 新 二 頌 境  識 前 後 雖 復 不 同  
ZH_T43_1833_03a:0868b24_9	大意相似。	03a	大 意 相 似  
ZH_T43_1833_03a:0868b25_1	何乃偏責　答舊云本識。	03a	何 乃 偏 責  答 舊 云 本 識  
ZH_T43_1833_03a:0868b25_6	本識局一。	03a	本 識 局 一  
ZH_T43_1833_03a:0868b25_15	言似於彼故成其失。	03a	言 似 於 彼 故 成 其 失  
ZH_T43_1833_03a:0868b26_1	新言識生。	03a	新 言 識 生  
ZH_T43_1833_03a:0868b26_6	識通八識。	03a	識 通 八 識  
ZH_T43_1833_03a:0868b27_2	隨緣我等故無過矣　新論釋云。	03a	隨 緣 我 等 故 無 過 矣  新 論 釋 云  
ZH_T43_1833_03a:0868b27_15	變似義者謂似色等諸境性現。	03a	變 似 義 者 謂 似 色 等 諸 境 性 現  
ZH_T43_1833_03a:0868b28_2	變似情者。	03a	變 似 情 者  
ZH_T43_1833_03a:0868b28_12	謂似自他身五根性現。	03a	謂 似 自 他 身 五 根 性 現  
ZH_T43_1833_03a:0868b28_17	變似我者。	03a	變 似 我 者  
ZH_T43_1833_03a:0868b29_11	謂染末那與我癡等恒相應故。	03a	謂 染 末 那 與 我 癡 等 恒 相 應 故  
ZH_T43_1833_03a:0868b29_16	變似了者。	03a	變 似 了 者  
ZH_T43_1833_03a:0868c01_3	謂餘六識。	03a	謂 餘 六 識  
ZH_T43_1833_03a:0868c01_8	了相麁故。	03a	了 相 麁 故  
ZH_T43_1833_03a:0868c02_1	論。	03a	論  
ZH_T43_1833_03a:0868c02_8	故生他地等者。	03a	故 生 他 地 等 者  
ZH_T43_1833_03a:0868c04_3	問此證何義　答有二釋　一云證自變他扶塵　二云證自不變他根。	03a	問 此 證 何 義  答 有 二 釋  一 云 證 自 變 他 扶 塵  二 云 證 自 不 變 他 根  
ZH_T43_1833_03a:0868c04_12	扶塵共許不待言故。	03a	扶 塵 共 許 不 待 言 故  
ZH_T43_1833_03a:0868c04_17	而證意云。	03a	而 證 意 云  
ZH_T43_1833_03a:0868c05_7	若自能變他依及根。	03a	若 自 能 變 他 依 及 根  
ZH_T43_1833_03a:0868c05_16	彼往他等根依合在。	03a	彼 往 他 等 根 依 合 在  
ZH_T43_1833_03a:0868c06_3	俱所變故。	03a	俱 所 變 故  
ZH_T43_1833_03a:0868c06_12	既唯依在而根滅無。	03a	既 唯 依 在 而 根 滅 無  
ZH_T43_1833_03a:0868c07_15	返證餘時俱變依處　若爾何唯舉生他地及涅槃耶。	03a	返 證 餘 時 俱 變 依 處  若 爾 何 唯 舉 生 他 地 及 涅 槃 耶  
ZH_T43_1833_03a:0868c08_13	豈餘死等猶有根乎　答理俱無根。	03a	豈 餘 死 等 猶 有 根 乎  答 理 俱 無 根  
ZH_T43_1833_03a:0868c08_18	且就顯說。	03a	且 就 顯 說  
ZH_T43_1833_03a:0868c09_12	若生自地恐他救言以自識變。	03a	若 生 自 地 恐 他 救 言 以 自 識 變  
ZH_T43_1833_03a:0868c10_6	前釋為正　問依處他反。	03a	前 釋 為 正  問 依 處 他 反  
ZH_T43_1833_03a:0868c10_15	自之引因義應不立。	03a	自 之 引 因 義 應 不 立  
ZH_T43_1833_03a:0868c11_5	亦能變者迨劫末有。	03a	亦 能 變 者 迨 劫 末 有  
ZH_T43_1833_03a:0868c12_7	所變之骸應同能反　答如言唯識許境親疎。	03a	所 變 之 骸 應 同 能 反  答 如 言 唯 識 許 境 親 疎  
ZH_T43_1833_03a:0868c12_16	遺骸待變自他何失。	03a	遺 骸 待 變 自 他 何 失  
ZH_T43_1833_03a:0868c13_7	有為勢分修短不同。	03a	有 為 勢 分 修 短 不 同  
ZH_T43_1833_03a:0868c13_16	不同能變有謝無咎。	03a	不 同 能 變 有 謝 無 咎  
ZH_T43_1833_03a:0868c14_1	疏。	03a	疏  
ZH_T43_1833_03a:0868c15_12	借識力者問與定通力二有何別　答身在於上不起於下定通等也。	03a	借 識 力 者 問 與 定 通 力 二 有 何 別  答 身 在 於 上 不 起 於 下 定 通 等 也  
ZH_T43_1833_03a:0868c17_6	所以如疏起下散識故有別也　問起下散識豈不依上定通引耶。	03a	所 以 如 疏 起 下 散 識 故 有 別 也  問 起 下 散 識 豈 不 依 上 定 通 引 耶  
ZH_T43_1833_03a:0868c17_15	若許爾者即定通攝。	03a	若 許 爾 者 即 定 通 攝  
ZH_T43_1833_03a:0868c19_17	何乃別開　答不爾所以別開　問設上定通為緣引者豈不得耶　答縱定通引然是他地。	03a	何 乃 別 開  答 不 爾 所 以 別 開  問 設 上 定 通 為 緣 引 者 豈 不 得 耶  答 縱 定 通 引 然 是 他 地  
ZH_T43_1833_03a:0868c20_6	由此別開更思。	03a	由 此 別 開 更 思  
ZH_T43_1833_03a:0868c21_1	疏。	03a	疏  
ZH_T43_1833_03a:0868c21_12	身在下地上天眼耳等者。	03a	身 在 下 地 上 天 眼 耳 等 者  
ZH_T43_1833_03a:0868c22_8	問天眼．耳根既與異熟眼．耳同處。	03a	問 天 眼  耳 根 既 與 異 熟 眼  耳 同 處  
ZH_T43_1833_03a:0868c22_13	同取境不。	03a	同 取 境 不  
ZH_T43_1833_03a:0868c23_7	若同取者云何異熟而能遠取。	03a	若 同 取 者 云 何 異 熟 而 能 遠 取  
ZH_T43_1833_03a:0868c23_17	又如何能發眼．耳通。	03a	又 如 何 能 發 眼  耳 通  
ZH_T43_1833_03a:0868c24_6	若不發者如何同取。	03a	若 不 發 者 如 何 同 取  
ZH_T43_1833_03a:0868c24_15	若不同取二根同處。	03a	若 不 同 取 二 根 同 處  
ZH_T43_1833_03a:0868c25_12	云何得有取．不取耶　答為二釋。	03a	云何得有 取  不 取 耶  答 為 二 釋  
ZH_T43_1833_03a:0868c25_17	一云同取。	03a	一 云 同 取  
ZH_T43_1833_03a:0868c26_7	通力引生遠取何失。	03a	通 力 引 生 遠 取 何 失  
ZH_T43_1833_03a:0868c27_2	如欲界根有長養等既同發識。	03a	如 欲 界 根 有 長 養 等 既 同 發 識  
ZH_T43_1833_03a:0868c27_12	此亦應爾　二不同取。	03a	此 亦 應 爾  二 不 同 取  
ZH_T43_1833_03a:0868c28_3	言定等力據識緣境。	03a	言 定 等 力 據 識 緣 境  
ZH_T43_1833_03a:0868c28_12	又若異熟能發彼通。	03a	又 若 異 熟 能 發 彼 通  
ZH_T43_1833_03a:0868c29_4	何須起彼天眼．耳根。	03a	何 須 起 彼 天 眼  耳 根  
ZH_T43_1833_03a:0868c29_13	亦同一處業力不同。	03a	亦 同 一 處 業 力 不 同  
ZH_T43_1833_03a:0868c29_18	見等各別。	03a	見 等 各 別  
ZH_T43_1833_03a:0869a01_6	同處別發亦復何失。	03a	同 處 別 發 亦 復 何 失  
ZH_T43_1833_03a:0869a01_11	按智度論。	03a	按 智 度 論  
ZH_T43_1833_03a:0869a02_1	修得天眼在肉眼上。	03a	修 得 天 眼 在 肉 眼 上  
ZH_T43_1833_03a:0869a02_10	導彼肉眼亦能遠見。	03a	導 彼 肉 眼 亦 能 遠 見  
ZH_T43_1833_03a:0869a03_1	疏。	03a	疏  
ZH_T43_1833_03a:0869a03_8	佛故豪光等者。	03a	佛 故 豪 光 等 者  
ZH_T43_1833_03a:0869a03_18	問梵亦因光而得見下。	03a	問 梵 亦 因 光 而 得 見 下  
ZH_T43_1833_03a:0869a05_2	何不言之　答梵觀於下自力亦能故不言也。	03a	何 不 言 之  答 梵 觀 於 下 自 力 亦 能 故 不 言 也  
ZH_T43_1833_03a:0869a05_11	若也傍觀萬八千界。	03a	若 也 傍 觀 萬 八 千 界  
ZH_T43_1833_03a:0869a06_2	亦由佛力自力不迨。	03a	亦 由 佛 力 自 力 不 迨  
ZH_T43_1833_03a:0869a06_11	且據上下故不云梵。	03a	且 據 上 下 故 不 云 梵  
ZH_T43_1833_03a:0869a07_1	疏。	03a	疏  
ZH_T43_1833_03a:0869a07_11	雖第八變至內身文者。	03a	雖 第 八 變 至 內 身 文 者  
ZH_T43_1833_03a:0869a08_6	雖言第八因定通力而皆能變。	03a	雖 言 第 八 因 定 通 力 而 皆 能 變  
ZH_T43_1833_03a:0869a08_15	於定不見變內身文。	03a	於 定 不 見 變 內 身 文  
ZH_T43_1833_03a:0869a09_1	疏。	03a	疏  
ZH_T43_1833_03a:0869a09_11	亦非是身以無根故者。	03a	亦 非 是 身 以 無 根 故 者  
ZH_T43_1833_03a:0869a10_16	問既無其根云何得言佛邊聽法　答第六識聽不待於根。	03a	問 既 無 其 根 云 何 得 言 佛 邊 聽 法  答 第 六 識 聽 不 待 於 根  
ZH_T43_1833_03a:0869a11_8	故瑜伽云聞謂比量。	03a	故 瑜 伽 云 聞 謂 比 量  
ZH_T43_1833_03a:0869a12_1	疏。	03a	疏  
ZH_T43_1833_03a:0869a12_11	八地已去通定無差者。	03a	八 地 已 去 通 定 無 差 者  
ZH_T43_1833_03a:0869a12_14	通智。	03a	通 智  
ZH_T43_1833_03a:0869a12_17	定定。	03a	定 定  
ZH_T43_1833_03a:0869a13_1	體實有別。	03a	體 實 有 別  
ZH_T43_1833_03a:0869a13_6	約性不殊。	03a	約 性 不 殊  
ZH_T43_1833_03a:0869a13_11	起無前後。	03a	起 無 前 後  
ZH_T43_1833_03a:0869a14_2	所作相似據一邊說。	03a	所 作 相 似 據 一 邊 說  
ZH_T43_1833_03a:0869a15_1	疏。	03a	疏  
ZH_T43_1833_03a:0869a15_12	由此故知至疎所緣緣者。	03a	由 此 故 知 至 疎 所 緣 緣 者  
ZH_T43_1833_03a:0869a16_8	如在下界起天眼．耳緣上界色。	03a	如 在 下 界 起 天 眼  耳 緣 上 界 色  
ZH_T43_1833_03a:0869a16_17	下界第八而不緣上。	03a	下 界 第 八 而 不 緣 上  
ZH_T43_1833_03a:0869a17_12	即天眼．耳無第八境為所杖質。	03a	即 天 眼  耳 無 第 八 境 為 所 杖 質  
ZH_T43_1833_03a:0869a18_10	故闕疎緣　問上地散眼見下三災。	03a	故 闕 疎 緣  問 上 地 散 眼 見 下 三 災  
ZH_T43_1833_03a:0869a19_5	上界第八亦緣災不　答實不緣。	03a	上 界 第 八 亦 緣 災 不  答 實 不 緣  
ZH_T43_1833_03a:0869a23_3	護法不許異界第八變異界器　若爾上眼無疎所緣過如何遣　答以下第八所變為緣亦有何過　問因於定通令第八識緣他異地身器得不　答疏不定判。	03a	護 法 不 許 異 界 第 八 變 異 界 器  若 爾 上 眼 無 疎 所 緣 過 如 何 遣  答 以 下 第 八 所 變 為 緣 亦 有 何 過  問 因 於 定 通 令 第 八 識 緣 他 異 地 身 器 得 不  答 疏 不 定 判  
ZH_T43_1833_03a:0869a23_18	樞要．及燈義意許也　有義釋云。	03a	樞 要  及 燈 義 意 許 也  有 義 釋 云  
ZH_T43_1833_03a:0869a24_7	若變自身他地可爾。	03a	若 變 自 身 他 地 可 爾  
ZH_T43_1833_03a:0869a24_17	下地能引天眼．耳故。	03a	下 地 能 引 天 眼  耳 故  
ZH_T43_1833_03a:0869a25_7	他地他身及他地器。	03a	他 地 他 身 及 他 地 器  
ZH_T43_1833_03a:0869a25_16	設定等力如何能變。	03a	設 定 等 力 如 何 能 變  
ZH_T43_1833_03a:0869a26_2	變之何用。	03a	變 之 何 用  
ZH_T43_1833_03a:0869a27_11	麁細懸隔不依持故　若爾如何說定等力即不決定　此亦無違。	03a	麁 細 懸 隔 不 依 持 故  若 爾 如 何 說 定 等 力 即 不 決 定  此 亦 無 違  
ZH_T43_1833_03a:0869a28_7	業力所變內身外器必定同地。	03a	業 力 所 變 內 身 外 器 必 定 同 地  
ZH_T43_1833_03a:0869a29_3	若定等力變自內身即不決定。	03a	若 定 等 力 變 自 內 身 即 不 決 定  
ZH_T43_1833_03a:0869a29_13	下能引上天眼．耳故。	03a	下 能 引 上 天 眼  耳 故  
ZH_T43_1833_03a:0869b01_4	變器．他身此一向定。	03a	變 器  他 身 此 一 向 定  
ZH_T43_1833_03a:0869b01_17	言變身器不定等者言總意別。	03a	言 變 身 器 不 定 等 者 言 總 意 別  
ZH_T43_1833_03a:0869b02_8	不言身器皆有不定。	03a	不 言 身 器 皆 有 不 定  
ZH_T43_1833_03a:0869b03_12	疏說上界起通來下令下得見名因通者依他通故。	03a	疏 說 上 界 起 通 來 下 令 下 得 見 名 因 通 者 依 他 通 故  
ZH_T43_1833_03a:0869b04_1	此定不然。	03a	此 定 不 然  
ZH_T43_1833_03a:0869b04_10	上界來下作欲界化。	03a	上 界 來 下 作 欲 界 化  
ZH_T43_1833_03a:0869b05_4	下所見者即自地故　詳曰。	03a	下 所 見 者 即 自 地 故  詳 曰  
ZH_T43_1833_03a:0869b05_19	如菩薩等變身為魚地．海金．酪。	03a	如 菩 薩 等 變 身 為 魚 地  海 金  酪  
ZH_T43_1833_03a:0869b06_8	下界有情得受不耶。	03a	下 界 有 情 得 受 不 耶  
ZH_T43_1833_03a:0869b06_17	若不受者變之何益。	03a	若 不 受 者 變 之 何 益  
ZH_T43_1833_03a:0869b07_12	若許用者有情第八豈不緣彼。	03a	若 許 用 者 有 情 第 八 豈 不 緣 彼  
ZH_T43_1833_03a:0869b08_4	不緣而受非唯識故。	03a	不 緣 而 受 非 唯 識 故  
ZH_T43_1833_03a:0869b09_4	故知因他通力而引能變異地身器等也。	03a	故 知 因 他 通 力 而 引 能 變 異 地 身 器 等 也  
ZH_T43_1833_03a:0869b09_13	即彼扶塵名為身也。	03a	即 彼 扶 塵 名 為 身 也  
ZH_T43_1833_03a:0869b11_4	魚．金．酪等非欲界故　設若救云有情六識託菩薩等所變米等。	03a	魚  金  酪 等 非 欲 界 故  設 若 救 云 有 情 六 識 託 菩 薩 等 所 變 米 等  
ZH_T43_1833_03a:0869b11_13	以為本質變而乃用。	03a	以 為 本 質 變 而 乃 用  
ZH_T43_1833_03a:0869b12_12	亦如上眼緣下三災託下第八所變為質。	03a	亦 如 上 眼 緣 下 三 災 託 下 第 八 所 變 為 質  
ZH_T43_1833_03a:0869b12_17	此亦不然。	03a	此 亦 不 然  
ZH_T43_1833_03a:0869b13_8	縱緣自六所變之者。	03a	縱 緣 自 六 所 變 之 者  
ZH_T43_1833_03a:0869b14_4	第八從本言由通力亦何傷也。	03a	第 八 從 本 言 由 通 力 亦 何 傷 也  
ZH_T43_1833_03a:0869b14_13	與餘常時境不同故。	03a	與 餘 常 時 境 不 同 故  
ZH_T43_1833_03a:0869b15_4	前云上眼託下第八。	03a	前 云 上 眼 託 下 第 八  
ZH_T43_1833_03a:0869b15_13	由上第八不得緣下。	03a	由 上 第 八 不 得 緣 下  
ZH_T43_1833_03a:0869b16_1	所以然者。	03a	所 以 然 者  
ZH_T43_1833_03a:0869b16_10	若上第八自變下災。	03a	若 上 第 八 自 變 下 災  
ZH_T43_1833_03a:0869b17_1	麁細既隔於彼無用。	03a	麁 細 既 隔 於 彼 無 用  
ZH_T43_1833_03a:0869b17_14	若杖下八所變之災為質方變。	03a	若 杖 下 八 所 變 之 災 為 質 方 變  
ZH_T43_1833_03a:0869b18_1	變復何用。	03a	變 復 何 用  
ZH_T43_1833_03a:0869b18_14	又非定通之所引故由斯不變。	03a	又 非 定 通 之 所 引 故 由 斯 不 變  
ZH_T43_1833_03a:0869b19_5	若變魚．米而有用故。	03a	若 變 魚  米 而 有 用 故  
ZH_T43_1833_03a:0869b19_14	復通力引何得相例。	03a	復 通 力 引 何 得 相 例  
ZH_T43_1833_03a:0869b20_5	若麁細別不許變者。	03a	若 麁 細 別 不 許 變 者  
ZH_T43_1833_03a:0869b20_14	即餘六識亦應不緣。	03a	即 餘 六 識 亦 應 不 緣  
ZH_T43_1833_03a:0869b21_16	麁細隔故　若爾因八緣無漏失　答亦無違。	03a	麁 細 隔 故  若 爾 因 八 緣 無 漏 失  答 亦 無 違  
ZH_T43_1833_03a:0869b22_4	不親緣故。	03a	不 親 緣 故  
ZH_T43_1833_03a:0869b22_13	若言親用而方變者。	03a	若 言 親 用 而 方 變 者  
ZH_T43_1833_03a:0869b23_4	第八不應變他扶塵。	03a	第 八 不 應 變 他 扶 塵  
ZH_T43_1833_03a:0869b23_13	六亦不變菩薩魚等。	03a	六 亦 不 變 菩 薩 魚 等  
ZH_T43_1833_03a:0869b24_1	非親用故。	03a	非 親 用 故  
ZH_T43_1833_03a:0869b25_9	若許親用便非唯識又論明言定通等力界地自他而不決定。	03a	若 許 親 用 便 非 唯 識 又 論 明 言 定 通 等 力 界 地 自 他 而 不 決 定  
ZH_T43_1833_03a:0869b26_1	何強分別致有多違。	03a	何 強 分 別 致 有 多 違  
ZH_T43_1833_03a:0869b27_2	可謂與蛇而安足矣　又云上來作欲界化。	03a	可 謂 與 蛇 而 安 足 矣  又 云 上 來 作 欲 界 化  
ZH_T43_1833_03a:0869b27_7	下見自地。	03a	下 見 自 地  
ZH_T43_1833_03a:0869b27_12	理亦不然。	03a	理 亦 不 然  
ZH_T43_1833_03a:0869b27_17	言作欲化。	03a	言 作 欲 化  
ZH_T43_1833_03a:0869b28_3	似欲界故。	03a	似 欲 界 故  
ZH_T43_1833_03a:0869b28_8	實上地繫。	03a	實 上 地 繫  
ZH_T43_1833_03a:0869b28_17	欲界地法無修得化。	03a	欲 界 地 法 無 修 得 化  
ZH_T43_1833_03a:0869b29_3	如下當辨。	03a	如 下 當 辨  
ZH_T43_1833_03a:0869c01_1	疏。	03a	疏  
ZH_T43_1833_03a:0869c01_7	得威德定者。	03a	得 威 德 定 者  
ZH_T43_1833_03a:0869c02_2	有威德者所起勝定名威德定。	03a	有 威 德 者 所 起 勝 定 名 威 德 定  
ZH_T43_1833_03a:0869c03_5	此有兩釋　一云自在菩薩．及二乘者所得之定。	03a	此 有 兩 釋  一 云 自 在 菩 薩  及 二 乘 者 所 得 之 定  
ZH_T43_1833_03a:0869c03_10	故瑜伽云。	03a	故 瑜 伽 云  
ZH_T43_1833_03a:0869c04_8	非是一切所有定心皆有能生此色功能。	03a	非 是 一 切 所 有 定 心 皆 有 能 生 此 色 功 能  
ZH_T43_1833_03a:0869c04_13	唯一類有。	03a	唯 一 類 有  
ZH_T43_1833_03a:0869c05_7	故知唯聖　二云亦通異生。	03a	故 知 唯 聖  二 云 亦 通 異 生  
ZH_T43_1833_03a:0869c05_16	依定久習得自在者。	03a	依 定 久 習 得 自 在 者  
ZH_T43_1833_03a:0869c06_7	簡非自在名一類有。	03a	簡 非 自 在 名 一 類 有  
ZH_T43_1833_03a:0869c06_12	亦無其失。	03a	亦 無 其 失  
ZH_T43_1833_03a:0869c06_17	前解為勝。	03a	前 解 為 勝  
ZH_T43_1833_03a:0869c07_1	疏。	03a	疏  
ZH_T43_1833_03a:0869c07_11	又解以初禪眼耳等者。	03a	又 解 以 初 禪 眼 耳 等 者  
ZH_T43_1833_03a:0869c07_16	此不次也。	03a	此 不 次 也  
ZH_T43_1833_03a:0869c09_4	合在於前天眼．耳境已下言也　問前明眼．耳本質有無。	03a	合 在 於 前 天 眼  耳 境 已 下 言 也  問 前 明 眼  耳 本 質 有 無  
ZH_T43_1833_03a:0869c10_6	何意次言眼．耳緣上繫之同異　答前雖明質。	03a	何 意 次 言 眼  耳 緣 上 繫 之 同 異  答 前 雖 明 質  
ZH_T43_1833_03a:0869c11_1	未論其相繫之差別故次明也。	03a	未 論 其 相 繫 之 差 別 故 次 明 也  
ZH_T43_1833_03a:0869c11_7	質．相雖殊。	03a	質  相 雖 殊  
ZH_T43_1833_03a:0869c11_12	由俱境故。	03a	由 俱 境 故  
ZH_T43_1833_03a:0869c13_6	故云又解　問初禪眼等見上地色有本質不　答雖不明言理合有也。	03a	故 云 又 解  問 初 禪 眼 等 見 上 地 色 有 本 質 不  答 雖 不 明 言 理 合 有 也  
ZH_T43_1833_03a:0869c13_15	以他第八所變為質。	03a	以 他 第 八 所 變 為 質  
ZH_T43_1833_03a:0869c14_1	疏。	03a	疏  
ZH_T43_1833_03a:0869c14_12	由此三識所知必同等者。	03a	由 此 三 識 所 知 必 同 等 者  
ZH_T43_1833_03a:0869c15_6	眼．耳．身三身識相分既唯初禪。	03a	眼  耳  身 三 身 識 相 分 既 唯 初 禪  
ZH_T43_1833_03a:0869c15_16	故眼．耳二相非上繫。	03a	故 眼  耳 二 相 非 上 繫  
ZH_T43_1833_03a:0869c16_1	疏。	03a	疏  
ZH_T43_1833_03a:0869c16_11	五十四至生因闕故者。	03a	五 十 四 至 生 因 闕 故 者  
ZH_T43_1833_03a:0869c17_8	因闕之義略有兩釋　一云種子名因。	03a	因 闕 之 義 略 有 兩 釋  一 云 種 子 名 因  
ZH_T43_1833_03a:0869c18_10	彼無種故故名因闕　二云因者所以之義。	03a	彼 無 種 故 故 名 因 闕  二 云 因 者 所 以 之 義  
ZH_T43_1833_03a:0869c20_7	彼無生香等道理故　問設許有之違何理耶　答若許定心而現香．味。	03a	彼 無 生 香 等 道 理 故  問 設 許 有 之 違 何 理 耶  答 若 許 定 心 而 現 香  味  
ZH_T43_1833_03a:0869c20_17	香．味隨心上地所繫。	03a	香  味 隨 心 上 地 所 繫  
ZH_T43_1833_03a:0869c21_7	此即上地而有香．味。	03a	此 即 上 地 而 有 香  味  
ZH_T43_1833_03a:0869c21_12	違諸教過。	03a	違 諸 教 過  
ZH_T43_1833_03a:0869c22_4	由斯定心不變香．味。	03a	由 斯 定 心 不 變 香  味  
ZH_T43_1833_03a:0869c22_13	兼疏所明合為三釋。	03a	兼 疏 所 明 合 為 三 釋  
ZH_T43_1833_03a:0869c23_4	言加行心即是因也。	03a	言 加 行 心 即 是 因 也  
ZH_T43_1833_03a:0869c23_13	或疏所解不異前二。	03a	或 疏 所 解 不 異 前 二  
ZH_T43_1833_03a:0869c23_18	加行之因。	03a	加 行 之 因  
ZH_T43_1833_03a:0869c24_4	因即前二。	03a	因 即 前 二  
ZH_T43_1833_03a:0869c24_9	更無別也。	03a	更 無 別 也  
ZH_T43_1833_03a:0869c25_1	疏。	03a	疏  
ZH_T43_1833_03a:0869c25_6	又無用者。	03a	又 無 用 者  
ZH_T43_1833_03a:0869c25_16	香．味依於段食施設。	03a	香  味 依 於 段 食 施 設  
ZH_T43_1833_03a:0869c26_1	彼無段食。	03a	彼 無 段 食  
ZH_T43_1833_03a:0869c26_11	縱有香．味而何所為。	03a	縱 有 香  味 而 何 所 為  
ZH_T43_1833_03a:0869c27_1	疏。	03a	疏  
ZH_T43_1833_03a:0869c27_11	或是根本及所變等者。	03a	或 是 根 本 及 所 變 等 者  
ZH_T43_1833_03a:0869c28_2	如次所起名定通色。	03a	如 次 所 起 名 定 通 色  
ZH_T43_1833_03a:0869c28_11	通依定生故通名果。	03a	通 依 定 生 故 通 名 果  
ZH_T43_1833_03a:0869c29_1	疏。	03a	疏  
ZH_T43_1833_03a:0869c29_8	皆通變及化者。	03a	皆 通 變 及 化 者  
ZH_T43_1833_03a:0869c29_17	變謂轉變改易其質。	03a	變 謂 轉 變 改 易 其 質  
ZH_T43_1833_03a:0870a01_2	化謂化現。	03a	化 謂 化 現  
ZH_T43_1833_03a:0870a01_7	無而忽有。	03a	無 而 忽 有  
ZH_T43_1833_03a:0870a01_16	佛定通力俱能為也。	03a	佛 定 通 力 俱 能 為 也  
ZH_T43_1833_03a:0870a02_1	疏。	03a	疏  
ZH_T43_1833_03a:0870a02_12	通可引起根之與塵等者。	03a	通 可 引 起 根 之 與 塵 等 者  
ZH_T43_1833_03a:0870a03_7	問若在於佛二位心所既恒相應。	03a	問 若 在 於 佛 二 位 心 所 既 恒 相 應  
ZH_T43_1833_03a:0870a04_6	云何通．定引根．塵別　答雖俱時起。	03a	云 何 通  定 引 根  塵 別  答 雖 俱 時 起  
ZH_T43_1833_03a:0870a04_15	力用不同所變有差。	03a	力 用 不 同 所 變 有 差  
ZH_T43_1833_03a:0870a05_1	而亦何變。	03a	而 亦 何 變  
ZH_T43_1833_03a:0870a05_14	又無漏心必有定道俱時而起。	03a	又 無 漏 心 必 有 定 道 俱 時 而 起  
ZH_T43_1833_03a:0870a06_9	相應一思對此兩種名定道戒。	03a	相 應 一 思 對 此 兩 種 名 定 道 戒  
ZH_T43_1833_03a:0870a07_1	以二助思有遮防故。	03a	以 二 助 思 有 遮 防 故  
ZH_T43_1833_03a:0870a07_11	今定．通二雖復同時。	03a	今 定  通 二 雖 復 同 時  
ZH_T43_1833_03a:0870a08_10	所起色等對能起二名為定．通同戒何失。	03a	所 起 色 等 對 能 起 二 名 為 定  通 同 戒 何 失  
ZH_T43_1833_03a:0870a09_1	疏。	03a	疏  
ZH_T43_1833_03a:0870a09_10	由定力變異身器者。	03a	由 定 力 變 異 身 器 者  
ZH_T43_1833_03a:0870a10_1	前雖略說意正明通。	03a	前 雖 略 說 意 正 明 通  
ZH_T43_1833_03a:0870a10_6	又未引證。	03a	又 未 引 證  
ZH_T43_1833_03a:0870a10_15	今具援據故重舉之。	03a	今 具 援 據 故 重 舉 之  
ZH_T43_1833_03a:0870a11_1	疏。	03a	疏  
ZH_T43_1833_03a:0870a11_8	變身萬億等者。	03a	變 身 萬 億 等 者  
ZH_T43_1833_03a:0870a11_13	按彼論云。	03a	按 彼 論 云  
ZH_T43_1833_03a:0870a12_3	心自在轉微細性者。	03a	心自在轉 微 細 性 者  
ZH_T43_1833_03a:0870a12_13	謂色．無色二界諸色。	03a	謂 色  無 色 二 界 諸 色  
ZH_T43_1833_03a:0870a13_4	如經說有平等心諸天。	03a	如 經 說 有 平 等 心 諸 天  
ZH_T43_1833_03a:0870a14_2	曾於人中如是如是資熏磨瑩其心。	03a	曾 於 人 中 如是如是 資 熏 磨 瑩 其 心  
ZH_T43_1833_03a:0870a14_15	隨此修力住一毛端空量地處。	03a	隨 此 修 力 住 一 毛 端 空 量 地 處  
ZH_T43_1833_03a:0870a15_9	展轉更互不相妨礙　釋曰。	03a	展 轉 更 互 不 相 妨 礙  釋 曰  
ZH_T43_1833_03a:0870a16_1	色界二色名為自在。	03a	色 界 二 色 名 為 自 在  
ZH_T43_1833_03a:0870a16_6	一定心現。	03a	一 定 心 現  
ZH_T43_1833_03a:0870a16_15	二自在定所感報色。	03a	二 自 在 定 所 感 報 色  
ZH_T43_1833_03a:0870a17_4	無色但一定心所現。	03a	無 色 但 一 定 心 所 現  
ZH_T43_1833_03a:0870a17_17	二界定色因自在定之所起故。	03a	二 界 定 色 因 自 在 定 之 所 起 故  
ZH_T43_1833_03a:0870a18_8	名心自在微細性也。	03a	名 心 自 在 微 細 性 也  
ZH_T43_1833_03a:0870a19_3	所引經者傳釋但證色界報色。	03a	所 引 經 者 傳 釋 但 證 色 界 報 色  
ZH_T43_1833_03a:0870a19_12	即淨居天名等心天。	03a	即 淨 居 天 名 等 心 天  
ZH_T43_1833_03a:0870a20_7	詣佛聽法一萬六千由旬之身。	03a	詣 佛 聽 法 一 萬 六 千 由 旬 之 身  
ZH_T43_1833_03a:0870a20_16	一一皆住毛端量地。	03a	一 一 皆 住 毛 端 量 地  
ZH_T43_1833_03a:0870a21_6	猶如燈光不相障礙。	03a	猶 如 燈 光 不相障礙  
ZH_T43_1833_03a:0870a22_4	又淨居上十地菩薩名等心天　詳曰。	03a	又 淨 居 上 十地菩薩 名 等 心 天  詳 曰  
ZH_T43_1833_03a:0870a23_4	依無色定亦能起身而來佛所名等心天。	03a	依 無 色 定 亦 能 起 身 而 來 佛 所 名 等 心 天  
ZH_T43_1833_03a:0870a23_9	斯亦何過。	03a	斯 亦 何 過  
ZH_T43_1833_03a:0870a23_14	經不簡故。	03a	經 不 簡 故  
ZH_T43_1833_03a:0870a24_4	又論雙言上之二界。	03a	又 論 雙 言 上 之 二 界  
ZH_T43_1833_03a:0870a24_13	何故引證但證色界。	03a	何 故 引 證 但 證 色 界  
ZH_T43_1833_03a:0870a25_4	故知通證理無傷也。	03a	故 知 通 證 理 無 傷 也  
ZH_T43_1833_03a:0870a25_13	又瑜伽論不言共立。	03a	又 瑜 伽 論 不 言 共 立  
ZH_T43_1833_03a:0870a25_18	或本不同。	03a	或 本 不 同  
ZH_T43_1833_03a:0870a26_12	或是疏主准於餘文故言共也。	03a	或 是 疏 主 准 於 餘 文 故 言 共 也  
ZH_T43_1833_03a:0870a27_4	故智度論第九十三云。	03a	故 智 度 論 第 九 十 三 云  
ZH_T43_1833_03a:0870a27_15	遍淨天六十人坐一針頭。	03a	遍 淨 天 六 十 人 坐 一 針 頭  
ZH_T43_1833_03a:0870a28_9	又色．無色而各自類不相障礙。	03a	又 色  無 色 而 各 自 類 不相障礙  
ZH_T43_1833_03a:0870a29_1	非是二界互不礙也。	03a	非 是 二 界 互 不 礙 也  
ZH_T43_1833_03a:0870a29_14	乍觀彼文為言二界互不礙也。	03a	乍 觀 彼 文 為 言 二 界 互 不 礙 也  
ZH_T43_1833_03a:0870b01_1	疏。	03a	疏  
ZH_T43_1833_03a:0870b01_13	色界亦說有亦令互相見者。	03a	色 界 亦 說 有 亦 令 互 相 見 者  
ZH_T43_1833_03a:0870b02_7	瑜伽既說色界諸天亦變身等。	03a	瑜 伽 既 說 色界諸天 亦 變 身 等  
ZH_T43_1833_03a:0870b02_16	故知不唯無色界也。	03a	故 知 不 唯 無 色 界 也  
ZH_T43_1833_03a:0870b03_11	而有疏本作設字等寫者草誤。	03a	而 有 疏 本 作 設 字 等 寫 者 草 誤  
ZH_T43_1833_03a:0870b03_16	從說為正。	03a	從 說 為 正  
ZH_T43_1833_03a:0870b04_1	疏。	03a	疏  
ZH_T43_1833_03a:0870b04_14	亦應不緣等流色等有間斷者。	03a	亦 應 不 緣 等 流 色 等 有 間 斷 者  
ZH_T43_1833_03a:0870b05_4	問除業所招異熟色。	03a	問 除 業 所 招 異 熟 色  
ZH_T43_1833_03a:0870b06_1	外即諸善．惡及外器等皆名等流。	03a	外 即 諸 善  惡 及 外 器 等 皆 名 等 流  
ZH_T43_1833_03a:0870b07_2	間斷之因豈非一分兩俱不成　答疏略示法。	03a	間 斷 之 因 豈 非 一 分 兩 俱 不 成  答 疏 略 示 法  
ZH_T43_1833_03a:0870b07_7	具應言簡。	03a	具 應 言 簡  
ZH_T43_1833_03a:0870b07_12	簡理可知。	03a	簡 理 可 知  
ZH_T43_1833_03a:0870b08_2	又疏意示前量不定。	03a	又 疏 意 示 前 量 不 定  
ZH_T43_1833_03a:0870b08_7	非為量破。	03a	非 為 量 破  
ZH_T43_1833_03a:0870b09_1	論。	03a	論  
ZH_T43_1833_03a:0870b09_12	略說此識至所現變色者。	03a	略 說 此 識 至 所 現 變 色 者  
ZH_T43_1833_03a:0870b10_3	問第八既緣法處實色。	03a	問 第 八 既 緣 法 處 實 色  
ZH_T43_1833_03a:0870b10_8	五亦緣不。	03a	五 亦 緣 不  
ZH_T43_1833_03a:0870b11_3	若不緣者聖變魚等凡應不見。	03a	若 不 緣 者 聖 變 魚 等 凡 應 不 見  
ZH_T43_1833_03a:0870b12_3	若許緣者五十四說法處攝色名無見對。	03a	若 許 緣 者 五 十 四 說 法 處 攝 色 名 無 見 對  
ZH_T43_1833_03a:0870b12_18	復云何通　答如燈第二彼已分別。	03a	復 云 何 通  答 如 燈 第 二 彼 已 分 別  
ZH_T43_1833_03a:0870b13_4	復有釋云。	03a	復 有 釋 云  
ZH_T43_1833_03a:0870b13_13	變定等色而無見對。	03a	變 定 等 色 而 無 見 對  
ZH_T43_1833_03a:0870b14_8	但與眼等為增上緣名見金等。	03a	但 與 眼 等 為 增 上 緣 名 見 金 等  
ZH_T43_1833_03a:0870b15_1	疏。	03a	疏  
ZH_T43_1833_03a:0870b15_11	此中有難如理應思者。	03a	此 中 有 難 如 理 應 思 者  
ZH_T43_1833_03a:0870b15_14	難云。	03a	難 云  
ZH_T43_1833_03a:0870b16_6	以因從於果隨現法界收。	03a	以 因 從 於 果 隨 現 法 界 收  
ZH_T43_1833_03a:0870b17_7	以境對於心從識法界攝　答因緣親辨體。	03a	以 境 對 於 心 從 識 法 界 攝  答 因 緣 親 辨 體  
ZH_T43_1833_03a:0870b17_13	種隨於現收。	03a	種 隨 於 現 收  
ZH_T43_1833_03a:0870b18_6	為境引他疎故非法處攝。	03a	為 境 引 他 疎 故 非 法 處 攝  
ZH_T43_1833_03a:0870b19_1	疏。	03a	疏  
ZH_T43_1833_03a:0870b19_8	極略極逈色者。	03a	極 略 極 逈 色 者  
ZH_T43_1833_03a:0870b20_3	折根．器等為極微者名為極略。	03a	折 根  器 等 為 極 微 者 名 為 極 略  
ZH_T43_1833_03a:0870b20_16	折像等色為極微者名為極逈。	03a	折 像 等 色 為 極 微 者 名 為 極 逈  
ZH_T43_1833_03a:0870b21_1	疏。	03a	疏  
ZH_T43_1833_03a:0870b21_8	若唯意緣等者。	03a	若 唯 意 緣 等 者  
ZH_T43_1833_03a:0870b22_3	獨頭意識緣根．塵等由分別生。	03a	獨 頭 意 識 緣 根  塵 等 由 分 別 生  
ZH_T43_1833_03a:0870b22_12	亦名遍計所起攝也。	03a	亦 名 遍計所起 攝 也  
ZH_T43_1833_03a:0870b23_1	疏。	03a	疏  
ZH_T43_1833_03a:0870b23_7	以闇從明者。	03a	以 闇 從 明 者  
ZH_T43_1833_03a:0870b23_16	幽隱顯蔽名為闇明。	03a	幽 隱 顯 蔽 名 為 闇 明  
ZH_T43_1833_03a:0870b24_10	十處法處名為明闇者義可斷矣。	03a	十 處 法 處 名 為 明 闇 者 義 可 斷 矣  
ZH_T43_1833_03a:0870b25_1	疏。	03a	疏  
ZH_T43_1833_03a:0870b25_12	亦非由說至亦緣有故者。	03a	亦 非 由 說 至 亦 緣 有 故 者  
ZH_T43_1833_03a:0870b26_6	意說第六與五同緣雖名分別。	03a	意 說 第 六 與 五 同 緣 雖 名 分 別  
ZH_T43_1833_03a:0870b26_11	緣境有用。	03a	緣 境 有 用  
ZH_T43_1833_03a:0870b27_1	論。	03a	論  
ZH_T43_1833_03a:0870b27_11	初必有用後必有境者。	03a	初 必 有 用 後 必 有 境 者  
ZH_T43_1833_03a:0870b28_5	疏釋因緣．分別二變總有四釋。	03a	疏 釋 因 緣  分 別 二 變 總 有 四 釋  
ZH_T43_1833_03a:0870b29_2	取第四釋尋之可悉　有義三釋。	03a	取 第 四 釋 尋 之 可 悉  有 義 三 釋  
ZH_T43_1833_03a:0870b29_13	一云但現量心名因緣變。	03a	一 云 但 現 量 心 名 因 緣 變  
ZH_T43_1833_03a:0870c01_3	諸比．非量皆分別變。	03a	諸 比  非 量 皆 分 別 變  
ZH_T43_1833_03a:0870c01_15	二云第八王．所名因緣變。	03a	二 云 第 八 王  所 名 因 緣 變  
ZH_T43_1833_03a:0870c02_5	餘心．心所名分別變。	03a	餘 心  心 所 名 分 別 變  
ZH_T43_1833_03a:0870c02_17	三云唯第八心王是因緣變。	03a	三 云 唯 第 八 心 王 是 因 緣 變  
ZH_T43_1833_03a:0870c03_7	相應心所亦分別變。	03a	相 應 心 所 亦 分 別 變  
ZH_T43_1833_03a:0870c03_12	此護法義。	03a	此 護 法 義  
ZH_T43_1833_03a:0870c04_2	持種受熏唯心王故。	03a	持 種 受 熏 唯 心 王 故  
ZH_T43_1833_03a:0870c04_11	自判前二有多過失。	03a	自 判 前 二 有 多 過 失  
ZH_T43_1833_03a:0870c05_11	第三可通　問若說眼等所緣色等皆無實用。	03a	第 三 可 通  問 若 說 眼 等 所 緣 色 等 皆 無 實 用  
ZH_T43_1833_03a:0870c07_4	豈眼等識皆緣假法　答假有名種自有約義依實說假非五識緣。	03a	豈 眼 等 識 皆 緣 假 法  答 假 有 名 種 自 有 約 義 依 實 說 假 非 五 識 緣  
ZH_T43_1833_03a:0870c07_9	是分別心。	03a	是 分 別 心  
ZH_T43_1833_03a:0870c07_14	義別說故。	03a	義 別 說 故  
ZH_T43_1833_03a:0870c08_8	影像色等雖無礙故得名假色。	03a	影 像 色 等 雖 無 礙 故 得 名 假 色  
ZH_T43_1833_03a:0870c08_17	然說種生即名為實。	03a	然 說 種 生 即 名 為 實  
ZH_T43_1833_03a:0870c09_7	故無過失　詳曰。	03a	故 無 過 失  詳 曰  
ZH_T43_1833_03a:0870c09_16	非但前二有多過失。	03a	非 但 前 二 有 多 過 失  
ZH_T43_1833_03a:0870c10_7	即第三釋亦同前過。	03a	即 第 三 釋 亦 同 前 過  
ZH_T43_1833_03a:0870c10_12	所以者何。	03a	所以者何  
ZH_T43_1833_03a:0870c11_2	如第八識任運而起。	03a	如 第 八 識 任 運 而 起  
ZH_T43_1833_03a:0870c11_15	所變之境從實種生名因緣變。	03a	所 變 之 境 從 實 種 生 名 因 緣 變  
ZH_T43_1833_03a:0870c12_10	即五轉識一分第六與五俱起。	03a	即 五 轉 識 一 分 第 六 與 五 俱 起  
ZH_T43_1833_03a:0870c13_5	任運緣者亦因修起境實種生。	03a	任 運 緣 者 亦 因 修 起 境 實 種 生  
ZH_T43_1833_03a:0870c13_14	何乃即判為分別變。	03a	何 乃 即 判 為 分 別 變  
ZH_T43_1833_03a:0870c14_4	故今依取疏第四也。	03a	故 今 依 取 疏 第 四 也  
ZH_T43_1833_03a:0870c15_1	疏。	03a	疏  
ZH_T43_1833_03a:0870c15_12	然一念心得成二種等者。	03a	然 一 念 心 得 成 二 種 等 者  
ZH_T43_1833_03a:0870c16_3	緣根．塵等名因緣變。	03a	緣 根  塵 等 名 因 緣 變  
ZH_T43_1833_03a:0870c16_12	緣七心界分別變攝。	03a	緣 七 心 界 分 別 變 攝  
ZH_T43_1833_03a:0870c17_1	疏。	03a	疏  
ZH_T43_1833_03a:0870c17_11	反顯八俱具有二變者。	03a	反 顯 八 俱 具 有 二 變 者  
ZH_T43_1833_03a:0870c18_6	王．所如次因緣．分別二變所攝。	03a	王  所 如 次 因 緣  分 別 二 變 所 攝  
ZH_T43_1833_03a:0870c19_1	論。	03a	論  
ZH_T43_1833_03a:0870c19_12	若變心等至不能緣故者。	03a	若 變 心 等 至 不 能 緣 故 者  
ZH_T43_1833_03a:0870c19_17	深密經云。	03a	深 密 經 云  
ZH_T43_1833_03a:0870c20_10	變化心者無自依心有依他心。	03a	變 化 心 者 無 自 依 心 有 依 他 心  
ZH_T43_1833_03a:0870c21_2	按佛地論第六釋云。	03a	按 佛 地 論 第 六 釋 云  
ZH_T43_1833_03a:0870c21_11	謂化心等依實心現。	03a	謂 化 心 等 依 實 心 現  
ZH_T43_1833_03a:0870c21_18	但實心上相分。	03a	但 實 心 上 相 分  
ZH_T43_1833_03a:0870c22_6	似有緣慮等心。	03a	似 有 緣 慮 等 心  
ZH_T43_1833_03a:0870c23_3	如鏡中火無別自體　此釋意云。	03a	如 鏡 中 火 無 別 自 體  此 釋 意 云  
ZH_T43_1833_03a:0870c23_16	無自所依實見分心名無自依。	03a	無 自 所 依 實 見 分 心 名 無 自 依  
ZH_T43_1833_03a:0870c25_4	而有似慮名有依他　又見．自證．證自證分名自依心。	03a	而 有 似 慮 名 有 依 他  又 見  自 證  證 自 證 分 名 自 依 心  
ZH_T43_1833_03a:0870c25_9	化心異彼。	03a	化 心 異 彼  
ZH_T43_1833_03a:0870c26_1	名無自依有依他心。	03a	名 無 自 依 有 依 他 心  
ZH_T43_1833_03a:0870c26_6	同前可知。	03a	同 前 可 知  
ZH_T43_1833_03a:0870c27_1	疏。	03a	疏  
ZH_T43_1833_03a:0870c27_13	即現比二量至可應分別者。	03a	即 現 比 二 量 至 可 應 分 別 者  
ZH_T43_1833_03a:0870c28_11	如第六意緣曾實境熏成實種後生實現。	03a	如 第 六 意 緣 曾 實 境 熏 成 實 種 後 生 實 現  
ZH_T43_1833_03a:0870c29_3	此雖比量分別變收。	03a	此 雖 比 量 分 別 變 收  
ZH_T43_1833_03a:0870c29_8	容有實用。	03a	容 有 實 用  
ZH_T43_1833_03a:0871a01_3	第六現量與五同緣亦有實用。	03a	第 六 現 量 與 五 同 緣 亦 有 實 用  
ZH_T43_1833_03a:0871a01_12	若定心緣十八界者。	03a	若 定 心 緣 十 八 界 者  
ZH_T43_1833_03a:0871a02_3	用通假實如前應知。	03a	用 通 假 實 如 前 應 知  
ZH_T43_1833_03a:0871a03_1	疏。	03a	疏  
ZH_T43_1833_03a:0871a03_11	此中謂約身器為小者。	03a	此 中 謂 約 身 器 為 小 者  
ZH_T43_1833_03a:0871a03_16	身即是器。	03a	身 即 是 器  
ZH_T43_1833_03a:0871a04_1	非外器器。	03a	非 外 器 器  
ZH_T43_1833_03a:0871a04_14	五十一中依身器器以明寬狹。	03a	五 十 一 中 依 身 器 器 以 明 寬 狹  
ZH_T43_1833_03a:0871a05_8	有義疏說通依身．器以釋。	03a	有 義 疏 說 通 依 身  器 以 釋  
ZH_T43_1833_03a:0871a05_13	今不依此。	03a	今 不 依 此  
ZH_T43_1833_03a:0871a06_10	彼論但依執受境說狹小廣大　詳曰。	03a	彼 論 但 依 執 受 境 說 狹 小 廣 大  詳 曰  
ZH_T43_1833_03a:0871a06_15	不得疏旨。	03a	不 得 疏 旨  
ZH_T43_1833_03a:0871a07_2	徒為萎菲。	03a	徒 為 萎 菲  
ZH_T43_1833_03a:0871a07_7	請審詳焉。	03a	請 審 詳 焉  
ZH_T43_1833_03a:0871a08_1	疏。	03a	疏  
ZH_T43_1833_03a:0871a08_8	此亦所立同者。	03a	此 亦 所 立 同 者  
ZH_T43_1833_03a:0871a08_17	同前滅定在所立中。	03a	同 前 滅 定 在 所 立 中  
ZH_T43_1833_03a:0871a09_1	疏。	03a	疏  
ZH_T43_1833_03a:0871a09_10	二計宗各解不同者。	03a	二 計 宗 各 解 不 同 者  
ZH_T43_1833_03a:0871a10_1	經部．有宗釋有別也。	03a	經 部  有 宗 釋 有 別 也  
ZH_T43_1833_03a:0871a10_6	至下當知。	03a	至 下 當 知  
ZH_T43_1833_03a:0871a11_100	成唯識論演祕卷第三本終	03a	成 唯 識 論 演 祕 卷 第 三 本 終 
