segmentnr	original	folio	analyzed
ZH_X39_0712_003:0571c05	四分律含註戒本疏發揮記卷第三	003	四 分 律 含 註 戒 本 疏 發 揮 記 卷 第 三 
ZH_X39_0712_003:0571c06	(起置名不同終正配初篇)	003	 起 置 名 不 同 終 正 配 初 篇  
ZH_X39_0712_003:0571c08	天台山壽昌寺沙門釋　允堪　述	003	天 台 山 壽 昌 寺 沙 門 釋  允 堪  述 
ZH_X39_0712_003:0571c09	深下。以佛足一切智人鑒機施制。蓋不得已而用之。	003	深 下  以 佛 足 一切智人 鑒 機 施 制  蓋 不 得 已 而 用 之  
ZH_X39_0712_003:0571c10	麤鞭。即五犯。對略教稱麤也。	003	麤 鞭  即 五 犯  對 略 教 稱 麤 也  
ZH_X39_0712_003:0571c11	聞下。使聞五篇罪名以息過。各蒲鞭可類略教。深酷。	003	聞 下  使 聞 五 篇 罪 名 以 息 過  各 蒲 鞭 可 類 略 教  深 酷  
ZH_X39_0712_003:0571c12	酷。虐也。	003	酷  虐 也  
ZH_X39_0712_003:0571c13	可對廣教儒釋略齊。故曰通望。意云世尊觀機立制。	003	可 對 廣 教 儒 釋 略 齊  故 曰 通 望  意 云 世 尊 觀 機 立 制  
ZH_X39_0712_003:0571c14	十二年中徒眾無過。但說略教。自後僧尼根劣。多有	003	十 二 年 中 徒 眾 無 過  但 說 略 教  自 後 僧 尼 根 劣  多 有 
ZH_X39_0712_003:0571c15	毀破。須以五篇麤重。調伏制禦。如上古之時。人心淳	003	毀 破  須 以 五 篇 麤 重  調 伏 制 禦  如 上 古 之 時  人 心 淳 
ZH_X39_0712_003:0571c16	篤。畫地為園扉。以蒲為鞭。尋以巧偽竟生。乃有新舊	003	篤  畫 地 為 園 扉  以 蒲 為 鞭  尋 以 巧 偽 竟 生  乃 有 新 舊 
ZH_X39_0712_003:0571c17	五刑。原其俗章。可鑒佛意也。	003	五 刑  原 其 俗 章  可 鑒 佛 意 也  
ZH_X39_0712_003:0571c18	下釋者即次科也。有波羅夷等別名故。如本下。示通	003	下 釋 者 即 次 科 也  有 波 羅 夷 等 別 名 故  如 本 下  示 通 
ZH_X39_0712_003:0571c19	名也。以俱謂之犯聚制等。	003	名 也  以 俱 謂 之 犯 聚 制 等  
ZH_X39_0712_003:0571c20	此下。凡譯有二。一曰正。二曰義。今謂無正翻爾。今古	003	此 下  凡 譯 有 二  一 曰 正  二 曰 義  今 謂 無 正 翻 爾  今 古 
ZH_X39_0712_003:0571c21	異者。此則三苗酷烈穆后贖刑。彼則阿闍行殺瓶沙	003	異 者  此 則 三 苗 酷 烈 穆 后 贖 刑  彼 則 阿 闍 行 殺 瓶 沙 
ZH_X39_0712_003:0571c22	斷指。皆所謂制不沿習。彼此均融。二土世刑。可為正	003	斷 指  皆 所 謂 制 不 沿 習  彼 此 均 融  二 土 世 刑  可 為 正 
ZH_X39_0712_003:0571c23	譯。初罪者。波羅夷也。由無聖人降趾故。泯其制也。止	003	譯  初 罪 者  波 羅 夷 也  由 無 聖 人 降 趾 故  泯 其 制 也  止 
ZH_X39_0712_003:0571c24	得取以事類。約義為譯。無餘。以對下僧殘。是有餘	003	得 取 以 事 類  約 義 為 譯  無 餘  以 對 下 僧 殘  是 有 餘 
ZH_X39_0712_003:0572a01	故。文云者。指律序。彼具云諸作惡行者。猶如彼死	003	故  文 云 者  指 律 序  彼 具 云 諸 作 惡 行 者  猶 如 彼 死 
ZH_X39_0712_003:0572a02	屍。眾所不容受。以是當持戒。又名下佛言有二不	003	屍  眾 所 不 容 受  以 是 當 持 戒  又 名 下 佛 言 有 二 不 
ZH_X39_0712_003:0572a03	共住。一羯磨。二說戒。亦與上眾法。絕分理同也。失道	003	共 住  一 羯 磨  二 說 戒  亦 與 上 眾 法  絕 分 理 同 也  失 道 
ZH_X39_0712_003:0572a04	不獨。失聖果道也。二種。即說戒羯磨僧。生報。言此身	003	不 獨  失 聖 果 道 也  二 種  即 說 戒 羯 磨 僧  生 報  言 此 身 
ZH_X39_0712_003:0572a05	生報不久在世。何得不畏九百二十一億六十千歲	003	生 報 不 久 在 世  何 得 不 畏 九 百 二 十 一 億 六 十 千 歲 
ZH_X39_0712_003:0572a06	泥犁之苦。	003	泥 犁 之 苦  
ZH_X39_0712_003:0572a07	十下。彼云墮不如意處。薩婆多解云。由與魔鬪以犯	003	十 下  彼 云 墮 不 如 意 處  薩 婆 多 解 云  由 與 魔 鬪 以 犯 
ZH_X39_0712_003:0572a08	此戒便墮負處。事鈔。即篇聚中不明。別著。即於此不	003	此 戒 便 墮 負 處  事 鈔  即 篇 聚 中 不 明  別 著  即 於 此 不 
ZH_X39_0712_003:0572a09	明。宜別著。鈔以取解由疏文略也。	003	明  宜 別 著  鈔 以 取 解 由 疏 文 略 也  
ZH_X39_0712_003:0572a10	謂下。眾僧解上僧伽義。前與等解上初義。末後	003	謂 下  眾 僧 解 上 僧 伽 義  前 與 等 解 上 初 義  末 後 
ZH_X39_0712_003:0572a11	等釋上殘義。是則僧是對懺之人。初殘是前後所與	003	等 釋 上 殘 義  是 則 僧 是 對 懺 之 人  初 殘 是 前 後 所 與 
ZH_X39_0712_003:0572a12	之法。斯乃從境立名也。以僧能除罪故。故本律上准	003	之 法  斯 乃 從 境 立 名 也  以 僧 能 除 罪 故  故 本 律 上 准 
ZH_X39_0712_003:0572a13	鈔應先引。婆沙云。僧伽者為僧。婆尸沙者是殘方接	003	鈔 應 先 引  婆 沙 云  僧 伽 者 為 僧  婆 尸 沙 者 是 殘 方 接 
ZH_X39_0712_003:0572a14	故。律下文則顯。本律與婆沙但名僧殘。不同善見更	003	故  律 下 文 則 顯  本 律 與 婆 沙 但 名 僧 殘  不 同 善 見 更 
ZH_X39_0712_003:0572a15	有初義。	003	有 初 義  
ZH_X39_0712_003:0572a16	由罪下雙釋僧殘義。有餘者不絕義也。又對初篇	003	由 罪 下 雙 釋 僧 殘 義  有 餘 者 不 絕 義 也  又 對 初 篇 
ZH_X39_0712_003:0572a17	是無餘故。又引母論者初喻立名。理須早救故。戒律	003	是 無 餘 故  又 引 母 論 者 初 喻 立 名  理 須 早 救 故  戒 律 
ZH_X39_0712_003:0572a18	云。若犯此罪。應施與波離婆沙等。由鄰重罪故也。	003	云  若 犯 此 罪  應 施 與 波 離 婆 沙 等  由 鄰 重 罪 故 也  
ZH_X39_0712_003:0572a19	了論下據受利彰稱。此餘殘者方得故。十上準事鈔。	003	了 論 下 據 受 利 彰 稱  此 餘 殘 者 方 得 故  十 上 準 事 鈔  
ZH_X39_0712_003:0572a20	應加義翻為墮四字。接下十誦釋成墮義。文旨方具。	003	應 加 義 翻 為 墮 四 字  接 下 十 誦 釋 成 墮 義  文 旨 方 具  
ZH_X39_0712_003:0572a21	應功用者。了疏立三功用。	003	應 功 用 者  了 疏 立 三 功 用  
ZH_X39_0712_003:0572a22	一下即功用防守。謂名種既多。威儀復細。易為毀犯。	003	一 下 即 功 用 防 守  謂 名 種 既 多  威 儀 復 細  易 為 毀 犯  
ZH_X39_0712_003:0572a23	故須防守。	003	故 須 防 守  
ZH_X39_0712_003:0572a24	二下即功用了別。謂此罪中性遮相雜故。且如單墮	003	二 下 即 功 用 了 別  謂 此 罪 中 性 遮 相 雜 故  且 如 單 墮 
ZH_X39_0712_003:0572b01	中三十名性惡。六十號遮戒。故須了別也。	003	中 三 十 名 性 惡  六 十 號 遮 戒  故 須 了 別 也  
ZH_X39_0712_003:0572b02	三下即功用對治。使有犯者不令廣作。大叫喚。即六	003	三 下 即 功 用 對 治  使 有 犯 者 不 令 廣 作  大 叫 喚  即 六 
ZH_X39_0712_003:0572b03	獄中第四獄也。燋熱心。即初犯時心熱惱故。果時指	003	獄 中 第 四 獄 也  燋 熱 心  即 初 犯 時 心 熱 惱 故  果 時 指 
ZH_X39_0712_003:0572b04	獄火燒然也。	003	獄 火 燒 然 也  
ZH_X39_0712_003:0572b05	義下。此從對治境。以立名也。故下引證。	003	義 下  此 從 對 治 境  以 立 名 也  故 下 引 證  
ZH_X39_0712_003:0572b06	準下罪名可云可訶。向彼悔自屬對治境。非關此罪	003	準 下 罪 名 可 云 可 訶  向 彼 悔 自 屬 對 治 境  非 關 此 罪 
ZH_X39_0712_003:0572b07	之相也。	003	之 相 也  
ZH_X39_0712_003:0572b08	如下。善見云。突者惡也。吉羅者作也。今通該口業。故	003	如 下  善 見 云  突 者 惡 也  吉 羅 者 作 也  今 通 該 口 業  故 
ZH_X39_0712_003:0572b09	加惡說也。	003	加 惡 說 也  
ZH_X39_0712_003:0572b10	明下彼論云。所餘諸罪共學對及婆藪斗。律所說罪。	003	明 下 彼 論 云  所 餘 諸 罪 共 學 對 及 婆 藪 斗  律 所 說 罪  
ZH_X39_0712_003:0572b11	一切皆是第五獨柯多部攝。此是正量部名。以無別	003	一 切 皆 是 第 五 獨 柯 多 部 攝  此 是 正 量 部 名  以 無 別 
ZH_X39_0712_003:0572b12	身口業故。意是惡作翻之。又薩婆多云。突瑟几理多	003	身 口 業 故  意 是 惡 作 翻 之  又 薩 婆 多 云  突 瑟 几 理 多 
ZH_X39_0712_003:0572b13	用身口二業翻惡作。同翻一名。而義兩別。今言身口	003	用 身口二業 翻 惡 作  同 翻 一 名  而 義 兩 別  今 言 身 口 
ZH_X39_0712_003:0572b14	為非無非鼓動。有符婆論。	003	為 非 無 非 鼓 動  有 符 婆 論  
ZH_X39_0712_003:0572b15	藥法。古人準律藥犍度中有五種藥。故律云。病比丘	003	藥 法  古 人 準 律 藥 犍 度 中 有 五 種 藥  故 律 云  病 比 丘 
ZH_X39_0712_003:0572b16	須五種根藥。佛言聽服等。今亦可立五種教藥也。初	003	須 五 種 根 藥  佛 言 聽 服 等  今 亦 可 立 五 種 教 藥 也  初 
ZH_X39_0712_003:0572b17	篇滅擯。二篇僧法。三四兩篇對首三說一說悔。下篇	003	篇 滅 擯  二 篇 僧 法  三 四 兩 篇 對 首 三 說 一 說 悔  下 篇 
ZH_X39_0712_003:0572b18	對首心念。古師約此五種法藥治五犯病。故立五篇	003	對 首 心 念  古 師 約 此 五 種 法 藥 治 五 犯 病  故 立 五 篇 
ZH_X39_0712_003:0572b19	也。	003	也  
ZH_X39_0712_003:0572b20	若下。若云例律五藥立五篇者。且如七聚應有七藥。	003	若 下  若 云 例 律 五 藥 立 五 篇 者  且 如 七 聚 應 有 七 藥  
ZH_X39_0712_003:0572b21	又如七毗尼殄四諍。應須立七諍。以應七藥故。義既	003	又 如 七 毗 尼 殄 四 諍  應 須 立 七 諍  以 應 七 藥 故  義 既 
ZH_X39_0712_003:0572b22	非可。故曰不爾。	003	非 可  故 曰 不 爾  
ZH_X39_0712_003:0572b23	蓋下良由至人隨所化方恊機符理。合宜說五也。	003	蓋 下 良 由 至 人 隨 所 化 方 恊 機 符 理  合 宜 說 五 也  
ZH_X39_0712_003:0572b24	前下會助昔義。謂佛設教藥。通塞不定。宜作四句簡	003	前 下 會 助 昔 義  謂 佛 設 教 藥  通 塞 不 定  宜 作 四 句 簡 
ZH_X39_0712_003:0572c01	之。通前七藥七諍之難。四輪者。成實云。一住善處。二	003	之  通 前 七 藥 七 諍 之 難  四 輪 者  成 實 云  一 住 善 處  二 
ZH_X39_0712_003:0572c02	依善人。三發正念。四植善根。初輪摧五難。三塗長壽	003	依 善 人  三 發 正 念  四 植 善 根  初 輪 摧 五 難  三 塗 長 壽 
ZH_X39_0712_003:0572c03	單。二摧佛前後。三摧惑智聰。四摧聾盲瘂。第四藥病	003	單  二 摧 佛 前 後  三 摧 惑 智 聰  四 摧 聾 盲 瘂  第 四 藥 病 
ZH_X39_0712_003:0572c04	俱不等句文略。如說諸教通為群機是也。	003	俱 不 等 句 文 略  如 說 諸 教 通 為 群 機 是 也  
ZH_X39_0712_003:0572c05	問下。凡言藥者治病為功。下篇依法懺除。復本清淨。	003	問 下  凡 言 藥 者 治 病 為 功  下 篇 依 法 懺 除  復 本 清 淨  
ZH_X39_0712_003:0572c06	則藥義明矣。初篇滅擯非差病功則藥義失矣。何得	003	則 藥 義 明 矣  初 篇 滅 擯 非 差 病 功 則 藥 義 失 矣  何 得 
ZH_X39_0712_003:0572c07	俱名五藥耶。無任僧務者。不入羯磨僧數。隨辨生	003	俱 名 五 藥 耶  無 任 僧 務 者  不 入 羯 磨 僧 數  隨 辨 生 
ZH_X39_0712_003:0572c08	善滅惡之事。不能成決。	003	善 滅 惡 之 事  不 能 成 決  
ZH_X39_0712_003:0572c09	彼下。妄應僧法不思洗過。彼負也。僧容濫進同法成	003	彼 下  妄 應 僧 法 不 思 洗 過  彼 負 也  僧 容 濫 進 同 法 成 
ZH_X39_0712_003:0572c10	非。自負也。坌。通俗文云。[土*孛]土曰坌。今謂加擯之後。更	003	非  自 負 也  坌  通 俗 文 云  [土孛] 土 曰 坌  今 謂 加 擯 之 後  更 
ZH_X39_0712_003:0572c11	無因緣可坌污僧也。以人盡知非故。清穆。爾雅云穆	003	無 因 緣 可 坌 污 僧 也  以 人 盡 知 非 故  清 穆  爾 雅 云 穆 
ZH_X39_0712_003:0572c12	敬也。又和美也。	003	敬 也  又 和 美 也  
ZH_X39_0712_003:0572c13	問下。若言隨對教藥治五犯故。以立五篇者微似有	003	問 下  若 言 隨 對 教 藥 治 五 犯 故  以 立 五 篇 者 微 似 有 
ZH_X39_0712_003:0572c14	旨。此二句縱也。	003	旨  此 二 句 縱 也  
ZH_X39_0712_003:0572c15	今下正難。慮其教藥未足。且如五中不攝偷蘭。若有	003	今 下 正 難  慮 其 教 藥 未 足  且 如 五 中 不 攝 偷 蘭  若 有 
ZH_X39_0712_003:0572c16	犯者將何藥治。又初篇無覆開懺。有覆滅擯。則一篇	003	犯 者 將 何 藥 治  又 初 篇 無 覆 開 懺  有 覆 滅 擯  則 一 篇 
ZH_X39_0712_003:0572c17	加二藥。下至吉羅有故誤兩犯。亦須同上。初篇應加	003	加 二 藥  下 至 吉 羅 有 故 誤 兩 犯  亦 須 同 上  初 篇 應 加 
ZH_X39_0712_003:0572c18	二藥。斯則有無多少不均矣。何言五藥對立五篇。重	003	二 藥  斯 則 有 無 多 少 不 均 矣  何 言 五 藥 對 立 五 篇  重 
ZH_X39_0712_003:0572c19	解者。望前助昔故曰重解。	003	解 者  望 前 助 昔 故 曰 重 解  
ZH_X39_0712_003:0572c20	至下。雙治二病曰通。單治一病曰塞。蘭罪雖曰在聚。	003	至 下  雙 治 二 病 曰 通  單 治 一 病 曰 塞  蘭 罪 雖 曰 在 聚  
ZH_X39_0712_003:0572c21	懺時既通對首。亦在五藥所收。初重兩治者。覆則擯	003	懺 時 既 通 對 首  亦 在 五 藥 所 收  初 重 兩 治 者  覆 則 擯 
ZH_X39_0712_003:0572c22	辨初藥所收。發露開懺。即第二藥攝。	003	辨 初 藥 所 收  發 露 開 懺  即 第 二 藥 攝  
ZH_X39_0712_003:0572c23	第下。吉羅故作對人。亦同對首。當第四藥。誤作心念	003	第 下  吉 羅 故 作 對 人  亦 同 對 首  當 第 四 藥  誤 作 心 念 
ZH_X39_0712_003:0572c24	在第五藥。若然通塞之意。又何惑焉。如七滅者。現前	003	在 第 五 藥  若 然 通 塞 之 意  又 何 惑 焉  如 七 滅 者  現 前 
ZH_X39_0712_003:0573a01	通殄四諍。憶念對治則局。下文云。無著羅漢方行此	003	通 殄 四 諍  憶 念 對 治 則 局  下 文 云  無 著 羅 漢 方 行 此 
ZH_X39_0712_003:0573a02	法。自餘下凡不可依據。三法五法者。重指現前一藥	003	法  自 餘 下 凡 不 可 依 據  三 法 五 法 者  重 指 現 前 一 藥 
ZH_X39_0712_003:0573a03	自分通塞。且如言諍。下品用三法現前滅。中品用五	003	自 分 通 塞  且 如 言 諍  下 品 用 三 法 現 前 滅  中 品 用 五 
ZH_X39_0712_003:0573a04	法現前。彼藥尚爾。例今藥病雖五。及至設藥對治。非	003	法 現 前  彼 藥 尚 爾  例 今 藥 病 雖 五  及 至 設 藥 對 治  非 
ZH_X39_0712_003:0573a05	無通塞。故下。示通局相也。且如捨墮本對首藥。若乞	003	無 通 塞  故 下  示 通 局 相 也  且 如 捨 墮 本 對 首 藥  若 乞 
ZH_X39_0712_003:0573a06	鉢罪須僧中懺。故大鈔云。僧捨墮中自他分二。一者	003	鉢 罪 須 僧 中 懺  故 大 鈔 云  僧 捨 墮 中 自 他 分 二  一 者 
ZH_X39_0712_003:0573a07	自捨。如乞言綿用為衣服。但自斬壞不須對境。二者	003	自 捨  如 乞 言 綿 用 為 衣 服  但 自 斬 壞 不 須 對 境  二 者 
ZH_X39_0712_003:0573a08	對他道俗分二。兩種寶戒必捨俗人。餘二十七則對	003	對 他 道 俗 分 二  兩 種 寶 戒 必 捨 俗 人  餘 二 十 七 則 對 
ZH_X39_0712_003:0573a09	道捨。通局分二。乞鉢一戒要本住處。又在僧中行鉢	003	道 捨  通 局 分 二  乞 鉢 一 戒 要 本 住 處  又 在 僧 中 行 鉢 
ZH_X39_0712_003:0573a10	等法。違則不成。餘二十六。處通彼此。人含僧別。各有	003	等 法  違 則 不 成  餘 二 十 六  處 通 彼 此  人 含 僧 別  各 有 
ZH_X39_0712_003:0573a11	意致。不可一準。	003	意 致  不 可 一 準  
ZH_X39_0712_003:0573a12	餘下。彼云行鉢法者。一鉢支身足堪助道。方廣乞求	003	餘 下  彼 云 行 鉢 法 者  一 鉢 支 身 足 堪 助 道  方 廣 乞 求 
ZH_X39_0712_003:0573a13	妨業招譏。好者奪留。惡者轉換。若不告曰無由得知。	003	妨 業 招 譏  好 者 奪 留  惡 者 轉 換  若 不 告 曰 無 由 得 知  
ZH_X39_0712_003:0573a14	已上皆是大師成就。古人對罪立藥義也。是故律	003	已 上 皆 是 大 師 成 就  古 人 對 罪 立 藥 義 也  是 故 律 
ZH_X39_0712_003:0573a15	序下。彼云所以五王者。由世諍訟故。眾人之所舉。古	003	序 下  彼 云 所 以 五 王 者  由 世 諍 訟 故  眾 人 之 所 舉  古 
ZH_X39_0712_003:0573a16	昔之常法。犯罪者知法。順法者成就。戒律亦如是。如	003	昔 之 常 法  犯 罪 者 知 法  順 法 者 成 就  戒 律 亦 如 是  如 
ZH_X39_0712_003:0573a17	王治正法誹謗。見論云。我等出家棄捨財色。於世名	003	王 治 正 法 誹 謗  見 論 云  我 等 出 家 棄 捨 財 色  於 世 名 
ZH_X39_0712_003:0573a18	利無所希求。云何如來反以木叉繫縛於我。乃至令	003	利 無所希求  云 何 如 來 反 以 木 叉 繫 縛 於 我  乃 至 令 
ZH_X39_0712_003:0573a19	法疾滅等。如下。彼云如世醫師未善治病。見人始	003	法 疾 滅 等  如 下  彼 云 如 世 醫 師 未 善 治 病  見 人 始 
ZH_X39_0712_003:0573a20	欲生癕。未火成就。輙為破之。病曰。我本無病。強為破	003	欲 生 癕  未 火 成 就  輙 為 破 之  病 曰  我 本 無 病  強 為 破 
ZH_X39_0712_003:0573a21	之。受大苦痛。聲聞弟子亦復如是。若先結戒而生誹	003	之  受 大 苦 痛  聲聞弟子 亦復如是  若 先 結 戒 而 生 誹 
ZH_X39_0712_003:0573a22	謗。我自無罪強為結戒。是故如來不先制也。所防	003	謗  我 自 無 罪 強 為 結 戒  是 故 如 來 不 先 制 也  所 防 
ZH_X39_0712_003:0573a23	即所犯罪也。如前。指上兩教所為中廣必待犯也。	003	即 所 犯 罪 也  如 前  指 上 兩 教 所 為 中 廣 必 待 犯 也  
ZH_X39_0712_003:0573a24	若准僧祗。初之四罪即有次第。餘者前後不定。今者	003	若 准 僧 祗  初 之 四 罪 即 有 次 第  餘 者 前 後 不 定  今 者 
ZH_X39_0712_003:0573b01	指能防也。謂五篇之次第有何誠據耶。持律。諸結集	003	指 能 防 也  謂 五 篇 之 次 第 有 何 誠 據 耶  持 律  諸 結 集 
ZH_X39_0712_003:0573b02	聖人也。結集。即五百結集中。彼云集中彼云集比丘	003	聖 人 也  結 集  即 五百結集 中  彼 云 集 中 彼 云 集 比 丘 
ZH_X39_0712_003:0573b03	一切事在一處。為比丘律。比丘尼事在一切處。為比	003	一 切 事 在 一 處  為 比 丘 律  比 丘 尼 事 在 一 切 處  為 比 
ZH_X39_0712_003:0573b04	丘尼律。一切受戒法集一處。為受戒犍度等。勒。約勒	003	丘 尼 律  一 切 受 戒 法 集 一 處  為 受 戒 犍 度 等  勒  約 勒 
ZH_X39_0712_003:0573b05	也。	003	也  
ZH_X39_0712_003:0573b06	又下結前。據下生後。能治即四戒。對淫等為所	003	又 下 結 前  據 下 生 後  能 治 即 四 戒  對 淫 等 為 所 
ZH_X39_0712_003:0573b07	治。綱網。書云若網之在綱。有條而不紊。匡。輔助也。	003	治  綱 網  書 云 若 網 之 在 綱  有 條 而 不 紊  匡  輔 助 也  
ZH_X39_0712_003:0573b08	謂僧殘中為法行之網。脫羅犯位。則匡輔恢化之道。	003	謂 僧 殘 中 為 法 行 之 網  脫 羅 犯 位  則 匡 輔 恢 化 之 道  
ZH_X39_0712_003:0573b09	斯為委地。故次而立之。身口等者。生第三篇意。自此	003	斯 為 委 地  故 次 而 立 之  身 口 等 者  生 第 三 篇 意  自 此 
ZH_X39_0712_003:0573b10	已下屬威儀行。	003	已 下 屬 威 儀 行  
ZH_X39_0712_003:0573b11	上下結第三篇。瑕。玉中病也。禮曰瑜不掩瑕。是知良	003	上 下 結 第 三 篇  瑕  玉 中 病 也  禮 曰 瑜 不 掩 瑕  是 知 良 
ZH_X39_0712_003:0573b12	玉比德於君子。圭璋見美於詩人。故今言無瑕可喻	003	玉 比 德 於 君 子  圭 璋 見 美 於 詩 人  故 今 言 無 瑕 可 喻 
ZH_X39_0712_003:0573b13	比丘之淨也。	003	比 丘 之 淨 也  
ZH_X39_0712_003:0573b14	若下。如受非親尼衣食。及諸學眾受食等。皆為世譏	003	若 下  如 受 非 親 尼 衣 食  及 諸 學 眾 受 食 等  皆 為 世 譏 
ZH_X39_0712_003:0573b15	也。	003	也  
ZH_X39_0712_003:0573b16	若不下。以眾學百戒中。二十六戒敬佛。八戒敬法。五	003	若 不 下  以 眾 學 百 戒 中  二 十 六 戒 敬 佛  八 戒 敬 法  五 
ZH_X39_0712_003:0573b17	十一戒敬僧。四儀雜辨凡一十五戒。如是眾行要第	003	十 一 戒 敬 僧  四 儀 雜 辨 凡 一 十 五 戒  如 是 眾 行 要 第 
ZH_X39_0712_003:0573b18	五篇也。	003	五 篇 也  
ZH_X39_0712_003:0573b19	問下。意謂上二篇麤現者則易持難犯。對下三篇。則	003	問 下  意 謂 上 二 篇 麤 現 者 則 易 持 難 犯  對 下 三 篇  則 
ZH_X39_0712_003:0573b20	又反是。何言勝那。一槩猶一端也。禮記云。夫言豈	003	又 反 是  何 言 勝 那  一 槩 猶 一 端 也  禮 記 云  夫 言 豈 
ZH_X39_0712_003:0573b21	一端而已。康成注云。一端言一槩也。	003	一 端 而 已  康 成 注 云  一 端 言 一 槩 也  
ZH_X39_0712_003:0573b22	又下。如昔有一毒龍。于時五百羅漢降之不得。有一	003	又 下  如 昔 有 一 毒 龍  于 時 五 百 羅 漢 降 之 不 得  有 一 
ZH_X39_0712_003:0573b23	無學告云。賢善遠去。龍即逃形。或者詰之。答曰但輕	003	無 學 告 云  賢 善 遠 去  龍 即 逃 形  或 者 詰 之  答 曰 但 輕 
ZH_X39_0712_003:0573b24	重等持爾。金剛。謂金剛能摧碎於物。今雖小戒。能	003	重 等 持 爾  金 剛  謂 金 剛 能 摧 碎 於 物  今 雖 小 戒  能 
ZH_X39_0712_003:0573c01	摧於淨行也。故當須之。浮囊。涅槃中如乘浮囊。不	003	摧 於 淨 行 也  故 當 須 之  浮 囊  涅 槃 中 如 乘 浮 囊  不 
ZH_X39_0712_003:0573c02	為羅剎所乞。一全乞喻犯四重。二乞半喻犯十三。三	003	為 羅 剎 所 乞  一 全 乞 喻 犯 四 重  二 乞 半 喻 犯 十 三  三 
ZH_X39_0712_003:0573c03	乞手許喻犯偷蘭。四乞指許喻犯二提。五乞微塵許	003	乞 手 許 喻 犯 偷 蘭  四 乞 指 許 喻 犯 二 提  五 乞 微 塵 許 
ZH_X39_0712_003:0573c04	喻犯吉羅。彼以菩薩輕重齊護故也。案浮囊之說。西	003	喻 犯 吉 羅  彼 以 菩 薩 輕 重 齊 護 故 也  案 浮 囊 之 說  西 
ZH_X39_0712_003:0573c05	域渡海者。賷鳥翎毛袋。或巨牛脬。若海舶遭溺。則吹	003	域 渡 海 者  賷 鳥 翎 毛 袋  或 巨 牛 脬  若 海 舶 遭 溺  則 吹 
ZH_X39_0712_003:0573c06	氣浮身而獲濟矣。講論。和解評度之謂也。	003	氣 浮 身 而 獲 濟 矣  講 論  和 解 評 度 之 謂 也  
ZH_X39_0712_003:0573c07	唯識下。斥古人師心普例開決。	003	唯 識 下  斥 古 人 師 心 普 例 開 決  
ZH_X39_0712_003:0573c08	云何下昔人徵釋聚義。	003	云 何 下 昔 人 徵 釋 聚 義  
ZH_X39_0712_003:0573c09	若下轉破。言此二既不編在一處。應非聚收。	003	若 下 轉 破  言 此 二 既 不 編 在 一 處  應 非 聚 收  
ZH_X39_0712_003:0573c10	今下。謂古人約現在戒本。能詮文中所收眾罪曰聚。	003	今 下  謂 古 人 約 現 在 戒 本  能 詮 文 中 所 收 眾 罪 曰 聚  
ZH_X39_0712_003:0573c11	今則不然。前文云。如律五犯以名收罪。此則義通。誠	003	今 則 不 然  前 文 云  如 律 五 犯 以 名 收 罪  此 則 義 通  誠 
ZH_X39_0712_003:0573c12	有旨也。名聚。即名言聚在一處也。止。只也。意謂古	003	有 旨 也  名 聚  即 名 言 聚 在 一 處 也  止  只 也  意 謂 古 
ZH_X39_0712_003:0573c13	人在文可說為聚者。如律夏不依止持律人住。犯提	003	人 在 文 可 說 為 聚 者  如 律 夏 不 依 止 持 律 人 住  犯 提 
ZH_X39_0712_003:0573c14	應無所攝主。於達越威儀。律言應如法治。此則通乎	003	應 無 所 攝 主  於 達 越 威 儀  律 言 應 如 法 治  此 則 通 乎 
ZH_X39_0712_003:0573c15	眾相。何止名聚所收哉。	003	眾 相  何 止 名 聚 所 收 哉  
ZH_X39_0712_003:0573c16	即下。謂辨折離分五篇六聚七聚之意也。	003	即 下  謂 辨 折 離 分 五 篇 六 聚 七 聚 之 意 也  
ZH_X39_0712_003:0573c17	是以下。古德所謂隨逐身口二業惡說義上離出五	003	是 以 下  古 德 所 謂 隨 逐 身口二業 惡 說 義 上 離 出 五 
ZH_X39_0712_003:0573c18	聚。五中不可以攝者。還自歸收。惡作惡說二聚業位	003	聚  五 中 不 可 以 攝 者  還 自 歸 收  惡 作 惡 說 二 聚 業 位 
ZH_X39_0712_003:0573c19	也。復將二配五。故有七聚。聖量。謂非聖人之言量。何	003	也  復 將 二 配 五  故 有 七 聚  聖 量  謂 非 聖 人 之 言 量  何 
ZH_X39_0712_003:0573c20	可憑乎。	003	可 憑 乎  
ZH_X39_0712_003:0573c21	若言下。若云身口惡作等用收眾罪。又分出五聚者。	003	若 言 下  若 云 身 口 惡 作 等 用 收 眾 罪  又 分 出 五 聚 者  
ZH_X39_0712_003:0573c22	原其惡作等罪因。達略教制廣方有。何可言分出	003	原 其 惡 作 等 罪 因  達 略 教 制 廣 方 有  何 可 言 分 出 
ZH_X39_0712_003:0573c23	耶。	003	耶  
ZH_X39_0712_003:0573c24	若未下。又若未制廣前通途頓有惡作等吉者。俗士	003	若 未 下  又 若 未 制 廣 前 通 途 頓 有 惡 作 等 吉 者  俗 士 
ZH_X39_0712_003:0574a01	造犯。應入吉聚。	003	造 犯  應 入 吉 聚  
ZH_X39_0712_003:0574a02	若別下。又若云制廣教後對僧別立惡作者。五年冬	003	若 別 下  又 若 云 制 廣 教 後 對 僧 別 立 惡 作 者  五 年 冬 
ZH_X39_0712_003:0574a03	分方制初戒。爾時未兆吉羅。由廣未具故。亦不應言	003	分 方 制 初 戒  爾 時 未 兆 吉 羅  由 廣 未 具 故  亦 不 應 言 
ZH_X39_0712_003:0574a04	離出五聚。是則進退為妨。用擬。擬度也。	003	離 出 五 聚  是 則 進 退 為 妨  用 擬  擬 度 也  
ZH_X39_0712_003:0574a05	此下反斥。若云借後擬前。何止惡作等。二吉。由七聚	003	此 下 反 斥  若 云 借 後 擬 前  何 止 惡 作 等  二 吉  由 七 聚 
ZH_X39_0712_003:0574a06	俱在後故。亦可俱借用擬前罪。如云夷殘等離出五	003	俱 在 後 故  亦 可 俱 借 用 擬 前 罪  如 云 夷 殘 等 離 出 五 
ZH_X39_0712_003:0574a07	聚亦可也。	003	聚 亦 可 也  
ZH_X39_0712_003:0574a08	如下。始從昔解。終至離分俱為臆說。	003	如 下  始 從 昔 解  終 至 離 分 俱 為 臆 說  
ZH_X39_0712_003:0574a09	如下。色等五塵。非無日用未可著也。例上古義雖顯	003	如 下  色 等 五 塵  非 無 日 用 未 可 著 也  例 上 古 義 雖 顯 
ZH_X39_0712_003:0574a10	相通。敘貴人識非不得著也。以非聖量故。	003	相 通  敘 貴 人 識 非 不 得 著 也  以 非 聖 量 故  
ZH_X39_0712_003:0574a11	或立下。謂就所結罪業以收之。如前云但有罪相輕	003	或 立 下  謂 就 所 結 罪 業 以 收 之  如 前 云 但 有 罪 相 輕 
ZH_X39_0712_003:0574a12	重不同。或七或五。統以收之。或下。即波羅夷等。前所	003	重 不 同  或 七 或 五  統 以 收 之  或 下  即 波 羅 夷 等  前 所 
ZH_X39_0712_003:0574a13	謂隨名束罪。用通篇聚。隨迷者。謂眾生迷心偏重。	003	謂 隨 名 束 罪  用 通 篇 聚  隨 迷 者  謂 眾 生 迷 心 偏 重  
ZH_X39_0712_003:0574a14	故大聖開心為四。於色立一。合名五陰。又於心色俱	003	故 大 聖 開 心 為 四  於 色 立 一  合 名 五 陰  又 於 心 色 俱 
ZH_X39_0712_003:0574a15	迷。開色為十。離心為八。合十八界。又迷色偏重。故開	003	迷  開 色 為 十  離 心 為 八  合 十 八 界  又 迷 色 偏 重  故 開 
ZH_X39_0712_003:0574a16	色為十。分心為二。合十二入。以彼例此。皆隨迷者而	003	色 為 十  分 心 為 二  合 十 二 入  以 彼 例 此  皆 隨 迷 者 而 
ZH_X39_0712_003:0574a17	設也。三階。即輕重來報因果也。	003	設 也  三 階  即 輕 重 來 報 因 果 也  
ZH_X39_0712_003:0574a18	定下隨次釋之。來報。約目蓮問經。將六天壽劫校六	003	定 下 隨 次 釋 之  來 報  約 目 蓮 問 經  將 六 天 壽 劫 校 六 
ZH_X39_0712_003:0574a19	聚罪報是也。鈔云正結罪科。止樹六法。	003	聚 罪 報 是 也  鈔 云 正 結 罪 科  止 樹 六 法  
ZH_X39_0712_003:0574a20	果由因成者。假蘭吉等方便。以克果本也。	003	果 由 因 成 者  假 蘭 吉 等 方 便  以 克 果 本 也  
ZH_X39_0712_003:0574a21	因不感果者。緣差境脫擁住方便也。薳大也。悠悠。遐	003	因 不 感 果 者  緣 差 境 脫 擁 住 方 便 也  薳 大 也  悠 悠  遐 
ZH_X39_0712_003:0574a22	遠也。前篇。如上釋名中辨五是也。此不煩解。	003	遠 也  前 篇  如 上 釋 名 中 辨 五 是 也  此 不 煩 解  
ZH_X39_0712_003:0574a23	善見等者。大字。翻上偷蘭。障善道。譯上遮字。聲論正	003	善 見 等 者  大 字  翻 上 偷 蘭  障 善 道  譯 上 遮 字  聲 論 正 
ZH_X39_0712_003:0574a24	音薩偷蘭祗夜。翻為麤罪。二逆。殺父羅漢。或可破僧	003	音 薩 偷 蘭 祗 夜  翻 為 麤 罪  二 逆  殺 父 羅 漢  或 可 破 僧 
ZH_X39_0712_003:0574b01	出血。諸罪中此罪最大故。從具。即身口也。故成實云。	003	出 血  諸 罪 中 此 罪 最 大 故  從 具  即 身 口 也  故 成 實 云  
ZH_X39_0712_003:0574b02	論其身口乃造業具。通名去呼言作可收。於口言說	003	論 其 身 口 乃 造 業 具  通 名 去 呼 言 作 可 收  於 口 言 說 
ZH_X39_0712_003:0574b03	不攝於身。乃知作義長矣。	003	不 攝 於 身  乃 知 作 義 長 矣  
ZH_X39_0712_003:0574b04	善下。彼具云法師曰突者惡也。吉羅者作也。若據正	003	善 下  彼 具 云 法 師 曰 突 者 惡 也  吉 羅 者 作 也  若 據 正 
ZH_X39_0712_003:0574b05	量部。則用意翻惡作。由身口屬無記故。薩婆多則以	003	量 部  則 用 意 翻 惡 作  由 身 口 屬 無 記 故  薩 婆 多 則 以 
ZH_X39_0712_003:0574b06	身口翻惡作。故鈔云。同翻一名而義兩別。有人。指首	003	身 口 翻 惡 作  故 鈔 云  同 翻 一 名 而 義 兩 別  有 人  指 首 
ZH_X39_0712_003:0574b07	疏也。	003	疏 也  
ZH_X39_0712_003:0574b08	從法。四分云。波羅夷者無餘也。此從眾法絕分為名。	003	從 法  四 分 云  波 羅 夷 者 無 餘 也  此 從 眾 法 絕 分 為 名  
ZH_X39_0712_003:0574b09	僧殘者有餘也。此從行法不絕為稱。從過。了論解。偷	003	僧 殘 者 有 餘 也  此 從 行 法 不 絕 為 稱  從 過  了 論 解  偷 
ZH_X39_0712_003:0574b10	蘭為麤。遮耶為過。又善見云。能障善道後墮。	003	蘭 為 麤  遮 耶 為 過  又 善 見 云  能 障 善 道 後 墮  
ZH_X39_0712_003:0574b11	惡果者。十誦云。墮燒煑覆障獄故對治。了論所翻各	003	惡 果 者  十 誦 云  墮 燒 煑 覆 障 獄 故 對 治  了 論 所 翻 各 
ZH_X39_0712_003:0574b12	對應說。即對人說所作罪也。從具。即身口惡作等。以	003	對 應 說  即 對 人 說 所 作 罪 也  從 具  即 身 口 惡 作 等  以 
ZH_X39_0712_003:0574b13	身口是造善作惡之具。極惡。僧祗義當極惡。凡有三	003	身 口 是 造 善 作 惡 之 具  極 惡  僧 祗 義 當 極 惡  凡 有 三 
ZH_X39_0712_003:0574b14	意。一退沒。道果無分故。二不共住。不入二種僧數故。	003	意  一 退 沒  道 果 無 分 故  二 不 共 住  不 入 二 種 僧 數 故  
ZH_X39_0712_003:0574b15	三墮落。形謝沉獄故。體境者。言殘則罪體也。言僧則	003	三 墮 落  形 謝 沉 獄 故  體 境 者  言 殘 則 罪 體 也  言 僧 則 
ZH_X39_0712_003:0574b16	懺境也。障道。即大障善道也。前解。即四從果。五從治。	003	懺 境 也  障 道  即 大 障 善 道 也  前 解  即 四 從 果  五 從 治  
ZH_X39_0712_003:0574b17	六從具也。大疏即首疏。彼疏本無大字。蓋南山尊之	003	六 從 具 也  大 疏 即 首 疏  彼 疏 本 無 大 字  蓋 南 山 尊 之 
ZH_X39_0712_003:0574b18	也。諍名。諍七聚名也。	003	也  諍 名  諍 七 聚 名 也  
ZH_X39_0712_003:0574b19	神爽。爽明也。左傳云。心之精爽。言精神爽明也。不常	003	神 爽  爽 明 也  左 傳 云  心 之 精 爽  言 精 神 爽 明 也  不 常 
ZH_X39_0712_003:0574b20	何得及之。言義不可為常法。何得追而及之。故弗能	003	何 得 及 之  言 義 不 可 為 常 法  何 得 追 而 及 之  故 弗 能 
ZH_X39_0712_003:0574b21	敘也。	003	敘 也  
ZH_X39_0712_003:0574b22	蹊徑。蹊。釋名云。步涉道曰蹊。漢書曰。桃李不言下自	003	蹊 徑  蹊  釋 名 云  步 涉 道 曰 蹊  漢 書 曰  桃 李 不 言 下 自 
ZH_X39_0712_003:0574b23	成蹊。徑。劉熙云。徑逕也。言所逕由也。體相不倫者。偷	003	成 蹊  徑  劉 熙 云  徑 逕 也  言 所 逕 由 也  體 相 不 倫 者  偷 
ZH_X39_0712_003:0574b24	蘭體性相皃。分輕重正從之異故也。既非一轍。故單	003	蘭 體 性 相 皃  分 輕 重 正 從 之 異 故 也  既 非 一 轍  故 單 
ZH_X39_0712_003:0574c01	抽出。不定句末宜足者字。最初。如犯初篇者。佛呵言	003	抽 出  不 定 句 末 宜 足 者 字  最 初  如 犯 初 篇 者  佛 呵 言 
ZH_X39_0712_003:0574c02	何故最初犯戒。乃至犯吉亦爾。齊號。如律呵犯六聚	003	何 故 最 初 犯 戒  乃 至 犯 吉 亦 爾  齊 號  如 律 呵 犯 六 聚 
ZH_X39_0712_003:0574c03	者。皆云汝所犯者非威儀等。三聚。夷殘蘭也。故遮法	003	者  皆 云 汝 所 犯 者 非 威 儀 等  三 聚  夷 殘 蘭 也  故 遮 法 
ZH_X39_0712_003:0574c04	中佛問若破戒者。為夷即殘耶蘭耶。既在第三。即重	003	中 佛 問 若 破 戒 者  為 夷 即 殘 耶 蘭 耶  既 在 第 三  即 重 
ZH_X39_0712_003:0574c05	蘭矣。如獨頭正罪破僧盜四之類下四。提提舍惡作	003	蘭 矣  如 獨 頭 正 罪 破 僧 盜 四 之 類 下 四  提 提 舍 惡 作 
ZH_X39_0712_003:0574c06	惡說也。遮法云若破威儀者。為提耶乃至惡說耶。前	003	惡 說 也  遮 法 云 若 破 威 儀 者  為 提 耶 乃 至 惡 說 耶  前 
ZH_X39_0712_003:0574c07	四夷殘墮捨定具二均。後三即蘭惡作惡說。已均義	003	四 夷 殘 墮 捨 定 具 二 均  後 三 即 蘭 惡 作 惡 說  已 均 義 
ZH_X39_0712_003:0574c08	不具名雜。蘭則上接四均。下冠三雜。既當第五。則輕	003	不 具 名 雜  蘭 則 上 接 四 均  下 冠 三 雜  既 當 第 五  則 輕 
ZH_X39_0712_003:0574c09	蘭矣。如輕獨頭躶形用髮之類不同。古師解云。為因	003	蘭 矣  如 輕 獨 頭 躶 形 用 髮 之 類 不 同  古 師 解 云  為 因 
ZH_X39_0712_003:0574c10	故二。為果故五。為辨成他。他成故爾。若然者因果雖	003	故 二  為 果 故 五  為 辨 成 他  他 成 故 爾  若 然 者 因 果 雖 
ZH_X39_0712_003:0574c11	分兩處。輕重未免交雜。今師因果即不分。但分重者。	003	分 兩 處  輕 重 未 免 交 雜  今 師 因 果 即 不 分  但 分 重 者  
ZH_X39_0712_003:0574c12	是戒分總居第三。輕者是威儀皆在第五。又均雜往	003	是 戒 分 總 居 第 三  輕 者 是 威 儀 皆 在 第 五  又 均 雜 往 
ZH_X39_0712_003:0574c13	分偷蘭雜中之重亦在第五。故鈔云或在上下。抑有	003	分 偷 蘭 雜 中 之 重 亦 在 第 五  故 鈔 云 或 在 上 下  抑 有 
ZH_X39_0712_003:0574c14	由也。律中。即大僧戒本及遮法中也。可以類例。通解	003	由 也  律 中  即 大 僧 戒 本 及 遮 法 中 也  可 以 類 例  通 解 
ZH_X39_0712_003:0574c15	如上。即今古異評中三品。上品界內大眾悔。中品界	003	如 上  即 今 古 異 評 中 三 品  上 品 界 內 大 眾 悔  中 品 界 
ZH_X39_0712_003:0574c16	外四人悔。下品一人悔。鈔疏。即大鈔及業疏中。兩懺。	003	外 四 人 悔  下 品 一 人 悔  鈔 疏  即 大 鈔 及 業 疏 中  兩 懺  
ZH_X39_0712_003:0574c17	對首責心也。且者未專之稱。或者不定之辭。古人意	003	對 首 責 心 也  且 者 未 專 之 稱  或 者 不 定 之 辭  古 人 意 
ZH_X39_0712_003:0574c18	謂雖或許有責心之悔。然律中且不分輕重。二吉由	003	謂 雖 或 許 有 責 心 之 悔  然 律 中 且 不 分 輕 重  二 吉 由 
ZH_X39_0712_003:0574c19	是均。故得名篇也。二罪。一故作犯應懺突吉羅。又犯	003	是 均  故 得 名 篇 也  二 罪  一 故 作 犯 應 懺 突 吉 羅  又 犯 
ZH_X39_0712_003:0574c20	非威儀吉。二若非故作。但犯非儀一吉。今言除者。是	003	非 威 儀 吉  二 若 非 故 作  但 犯 非 儀 一 吉  今 言 除 者  是 
ZH_X39_0712_003:0574c21	除懺之除。非除去之除。此則二相炳然。何得云非本	003	除 懺 之 除  非 除 去 之 除  此 則 二 相 炳 然  何 得 云 非 本 
ZH_X39_0712_003:0574c22	律故。如了疏云。若通而言之俱名獨柯多。若輕重以	003	律 故  如 了 疏 云  若 通 而 言 之 俱 名 獨 柯 多  若 輕 重 以 
ZH_X39_0712_003:0574c23	分重名獨柯多。輕曰學對。言於輕罪隨學責心對治。	003	分 重 名 獨 柯 多  輕 曰 學 對  言 於 輕 罪 隨 學 責 心 對 治  
ZH_X39_0712_003:0574c24	又真諦云。此間不解分別輕重。通名眾學者繆矣。	003	又 真 諦 云  此 間 不 解 分 別 輕 重  通 名 眾 學 者 繆 矣  
ZH_X39_0712_003:0575a01	且下引例如文。三悔者。簡一說也。對獨。獨即責心。	003	且 下 引 例 如 文  三 悔 者  簡 一 說 也  對 獨  獨 即 責 心  
ZH_X39_0712_003:0575a02	答下。九十三十雖分僧別。悔時三說無異。吉羅雖分	003	答 下  九 十 三 十 雖 分 僧 別  悔 時 三 說 無 異  吉 羅 雖 分 
ZH_X39_0712_003:0575a03	二懺。一說清除故。可相比簡。	003	二 懺  一 說 清 除 故  可 相 比 簡  
ZH_X39_0712_003:0575a04	究竟者。猶言簡取究竟者。入篇即明了論解云。非四	003	究 竟 者  猶 言 簡 取 究 竟 者  入 篇 即 明 了 論 解 云  非 四 
ZH_X39_0712_003:0575a05	部所攝。所餘諸罪是也。或均即獨頭正果。或雜通輕	003	部 所 攝  所 餘 諸 罪 是 也  或 均 即 獨 頭 正 果  或 雜 通 輕 
ZH_X39_0712_003:0575a06	及因。或前。即戒分所收。或後。即威儀所攝。同墮者。上	003	及 因  或 前  即 戒 分 所 收  或 後  即 威 儀 所 攝  同 墮 者  上 
ZH_X39_0712_003:0575a07	品大眾用七法。中品小眾用六法(除懺主單白)下品一人	003	品 大 眾 用 七 法  中 品 小 眾 用 六 法  除 懺 主 單 白  下 品 一 人 
ZH_X39_0712_003:0575a08	具五法。皆同捨墮。廣有癈立。疏主既略故。不欲引而	003	具 五 法  皆 同 捨 墮  廣 有 癈 立  疏 主 既 略 故  不 欲 引 而 
ZH_X39_0712_003:0575a09	伸之。恐費時損業也。舉處。屏露兩處也。屏收三罪。露	003	伸 之  恐 費 時 損 業 也  舉 處  屏 露 兩 處 也  屏 收 三 罪  露 
ZH_X39_0712_003:0575a10	收二罪。託境以言。則通該六聚。及論罪體生他疑似。	003	收 二 罪  託 境 以 言  則 通 該 六 聚  及 論 罪 體 生 他 疑 似  
ZH_X39_0712_003:0575a11	則但結吉爾。故曰同篇聚也。若但論處而不該罪者。	003	則 但 結 吉 爾  故 曰 同 篇 聚 也  若 但 論 處 而 不 該 罪 者  
ZH_X39_0712_003:0575a12	則非篇聚所收。以非罪緣故。	003	則 非 篇 聚 所 收  以 非 罪 緣 故  
ZH_X39_0712_003:0575a13	七毗尼者。南山云。按經論毗尼名滅。以無為體。且無	003	七 毗 尼 者  南 山 云  按 經 論 毗 尼 名 滅  以 無 為 體  且 無 
ZH_X39_0712_003:0575a14	理一揆。更無殊狀。何有七滅。今隨緣而表且敘七而	003	理 一 揆  更 無 殊 狀  何 有 七 滅  今 隨 緣 而 表 且 敘 七 而 
ZH_X39_0712_003:0575a15	已。染淨者。清濁之謂也。如義鈔中犯諍惟濁。覓通清	003	已  染 淨 者  清 濁 之 謂 也  如 義 鈔 中 犯 諍 惟 濁  覓 通 清 
ZH_X39_0712_003:0575a16	濁。且如覓諍中通三毗尼。諍由人起。清濁未分。是以	003	濁  且 如 覓 諍 中 通 三 毗 尼  諍 由 人 起  清 濁 未 分  是 以 
ZH_X39_0712_003:0575a17	生諍。用憶念不癡定人清。罪處所定人濁。清濁已分。	003	生 諍  用 憶 念 不 癡 定 人 清  罪 處 所 定 人 濁  清 濁 已 分  
ZH_X39_0712_003:0575a18	諍情逐息。故持犯自明矣。制後。即制廣之後也。三善。	003	諍 情 逐 息  故 持 犯 自 明 矣  制 後  即 制 廣 之 後 也  三 善  
ZH_X39_0712_003:0575a19	既犯略教。則違背不貪等三善也。如上略教文云。修	003	既 犯 略 教  則 違 背 不 貪 等 三 善 也  如 上 略 教 文 云  修 
ZH_X39_0712_003:0575a20	捨三善三毒。又下文云。略教既被化初。多被攝心之	003	捨 三 善 三 毒  又 下 文 云  略 教 既 被 化 初  多 被 攝 心 之 
ZH_X39_0712_003:0575a21	士。今既違略則違善心。廣何所補者。似立難也。意云	003	士  今 既 違 略 則 違 善 心  廣 何 所 補 者  似 立 難 也  意 云 
ZH_X39_0712_003:0575a22	今若存略復結罪者。廣何所補。若補用略又何為也。	003	今 若 存 略 復 結 罪 者  廣 何 所 補  若 補 用 略 又 何 為 也  
ZH_X39_0712_003:0575a23	今下是釋。前云兩教相成通無廢立。兩犯者。犯略結	003	今 下 是 釋  前 云 兩 教 相 成 通 無 廢 立  兩 犯 者  犯 略 結 
ZH_X39_0712_003:0575a24	犯廣。隨篇治罪。若斯兩存。則智者不惑矣。	003	犯 廣  隨 篇 治 罪  若 斯 兩 存  則 智 者 不 惑 矣  
ZH_X39_0712_003:0575b01	四下。律中但言未至根本方便所收。且無遠次近等	003	四 下  律 中 但 言 未 至 根 本 方 便 所 收  且 無 遠 次 近 等 
ZH_X39_0712_003:0575b02	多少之數。是文不了。向下。引了疏釋。初二兩篇立三	003	多 少 之 數  是 文 不 了  向 下  引 了 疏 釋  初 二 兩 篇 立 三 
ZH_X39_0712_003:0575b03	方便為多。下諸篇聚立二方便為少也。	003	方 便 為 多  下 諸 篇 聚 立 二 方 便 為 少 也  
ZH_X39_0712_003:0575b04	此間者。真諦疏指此方也。如此土儒籍名篇。且如僧	003	此 間 者  真 諦 疏 指 此 方 也  如 此 土 儒 籍 名 篇  且 如 僧 
ZH_X39_0712_003:0575b05	祗是吳地所翻。故符此方典誥以名五篇。今真諦不	003	祗 是 吳 地 所 翻  故 符 此 方 典 誥 以 名 五 篇  今 真 諦 不 
ZH_X39_0712_003:0575b06	取篇號。但依律中本義名部。蓋取五犯中根條以成	003	取 篇 號  但 依 律 中 本 義 名 部  蓋 取 五 犯 中 根 條 以 成 
ZH_X39_0712_003:0575b07	部類耳。	003	部 類 耳  
ZH_X39_0712_003:0575b08	商度。指歸云商匠家作拱斗摸也。一摸定百千斗。皆	003	商 度  指 歸 云 商 匠 家 作 拱 斗 摸 也  一 摸 定 百 千 斗  皆 
ZH_X39_0712_003:0575b09	此法作。度入聲。漢書注度並也。今謂將此方篇名。比	003	此 法 作  度 入 聲  漢 書 注 度 並 也  今 謂 將 此 方 篇 名  比 
ZH_X39_0712_003:0575b10	並以翻。而言五篇。	003	並 以 翻  而 言 五 篇  
ZH_X39_0712_003:0575b11	一下。謂於一部中。以三方便成其果罪也。	003	一 下  謂 於 一 部 中  以 三 方 便 成 其 果 罪 也  
ZH_X39_0712_003:0575b12	二下。未至果時且曰方便。逮至究竟攬因成果。但懺	003	二 下  未 至 果 時 且 曰 方 便  逮 至 究 竟 攬 因 成 果  但 懺 
ZH_X39_0712_003:0575b13	果罪方便自滅。名隨順義也。十六罪。四根本外各加	003	果 罪 方 便 自 滅  名 隨 順 義 也  十 六 罪  四 根 本 外 各 加 
ZH_X39_0712_003:0575b14	三方便故。欲心。即內心淫意。身未逼境。口未彰言。此	003	三 方 便 故  欲 心  即 內 心 淫 意  身 未 逼 境  口 未 彰 言  此 
ZH_X39_0712_003:0575b15	名輕吉。理須責心。故律云起心不動身口。但自尅責	003	名 輕 吉  理 須 責 心  故 律 云 起 心 不 動 身 口  但 自 尅 責 
ZH_X39_0712_003:0575b16	是也。	003	是 也  
ZH_X39_0712_003:0575b17	就彼者。實亦未至境所。持犯云。動身口未到前境名	003	就 彼 者  實 亦 未 至 境 所  持 犯 云  動 身 口 未 到 前 境 名 
ZH_X39_0712_003:0575b18	次。通名。與上責心雖異。同號吉羅。	003	次  通 名  與 上 責 心 雖 異  同 號 吉 羅  
ZH_X39_0712_003:0575b19	若下會釋也。遠方便。遠即是次。名下。今師意謂上	003	若 下 會 釋 也  遠 方 便  遠 即 是 次  名 下  今 師 意 謂 上 
ZH_X39_0712_003:0575b20	了論次方便重吉。與十誦初篇遠方便蘭。兩名雖殊。	003	了 論 次 方 便 重 吉  與 十 誦 初 篇 遠 方 便 蘭  兩 名 雖 殊  
ZH_X39_0712_003:0575b21	對懺義一。故鈔云偷蘭吉羅。體通彼此。彼文。即十律	003	對 懺 義 一  故 鈔 云 偷 蘭 吉 羅  體 通 彼 此  彼 文  即 十 律 
ZH_X39_0712_003:0575b22	二篇。遠遠。亦次也。	003	二 篇  遠 遠  亦 次 也  
ZH_X39_0712_003:0575b23	若下。四分中成者波羅夷。不成者偷蘭。不同十誦蘭	003	若 下  四 分 中 成 者 波 羅 夷  不 成 者 偷 蘭  不 同 十 誦 蘭 
ZH_X39_0712_003:0575b24	分輕重。	003	分 輕 重  
ZH_X39_0712_003:0575c01	上律。即十誦。鈔者。指篇聚及懺篇也。問上十誦輕蘭	003	上 律  即 十 誦  鈔 者  指 篇 聚 及 懺 篇 也  問 上 十 誦 輕 蘭 
ZH_X39_0712_003:0575c02	四人邊懺。云何會通了論重吉耶。答准今疏意。懺蘭	003	四 人 邊 懺  云 何 會 通 了 論 重 吉 耶  答 准 今 疏 意  懺 蘭 
ZH_X39_0712_003:0575c03	實曰小眾。然悔時與吉無殊。懺主雖加問邊。正懺不	003	實 曰 小 眾  然 悔 時 與 吉 無 殊  懺 主 雖 加 問 邊  正 懺 不 
ZH_X39_0712_003:0575c04	離對首。故得明矣。疏云對人不殊。斯可照也。	003	離 對 首  故 得 明 矣  疏 云 對 人 不 殊  斯 可 照 也  
ZH_X39_0712_003:0575c05	為行上應先問云摩觸理一何以分殘蘭之異。將為	003	為 行 上 應 先 問 云 摩 觸 理 一 何 以 分 殘 蘭 之 異  將 為 
ZH_X39_0712_003:0575c06	下答之反顯。若為戲樂故觸。理須結殘。自為犯本。若	003	下 答 之 反 顯  若 為 戲 樂 故 觸  理 須 結 殘  自 為 犯 本  若 
ZH_X39_0712_003:0575c07	爾獨頭盜四應須結殘。答觸樂增生重婬。非假觸成。	003	爾 獨 頭 盜 四 應 須 結 殘  答 觸 樂 增 生 重 婬  非 假 觸 成  
ZH_X39_0712_003:0575c08	故結殘蘭異。盜四受樂少。盜五假四成。故與方便等。	003	故 結 殘 蘭 異  盜 四 受 樂 少  盜 五 假 四 成  故 與 方 便 等  
ZH_X39_0712_003:0575c09	從前至部也來。結成就根本義。次從若至不可懺來。	003	從 前 至 部 也 來  結 成 就 根 本 義  次 從 若 至 不 可 懺 來  
ZH_X39_0712_003:0575c10	結隨順根本義也。又此且約初篇一戒。釋成其義。餘	003	結 隨 順 根 本 義 也  又 此 且 約 初 篇 一 戒  釋 成 其 義  餘 
ZH_X39_0712_003:0575c11	之三戒及下諸篇例之取解。鈔。即大鈔。疏。即業疏。彼	003	之 三 戒 及 下 諸 篇 例 之 取 解  鈔  即 大 鈔  疏  即 業 疏  彼 
ZH_X39_0712_003:0575c12	云以三緣將至果處。七緣阻礙是方便收。無七緣者	003	云 以 三 緣 將 至 果 處  七 緣 阻 礙 是 方 便 收  無 七 緣 者 
ZH_X39_0712_003:0575c13	並八果本。又結罪者攬因成果。不同他部因成果已	003	並 八 果 本  又 結 罪 者 攬 因 成 果  不 同 他 部 因 成 果 已 
ZH_X39_0712_003:0575c14	更有本時方便。如斯等義任自採掇。必下。如時機爽	003	更 有 本 時 方 便  如 斯 等 義 任 自 採 掇  必 下  如 時 機 爽 
ZH_X39_0712_003:0575c15	拔。舉一兼該者宜略。反此宜廣。又敏銳好博者宜廣。	003	拔  舉 一 兼 該 者 宜 略  反 此 宜 廣  又 敏 銳 好 博 者 宜 廣  
ZH_X39_0712_003:0575c16	反此宜略。故易云初筮告再三瀆。瀆則不告見須恊	003	反 此 宜 略  故 易 云 初 筮 告 再 三 瀆  瀆 則 不 告 見 須 恊 
ZH_X39_0712_003:0575c17	機符理適時之變矣。	003	機 符 理 適 時 之 變 矣  
ZH_X39_0712_003:0575c18	至下。大釋論曰。智度大海唯佛窮底。古師云理盡淵	003	至 下  大 釋 論 曰  智 度 大 海 唯 佛 窮 底  古 師 云 理 盡 淵 
ZH_X39_0712_003:0575c19	府究暢實際乃名為底。即斯義也。	003	府 究 暢 實 際 乃 名 為 底  即 斯 義 也  
ZH_X39_0712_003:0575c20	遠資下。謂欲取前犯境者。須成假力勢以成其犯。如	003	遠 資 下  謂 欲 取 前 犯 境 者  須 成 假 力 勢 以 成 其 犯  如 
ZH_X39_0712_003:0575c21	下立自言感聖與盜作緣是也。若據事情名體。其實	003	下 立 自 言 感 聖 與 盜 作 緣 是 也  若 據 事 情 名 體  其 實 
ZH_X39_0712_003:0575c22	懸絕殊隔。由斯義故。所以稱遠。雖然及乎成就果本。	003	懸 絕 殊 隔  由 斯 義 故  所 以 稱 遠  雖 然 及 乎 成 就 果 本  
ZH_X39_0712_003:0575c23	非不假此為其別因。自言等者。此大妄中言了即	003	非 不 假 此 為 其 別 因  自 言 等 者  此 大 妄 中 言 了 即 
ZH_X39_0712_003:0575c24	結。望後得利。此復為緣。屬遠方便。支類。支分種類也。	003	結  望 後 得 利  此 復 為 緣  屬 遠 方 便  支 類  支 分 種 類 也  
ZH_X39_0712_003:0576a01	好嘆身等戒皆是也。取衣。三十中取非親尼衣。九十	003	好 嘆 身 等 戒 皆 是 也  取 衣  三 十 中 取 非 親 尼 衣  九 十 
ZH_X39_0712_003:0576a02	中與非親尼作衣。又捨墮中浣染衣毛。單提中與尼	003	中 與 非 親 尼 作 衣  又 捨 墮 中 浣 染 衣 毛  單 提 中 與 尼 
ZH_X39_0712_003:0576a03	屏坐等戒。若因此故。摩觸麤語為殘方便。後致染故	003	屏 坐 等 戒  若 因 此 故  摩 觸 麤 語 為 殘 方 便  後 致 染 故 
ZH_X39_0712_003:0576a04	為夷方便。	003	為 夷 方 便  
ZH_X39_0712_003:0576a05	乃下。提舍中取尼食食尼指授食等。及吉羅中白衣	003	乃 下  提 舍 中 取 尼 食 食 尼 指 授 食 等  及 吉 羅 中 白 衣 
ZH_X39_0712_003:0576a06	舍等戒。皆通為初二而遠作犯緣。	003	舍 等 戒  皆 通 為 初 二 而 遠 作 犯 緣  
ZH_X39_0712_003:0576a07	如下。引例以明。自覆非他覆。教他非自為。故體不相	003	如 下  引 例 以 明  自 覆 非 他 覆  教 他 非 自 為  故 體 不 相 
ZH_X39_0712_003:0576a08	及也。雖然非無後習亦可為緣。如因覆小故以成於	003	及 也  雖 然 非 無 後 習 亦 可 為 緣  如 因 覆 小 故 以 成 於 
ZH_X39_0712_003:0576a09	大。教他非故自亦容染是也。	003	大  教 他 非 故 自 亦 容 染 是 也  
ZH_X39_0712_003:0576a10	兩不通涉者。緣與果體異。故律文下。證前自言感聖	003	兩 不 通 涉 者  緣 與 果 體 異  故 律 文 下  證 前 自 言 感 聖 
ZH_X39_0712_003:0576a11	為盜之緣。則夷中遠方便義不失矣。三方便。古師通	003	為 盜 之 緣  則 夷 中 遠 方 便 義 不 失 矣  三 方 便  古 師 通 
ZH_X39_0712_003:0576a12	合為近。故下文云。如前了論立三方便。此義合之總	003	合 為 近  故 下 文 云  如 前 了 論 立 三 方 便  此 義 合 之 總 
ZH_X39_0712_003:0576a13	名為近。心規。規求也。	003	名 為 近  心 規  規 求 也  
ZH_X39_0712_003:0576a14	剋漫。專剋浟漫也。如專必殺人是剋。通擬餘趣是漫。	003	剋 漫  專 剋 浟 漫 也  如 專 必 殺 人 是 剋  通 擬 餘 趣 是 漫  
ZH_X39_0712_003:0576a15	雖然望心無間。故曰進趣。	003	雖 然 望 心 無 間  故 曰 進 趣  
ZH_X39_0712_003:0576a16	未結蘭吉者。古師約心事止處方結。今既念念進趣。	003	未 結 蘭 吉 者  古 師 約 心 事 止 處 方 結  今 既 念 念 進 趣  
ZH_X39_0712_003:0576a17	故無結處。	003	故 無 結 處  
ZH_X39_0712_003:0576a18	若下。如殺盜成時。自屬果罪得夷也。中間心境乖阻。	003	若 下  如 殺 盜 成 時  自 屬 果 罪 得 夷 也  中 間 心 境 乖 阻  
ZH_X39_0712_003:0576a19	自落闕緣。得蘭罪也。今既進趣故非果罪。望其未差	003	自 落 闕 緣  得 蘭 罪 也  今 既 進 趣 故 非 果 罪  望 其 未 差 
ZH_X39_0712_003:0576a20	故非闕緣。所以云未結蘭吉也。	003	故 非 闕 緣  所 以 云 未 結 蘭 吉 也  
ZH_X39_0712_003:0576a21	步步有福者。其猶福河常流之義也。	003	步 步 有 福 者  其 猶 福 河 常 流 之 義 也  
ZH_X39_0712_003:0576a22	必下。如上云中間阻礙即是闕緣。今既步步進趣。何	003	必 下  如 上 云 中 間 阻 礙 即 是 闕 緣  今 既 步 步 進 趣  何 
ZH_X39_0712_003:0576a23	可制之與罪。則教義未聞矣。	003	可 制 之 與 罪  則 教 義 未 聞 矣  
ZH_X39_0712_003:0576a24	上下。正融會也。此師意謂。福是順理。乃言步步。則進	003	上 下  正 融 會 也  此 師 意 謂  福 是 順 理  乃 言 步 步  則 進 
ZH_X39_0712_003:0576b01	策之道明焉。罪是違理。不制步步。則慈濟之義著矣。	003	策 之 道 明 焉  罪 是 違 理  不 制 步 步  則 慈 濟 之 義 著 矣  
ZH_X39_0712_003:0576b02	逆順兩端未可一致。故知有進趣。言進趣中須有結	003	逆 順 兩 端 未 可 一 致  故 知 有 進 趣  言 進 趣 中 須 有 結 
ZH_X39_0712_003:0576b03	罪義。何得言無。	003	罪 義  何 得 言 無  
ZH_X39_0712_003:0576b04	如下。古人自引喻。一世因者。時非隔別。因不間斷。故	003	如 下  古 人 自 引 喻  一 世 因 者  時 非 隔 別  因 不 間 斷  故 
ZH_X39_0712_003:0576b05	言一也。	003	言 一 也  
ZH_X39_0712_003:0576b06	不定。猶言不住也。既因不住則非所息。望無息處可	003	不 定  猶 言 不 住 也  既 因 不 住 則 非 所 息  望 無 息 處 可 
ZH_X39_0712_003:0576b07	同。上文不結也。	003	同  上 文 不 結 也  
ZH_X39_0712_003:0576b08	法隔。謂所造破僧等罪。本欲趣果。中被羯磨法阻隔。	003	法 隔  謂 所 造 破 僧 等 罪  本 欲 趣 果  中 被 羯 磨 法 阻 隔  
ZH_X39_0712_003:0576b09	隨其前後三時間斷。少有息處。故結方便蘭。	003	隨 其 前 後 三 時 間 斷  少 有 息 處  故 結 方 便 蘭  
ZH_X39_0712_003:0576b10	遲疑者。顯時因之異爾。從有至所攝。立正義也。如何	003	遲 疑 者  顯 時 因 之 異 爾  從 有 至 所 攝  立 正 義 也  如 何 
ZH_X39_0712_003:0576b11	至驗也來。斥第一師。據如至證也來。斥第二師。且初	003	至 驗 也 來  斥 第 一 師  據 如 至 證 也 來  斥 第 二 師  且 初 
ZH_X39_0712_003:0576b12	意謂因業但名違理。不名違制者。則違理惡因不能	003	意 謂 因 業 但 名 違 理  不 名 違 制 者  則 違 理 惡 因 不 能 
ZH_X39_0712_003:0576b13	感果。又若以違理惡因。而即成違制罪者。則二業一	003	感 果  又 若 以 違 理 惡 因  而 即 成 違 制 罪 者  則 二 業 一 
ZH_X39_0712_003:0576b14	並兩緣者。即違理違制也。不同初師違理違制也。不	003	並 兩 緣 者  即 違 理 違 制 也  不 同 初 師 違 理 違 制 也  不 
ZH_X39_0712_003:0576b15	同初師違制。其體一也。又十誦多論皆有步結罪文。	003	同 初 師 違 制  其 體 一 也  又 十 誦 多 論 皆 有 步 結 罪 文  
ZH_X39_0712_003:0576b16	且如多論云。若執刀欲殺人。發足步步輕蘭。何言步	003	且 如 多 論 云  若 執 刀 欲 殺 人  發 足 步 步 輕 蘭  何 言 步 
ZH_X39_0712_003:0576b17	步進趣非教所明。延促者。既將了論三方便通為近。	003	步 進 趣 非 教 所 明  延 促 者  既 將 了 論 三 方 便 通 為 近  
ZH_X39_0712_003:0576b18	則遠者為延。近者為促等。答下。方便有息。進趣非息。	003	則 遠 者 為 延  近 者 為 促 等  答 下  方 便 有 息  進 趣 非 息  
ZH_X39_0712_003:0576b19	故得分矣。斯位即近方便。答中不息方便即進趣也。	003	故 得 分 矣  斯 位 即 近 方 便  答 中 不 息 方 便 即 進 趣 也  
ZH_X39_0712_003:0576b20	暫簡闕緣是永息意。遠者心境相曠未到。暫息不妨	003	暫 簡 闕 緣 是 永 息 意  遠 者 心 境 相 曠 未 到  暫 息 不 妨 
ZH_X39_0712_003:0576b21	心屬前境。闕緣不爾。諸緣差脫故也。不成者。謂古人	003	心 屬 前 境  闕 緣 不 爾  諸 緣 差 脫 故 也  不 成 者  謂 古 人 
ZH_X39_0712_003:0576b22	改方便為不成。較。古學切直也。當作確。即下。既云方	003	改 方 便 為 不 成  較  古 學 切 直 也  當 作 確  即 下  既 云 方 
ZH_X39_0712_003:0576b23	便。當知方便即是不成。七方便。即闕緣境施等七也。	003	便  當 知 方 便 即 是 不 成  七 方 便  即 闕 緣 境 施 等 七 也  
ZH_X39_0712_003:0576b24	並為收諸戒也。	003	並 為 收 諸 戒 也  
ZH_X39_0712_003:0576c01	如下。且如盜戒。別緣有六。則非殺戒五緣也。體下。即	003	如 下  且 如 盜 戒  別 緣 有 六  則 非 殺 戒 五 緣 也  體 下  即 
ZH_X39_0712_003:0576c02	相部所立要具三緣。從體是比丘至二形生等已來。	003	相 部 所 立 要 具 三 緣  從 體 是 比 丘 至 二 形 生 等 已 來  
ZH_X39_0712_003:0576c03	對彼第一。若人已受大比丘戒也。雖云已受。若未至	003	對 彼 第 一  若 人 已 受 大 比 丘 戒 也  雖 云 已 受  若 未 至 
ZH_X39_0712_003:0576c04	究竟。及在四捨。亦非比丘。故名闕也。	003	究 竟  及 在 四 捨  亦 非 比 丘  故 名 闕 也  
ZH_X39_0712_003:0576c05	或未制廣教者。即彼第二若如來已制廣教也。	003	或 未 制 廣 教 者  即 彼 第 二 若 如 來 已 制 廣 教 也  
ZH_X39_0712_003:0576c06	或病狂者。對彼第三若人不至癡法也。彼具三緣名	003	或 病 狂 者  對 彼 第 三 若 人 不 至 癡 法 也  彼 具 三 緣 名 
ZH_X39_0712_003:0576c07	犯戒。今例反之名闕緣。	003	犯 戒  今 例 反 之 名 闕 緣  
ZH_X39_0712_003:0576c08	但下結示。望下釋名。言若望境強等六受別名。若	003	但 下 結 示  望 下 釋 名  言 若 望 境 強 等 六 受 別 名  若 
ZH_X39_0712_003:0576c09	望諸戒。皆有得通號。故兩亦彰焉。	003	望 諸 戒  皆 有 得 通 號  故 兩 亦 彰 焉  
ZH_X39_0712_003:0576c10	餘之下。言上至闕緣下及息心。例皆倣此應云息心	003	餘 之 下  言 上 至 闕 緣 下 及 息 心  例 皆 倣 此 應 云 息 心 
ZH_X39_0712_003:0576c11	非偷蘭。偷蘭由息心而生是也。	003	非 偷 蘭  偷 蘭 由 息 心 而 生 是 也  
ZH_X39_0712_003:0576c12	七緣皆是者。意謂七緣皆是緣差。前文云諸緣差脫	003	七 緣 皆 是 者  意 謂 七 緣 皆 是 緣 差  前 文 云 諸 緣 差 脫 
ZH_X39_0712_003:0576c13	是也。雖然不無約相少別。故今對刀杖毀壞等緣。以	003	是 也  雖 然 不 無 約 相 少 別  故 今 對 刀 杖 毀 壞 等 緣  以 
ZH_X39_0712_003:0576c14	辨局第三矣。	003	辨 局 第 三 矣  
ZH_X39_0712_003:0576c15	望下。姓氏雖別。人境攸同。故攬張因成王果罪。望張	003	望 下  姓 氏 雖 別  人 境 攸 同  故 攬 張 因 成 王 果 罪  望 張 
ZH_X39_0712_003:0576c16	不殺復是境差故也。	003	不 殺 復 是 境 差 故 也  
ZH_X39_0712_003:0576c17	然下。古師評殺要具五緣。一是人。二人想。三起心。四	003	然 下  古 師 評 殺 要 具 五 緣  一 是 人  二 人 想  三 起 心  四 
ZH_X39_0712_003:0576c18	興方便。五命斷。今既人想決徹。豈方便所収耶。	003	興 方 便  五 命 斷  今 既 人 想 決 徹  豈 方 便 所 収 耶  
ZH_X39_0712_003:0576c19	男想者。應云女作男想。殺如下。本律盜戒約緣所列	003	男 想 者  應 云 女 作 男 想  殺 如 下  本 律 盜 戒 約 緣 所 列 
ZH_X39_0712_003:0576c20	凡二十六。始地處。終守邏。或衣具七寶牽挽理等但	003	凡 二 十 六  始 地 處  終 守 邏  或 衣 具 七 寶 牽 挽 理 等 但 
ZH_X39_0712_003:0576c21	使有主。以盜心取直五過五成過五夷罪。又調部云	003	使 有 主  以 盜 心 取 直 五 過 五 成 過 五 夷 罪  又 調 部 云 
ZH_X39_0712_003:0576c22	女想取男物五錢若過五錢。佛言波羅夷。是知因雖	003	女 想 取 男 物 五 錢 若 過 五 錢  佛 言 波 羅 夷  是 知 因 雖 
ZH_X39_0712_003:0576c23	是異。果仍是一故。古師授證作異因成果義也。一主	003	是 異  果 仍 是 一 故  古 師 授 證 作 異 因 成 果 義 也  一 主 
ZH_X39_0712_003:0576c24	如守邏人。非地處等有心。律云若以盜心取。斯可明	003	如 守 邏 人  非 地 處 等 有 心  律 云 若 以 盜 心 取  斯 可 明 
ZH_X39_0712_003:0577a01	也。	003	也  
ZH_X39_0712_003:0577a02	六緣者。於殺戒五別緣中。加疑心也。於此想疑自分	003	六 緣 者  於 殺 戒 五 別 緣 中  加 疑 心 也  於 此 想 疑 自 分 
ZH_X39_0712_003:0577a03	多句。何者。如大疏。於四異境立十八句。且人異境有	003	多 句  何 者  如 大 疏  於 四 異 境 立 十 八 句  且 人 異 境 有 
ZH_X39_0712_003:0577a04	五句。初從想心所立。如本殺張王來替處。於王張想	003	五 句  初 從 想 心 所 立  如 本 殺 張 王 來 替 處  於 王 張 想 
ZH_X39_0712_003:0577a05	有二句。一境不強而殺。於張本境得境差蘭。王人異	003	有 二 句  一 境 不 強 而 殺  於 張 本 境 得 境 差 蘭  王 人 異 
ZH_X39_0712_003:0577a06	境得根本夷。二境強殺不得。於本境上結境差蘭。異	003	境 得 根 本 夷  二 境 強 殺 不 得  於 本 境 上 結 境 差 蘭  異 
ZH_X39_0712_003:0577a07	境上結境強蘭。次疑心所立有三句。一不強而殺。二	003	境 上 結 境 強 蘭  次 疑 心 所 立 有 三 句  一 不 強 而 殺  二 
ZH_X39_0712_003:0577a08	境強殺不得(此二結罪同上)。三由疑故加善心息。張人本境	003	境 強 殺 不 得  此 二 結 罪 同 上   三 由 疑 故 加 善 心 息  張 人 本 境 
ZH_X39_0712_003:0577a09	境差蘭。王人異境心息蘭。人異既爾。非畜例然。成三	003	境 差 蘭  王 人 異 境 心 息 蘭  人 異 既 爾  非 畜 例 然  成 三 
ZH_X39_0712_003:0577a10	五十五句。第四杌木來替人處。但得三句。謂想心立	003	五 十 五 句  第 四 杌 木 來 替 人 處  但 得 三 句  謂 想 心 立 
ZH_X39_0712_003:0577a11	一。疑心有二。即不強而殺及善心息也。由杌是非情	003	一  疑 心 有 二  即 不 強 而 殺 及 善 心 息 也  由 杌 是 非 情 
ZH_X39_0712_003:0577a12	無境強不殺義也。故於相疑例除後句但成三也。并	003	無 境 強 不 殺 義 也  故 於 相 疑 例 除 後 句 但 成 三 也  并 
ZH_X39_0712_003:0577a13	前三五共十八句明矣。若據新章不許人為異境。彼	003	前 三 五 共 十 八 句 明 矣  若 據 新 章 不 許 人 為 異 境  彼 
ZH_X39_0712_003:0577a14	云古德約人為異。今解不然。以人同趣不可立異。遂	003	云 古 德 約 人 為 異  今 解 不 然  以 人 同 趣 不 可 立 異  遂 
ZH_X39_0712_003:0577a15	加天趣。并前三異各有想疑。成十八句。廣文如彼。餘	003	加 天 趣  并 前 三 異 各 有 想 疑  成 十 八 句  廣 文 如 彼  餘 
ZH_X39_0712_003:0577a16	有下。將上非畜各五句。杌中有三。配釋可了。但望本	003	有 下  將 上 非 畜 各 五 句  杌 中 有 三  配 釋 可 了  但 望 本 
ZH_X39_0712_003:0577a17	境有境差蘭。非人等異境。既無心殺。復何咎矣。	003	境 有 境 差 蘭  非 人 等 異 境  既 無 心 殺  復 何 咎 矣  
ZH_X39_0712_003:0577a18	不下。由對異境本無心故。向云無心無罪是也。設人	003	不 下  由 對 異 境 本 無 心 故  向 云 無 心 無 罪 是 也  設 人 
ZH_X39_0712_003:0577a19	作非人想殺。律結無文。云下。約殺戒第四境想句問	003	作 非 人 想 殺  律 結 無 文  云 下  約 殺 戒 第 四 境 想 句 問 
ZH_X39_0712_003:0577a20	也。	003	也  
ZH_X39_0712_003:0577a21	望下。律所結蘭者。還就本境上因罪以結。非關於異	003	望 下  律 所 結 蘭 者  還 就 本 境 上 因 罪 以 結  非 關 於 異 
ZH_X39_0712_003:0577a22	境也。五緣者。一非人。二非人想。三興方便。四起殺心。	003	境 也  五 緣 者  一 非 人  二 非 人 想  三 興 方 便  四 起 殺 心  
ZH_X39_0712_003:0577a23	五命斷。此五若具方犯蘭罪。今既緣闕。何得犯蘭。又	003	五 命 斷  此 五 若 具 方 犯 蘭 罪  今 既 緣 闕  何 得 犯 蘭  又 
ZH_X39_0712_003:0577a24	如何將本境因罪。為異境方便。是義不然也。想疑心。	003	如 何 將 本 境 因 罪  為 異 境 方 便  是 義 不 然 也  想 疑 心  
ZH_X39_0712_003:0577b01	即上四種異境中。各有想疑二心是也。人差。約人異	003	即 上 四 種 異 境 中  各 有 想 疑 二 心 是 也  人 差  約 人 異 
ZH_X39_0712_003:0577b02	境論也。如緣王張想。理在重収。餘則無心。約餘三境	003	境 論 也  如 緣 王 張 想  理 在 重 収  餘 則 無 心  約 餘 三 境 
ZH_X39_0712_003:0577b03	說也。如本殺人。三境來替。對彼異境還作人想。就本	003	說 也  如 本 殺 人  三 境 來 替  對 彼 異 境 還 作 人 想  就 本 
ZH_X39_0712_003:0577b04	人境結蘭。於彼異境無罪可結。以無心故。疑則不爾。	003	人 境 結 蘭  於 彼 異 境 無 罪 可 結  以 無 心 故  疑 則 不 爾  
ZH_X39_0712_003:0577b05	謂於非畜二境有半緣心。故就本異二境雙結也。	003	謂 於 非 畜 二 境 有 半 緣 心  故 就 本 異 二 境 雙 結 也  
ZH_X39_0712_003:0577b06	若強下。即異境反強。殺之不得。併於異境起疑心而	003	若 強 下  即 異 境 反 強  殺 之 不 得  併 於 異 境 起 疑 心 而 
ZH_X39_0712_003:0577b07	息者。皆望本人境邊結蘭爾。畜下。謂殺畜緣具。尚只	003	息 者  皆 望 本 人 境 邊 結 蘭 爾  畜 下  謂 殺 畜 緣 具  尚 只 
ZH_X39_0712_003:0577b08	犯提。豈有來差頓結蘭罪。抑又杌非犯位。疑心雙結	003	犯 提  豈 有 來 差 頓 結 蘭 罪  抑 又 杌 非 犯 位  疑 心 雙 結 
ZH_X39_0712_003:0577b09	理自墮矣。	003	理 自 墮 矣  
ZH_X39_0712_003:0577b10	問下。此問上若強若疑句。意謂異境若強無以加害。	003	問 下  此 問 上 若 強 若 疑 句  意 謂 異 境 若 強 無 以 加 害  
ZH_X39_0712_003:0577b11	壅住方便。望何境結耶。	003	壅 住 方 便  望 何 境 結 耶  
ZH_X39_0712_003:0577b12	答下。異境雖曰是強。於彼異境人想不失。故就本境	003	答 下  異 境 雖 曰 是 強  於 彼 異 境 人 想 不 失  故 就 本 境 
ZH_X39_0712_003:0577b13	結方便罪。	003	結 方 便 罪  
ZH_X39_0712_003:0577b14	若疑下。即非人作人疑。非人作人想。皆從本人境邊	003	若 疑 下  即 非 人 作 人 疑  非 人 作 人 想  皆 從 本 人 境 邊 
ZH_X39_0712_003:0577b15	結也。從問至非罪者來。牒前文意。強是本境。即前云	003	結 也  從 問 至 非 罪 者 來  牒 前 文 意  強 是 本 境  即 前 云 
ZH_X39_0712_003:0577b16	此強不望異境。則反知強屬本境。非畜異境無罪。其	003	此 強 不 望 異 境  則 反 知 強 屬 本 境  非 畜 異 境 無 罪  其 
ZH_X39_0712_003:0577b17	義已知。	003	義 已 知  
ZH_X39_0712_003:0577b18	異境下。躡起難辭。此則下。即異境自為本境也。如前	003	異 境 下  躡 起 難 辭  此 則 下  即 異 境 自 為 本 境 也  如 前 
ZH_X39_0712_003:0577b19	云對王已去別起方便。即攬王因還成王果是也。	003	云 對 王 已 去 別 起 方 便  即 攬 王 因 還 成 王 果 是 也  
ZH_X39_0712_003:0577b20	若見下。如後對異境無別方便。即攬前本境因以成	003	若 見 下  如 後 對 異 境 無 別 方 便  即 攬 前 本 境 因 以 成 
ZH_X39_0712_003:0577b21	後異境果。則境差之義又失矣。如上云既攬張因成	003	後 異 境 果  則 境 差 之 義 又 失 矣  如 上 云 既 攬 張 因 成 
ZH_X39_0712_003:0577b22	王果者。本立境差方便。今因成果無境差矣。	003	王 果 者  本 立 境 差 方 便  今 因 成 果 無 境 差 矣  
ZH_X39_0712_003:0577b23	今下本境。如云張作張想人境。即王為張解。或強或	003	今 下 本 境  如 云 張 作 張 想 人 境  即 王 為 張 解  或 強 或 
ZH_X39_0712_003:0577b24	疑。莫不對人是同。殺心理一。故望彼此罪齊一品。不	003	疑  莫 不 對 人 是 同  殺 心 理 一  故 望 彼 此 罪 齊 一 品  不 
ZH_X39_0712_003:0577c01	同非畜理分輕重。	003	同 非 畜 理 分 輕 重  
ZH_X39_0712_003:0577c02	若至下。非畜來替。望本人想不移。故就本境結蘭。於	003	若 至 下  非 畜 來 替  望 本 人 想 不 移  故 就 本 境 結 蘭  於 
ZH_X39_0712_003:0577c03	異無罪可結。	003	異 無 罪 可 結  
ZH_X39_0712_003:0577c04	若兼下。疑心不決。通有心故。罪須輕重雙結。若爾與	003	若 兼 下  疑 心 不 決  通 有 心 故  罪 須 輕 重 雙 結  若 爾 與 
ZH_X39_0712_003:0577c05	上古師疑心兩境。雙結何異。答古人通結蘭罪。不分	003	上 古 師 疑 心 兩 境  雙 結 何 異  答 古 人 通 結 蘭 罪  不 分 
ZH_X39_0712_003:0577c06	降殺。故上斥云畜是小愆。如何來差。俱結偷蘭。理可	003	降 殺  故 上 斥 云 畜 是 小 愆  如 何 來 差  俱 結 偷 蘭  理 可 
ZH_X39_0712_003:0577c07	明也。	003	明 也  
ZH_X39_0712_003:0577c08	初下。此即心差境定。屬境家方便也。下文倣此。婬酒。	003	初 下  此 即 心 差 境 定  屬 境 家 方 便 也  下 文 倣 此  婬 酒  
ZH_X39_0712_003:0577c09	古德酒從境斷。亦與淫同。今師約有方便。非此所論。	003	古 德 酒 從 境 斷  亦 與 淫 同  今 師 約 有 方 便  非 此 所 論  
ZH_X39_0712_003:0577c10	若下。應云正道作非道想疑等。	003	若 下  應 云 正 道 作 非 道 想 疑 等  
ZH_X39_0712_003:0577c11	心境俱差者。若合上標。前但是境差心究竟。今於此	003	心 境 俱 差 者  若 合 上 標  前 但 是 境 差 心 究 竟  今 於 此 
ZH_X39_0712_003:0577c12	中可旁通此義也。如王作張解。望王屬心差。張去王	003	中 可 旁 通 此 義 也  如 王 作 張 解  望 王 屬 心 差  張 去 王 
ZH_X39_0712_003:0577c13	來。望張屬境差。互對雖爾。莫非人類一等。故結根本。	003	來  望 張 屬 境 差  互 對 雖 爾  莫 非 人 類 一 等  故 結 根 本  
ZH_X39_0712_003:0577c14	故曰究竟。	003	故 曰 究 竟  
ZH_X39_0712_003:0577c15	五下。如本殺人。非人來替。又緣非人反作畜想是也。	003	五 下  如 本 殺 人  非 人 來 替  又 緣 非 人 反 作 畜 想 是 也  
ZH_X39_0712_003:0577c16	望非根本。故曰方便。	003	望 非 根 本  故 曰 方 便  
ZH_X39_0712_003:0577c17	六下。如欲通害人畜。及正對境。人畜互差。想心交轉。	003	六 下  如 欲 通 害 人 畜  及 正 對 境  人 畜 互 差  想 心 交 轉  
ZH_X39_0712_003:0577c18	由先通擬理成究竟。若望前後句法互應作。俱欲發	003	由 先 通 擬 理 成 究 竟  若 望 前 後 句 法 互 應 作  俱 欲 發 
ZH_X39_0712_003:0577c19	學人智慧。故曰思取。出血。如調達舉石。本欲殺佛。石	003	學 人 智 慧  故 曰 思 取  出 血  如 調 達 舉 石  本 欲 殺 佛  石 
ZH_X39_0712_003:0577c20	來傷佛足。望境強邊但結蘭也。	003	來 傷 佛 足  望 境 強 邊 但 結 蘭 也  
ZH_X39_0712_003:0577c21	轉下。如非畜作人想疑是也。反上。人作非畜想等。	003	轉 下  如 非 畜 作 人 想 疑 是 也  反 上  人 作 非 畜 想 等  
ZH_X39_0712_003:0577c22	如下。對正道境。初作非道想。後作正道想。則前想輕。	003	如 下  對 正 道 境  初 作 非 道 想  後 作 正 道 想  則 前 想 輕  
ZH_X39_0712_003:0577c23	而後想重也。亦結根本。或後輕前重。同歸究竟。斯皆	003	而 後 想 重 也  亦 結 根 本  或 後 輕 前 重  同 歸 究 竟  斯 皆 
ZH_X39_0712_003:0577c24	謂約境而斷故也。六位。合云八位。以單雙中各有四	003	謂 約 境 而 斷 故 也  六 位  合 云 八 位  以 單 雙 中 各 有 四 
ZH_X39_0712_003:0578a01	位故。今恐下雙舉中。將自他俱疑方便。與究竟合作	003	位 故  今 恐 下 雙 舉 中  將 自 他 俱 疑 方 便  與 究 竟 合 作 
ZH_X39_0712_003:0578a02	一位。又不疑中方便。與究竟合作一位。并單疑中四	003	一 位  又 不 疑 中 方 便  與 究 竟 合 作 一 位  并 單 疑 中 四 
ZH_X39_0712_003:0578a03	句成六也。	003	句 成 六 也  
ZH_X39_0712_003:0578a04	我下。即自心疑慮他境。未至根本。故曰方便也。	003	我 下  即 自 心 疑 慮 他 境  未 至 根 本  故 曰 方 便 也  
ZH_X39_0712_003:0578a05	身下。即身造口業。默起表聖。由前未決故非究竟也。	003	身 下  即 身 造 口 業  默 起 表 聖  由 前 未 決 故 非 究 竟 也  
ZH_X39_0712_003:0578a06	故前文云。縱獨表聖。前人有疑。不可結重。	003	故 前 文 云  縱 獨 表 聖  前 人 有 疑  不 可 結 重  
ZH_X39_0712_003:0578a07	他下。即他疑我。亦成根本。我疑他亦成根本。此皆望	003	他 下  即 他 疑 我  亦 成 根 本  我 疑 他 亦 成 根 本  此 皆 望 
ZH_X39_0712_003:0578a08	互疑。故成單也。	003	互 疑  故 成 單 也  
ZH_X39_0712_003:0578a09	如下。妄等為義。言了即結。故不簡自他疑也。	003	如 下  妄 等 為 義  言 了 即 結  故 不 簡 自 他 疑 也  
ZH_X39_0712_003:0578a10	自下釋雙疑也。	003	自 下 釋 雙 疑 也  
ZH_X39_0712_003:0578a11	如下。身互如上。口互者。如深河導淺之類也。自疑他	003	如 下  身 互 如 上  口 互 者  如 深 河 導 淺 之 類 也  自 疑 他 
ZH_X39_0712_003:0578a12	不信。他疑於己虗。皆屬方便也。然互造之義經論不	003	不 信  他 疑 於 己 虗  皆 屬 方 便 也  然 互 造 之 義 經 論 不 
ZH_X39_0712_003:0578a13	同。成論許有多雜。不立言業。性別故事不竟故。今解	003	同  成 論 許 有 多 雜  不 立 言 業  性 別 故 事 不 竟 故  今 解 
ZH_X39_0712_003:0578a14	理憑成論。即成上將自他俱疑四句貫而讀之。義自	003	理 憑 成 論  即 成 上 將 自 他 俱 疑 四 句 貫 而 讀 之  義 自 
ZH_X39_0712_003:0578a15	煥也。下俱不疑中亦類此也。	003	煥 也  下 俱 不 疑 中 亦 類 此 也  
ZH_X39_0712_003:0578a16	具七者。始闕緣終心息也。	003	具 七 者  始 闕 緣 終 心 息 也  
ZH_X39_0712_003:0578a17	設下。如為人作坑。安置殺具懸擬未來。後境現時。自	003	設 下  如 為 人 作 坑  安 置 殺 具 懸 擬 未 來  後 境 現 時  自 
ZH_X39_0712_003:0578a18	無想疑。故除第五第六也。	003	無 想 疑  故 除 第 五 第 六 也  
ZH_X39_0712_003:0578a19	乃下。想疑專尅對人。則心狹境寬。漫心通餘三趣。則	003	乃 下  想 疑 專 尅 對 人  則 心 狹 境 寬  漫 心 通 餘 三 趣  則 
ZH_X39_0712_003:0578a20	心寬境狹。理可明矣。	003	心 寬 境 狹  理 可 明 矣  
ZH_X39_0712_003:0578a21	境下。境差則非人人想等。境強則前境反盛。緣差乃	003	境 下  境 差 則 非 人 人 想 等  境 強 則 前 境 反 盛  緣 差 乃 
ZH_X39_0712_003:0578a22	刀杖毀壞。此収二三四方便。並約境而論也。	003	刀 杖 毀 壞  此 収 二 三 四 方 便  並 約 境 而 論 也  
ZH_X39_0712_003:0578a23	闕下。指初緣相疑息。収五六七三緣。	003	闕 下  指 初 緣 相 疑 息  収 五 六 七 三 緣  
ZH_X39_0712_003:0578a24	或闕下。通解心息緣也。或可將或闕有心下。解闕比	003	或 闕 下  通 解 心 息 緣 也  或 可 將 或 闕 有 心 下  解 闕 比 
ZH_X39_0712_003:0578b01	丘緣。如上闕緣中云體是比丘。或邪見病狂不名犯	003	丘 緣  如 上 闕 緣 中 云 體 是 比 丘  或 邪 見 病 狂 不 名 犯 
ZH_X39_0712_003:0578b02	成等。理可通諸。人非人想者。境想第三句境定心	003	成 等  理 可 通 諸  人 非 人 想 者  境 想 第 三 句 境 定 心 
ZH_X39_0712_003:0578b03	差也。人非人疑者。即第二境定心疑也。非人人想者。	003	差 也  人 非 人 疑 者  即 第 二 境 定 心 疑 也  非 人 人 想 者  
ZH_X39_0712_003:0578b04	第四境差心定也。如前即四境未差是也。	003	第 四 境 差 心 定 也  如 前 即 四 境 未 差 是 也  
ZH_X39_0712_003:0578b05	餘四。即闕緣境強差心息也。通尅漫者。如善心專息	003	餘 四  即 闕 緣 境 強 差 心 息 也  通 尅 漫 者  如 善 心 專 息 
ZH_X39_0712_003:0578b06	殺事是剋。望餘通息名漫等。又結罪中成者。波羅夷	003	殺 事 是 剋  望 餘 通 息 名 漫 等  又 結 罪 中 成 者  波 羅 夷 
ZH_X39_0712_003:0578b07	是定剋。但使不成者。偷蘭是悠漫也。可將尅漫通収	003	是 定 剋  但 使 不 成 者  偷 蘭 是 悠 漫 也  可 將 尅 漫 通 収 
ZH_X39_0712_003:0578b08	四位。則宗致有歸矣。	003	四 位  則 宗 致 有 歸 矣  
ZH_X39_0712_003:0578b09	就初下。夫欲了義。先須識名。仲尼云。必也正名乎。釋	003	就 初 下  夫 欲 了 義  先 須 識 名  仲 尼 云  必 也 正 名 乎  釋 
ZH_X39_0712_003:0578b10	名云名明也。名實事使分明也。說文形聲相益謂之	003	名 云 名 明 也  名 實 事 使 分 明 也  說 文 形 聲 相 益 謂 之 
ZH_X39_0712_003:0578b11	字。今但取止持是名。方便等是字。若然字即名下之	003	字  今 但 取 止 持 是 名  方 便 等 是 字  若 然 字 即 名 下 之 
ZH_X39_0712_003:0578b12	義也。	003	義 也  
ZH_X39_0712_003:0578b13	先下。言持則順受體之淨故先。犯則彰隨行之劣故	003	先 下  言 持 則 順 受 體 之 淨 故 先  犯 則 彰 隨 行 之 劣 故 
ZH_X39_0712_003:0578b14	後。詩云靡不有初。鮮克有終。止持者。凡有二種。一	003	後  詩 云 靡 不 有 初  鮮 克 有 終  止 持 者  凡 有 二 種  一 
ZH_X39_0712_003:0578b15	者止即持。謂止當體即持故。鈔云無惡來汙行前三	003	者 止 即 持  謂 止 當 體 即 持 故  鈔 云 無 惡 來 汙 行 前 三 
ZH_X39_0712_003:0578b16	心得有止持。二者止之持。即加行成在第四心也。鈔	003	心 得 有 止 持  二 者 止 之 持  即 加 行 成 在 第 四 心 也  鈔 
ZH_X39_0712_003:0578b17	云流入行心方為別因。要須行者起加行禁七支。使	003	云 流 入 行 心 方 為 別 因  要 須 行 者 起 加 行 禁 七 支  使 
ZH_X39_0712_003:0578b18	本體珠光玉瑩。則止持之行善成矣。初篇。即淫盜	003	本 體 珠 光 玉 瑩  則 止 持 之 行 善 成 矣  初 篇  即 淫 盜 
ZH_X39_0712_003:0578b19	等戒。依教不作屬止持行。	003	等 戒  依 教 不 作 屬 止 持 行  
ZH_X39_0712_003:0578b20	此下。順古應言惡事。今依首疏。彼云此蓋對惡法為	003	此 下  順 古 應 言 惡 事  今 依 首 疏  彼 云 此 蓋 對 惡 法 為 
ZH_X39_0712_003:0578b21	宗。即五邪法是。三業者。如受食食漉水用是策身業。	003	宗  即 五 邪 法 是  三 業 者  如 受 食 食 漉 水 用 是 策 身 業  
ZH_X39_0712_003:0578b22	誦戒秉法是策口業。方便對治是策意業。戒行。戒防	003	誦 戒 秉 法 是 策 口 業  方 便 對 治 是 策 意 業  戒 行  戒 防 
ZH_X39_0712_003:0578b23	形非。定止心亂。慧悟想虗。三學備修則聖果可獲矣。	003	形 非  定 止 心 亂  慧 悟 想 虗  三 學 備 修 則 聖 果 可 獲 矣  
ZH_X39_0712_003:0578b24	而但言戒行者舉其初也。又舉初則定慧可収矣。蓋	003	而 但 言 戒 行 者 舉 其 初 也  又 舉 初 則 定 慧 可 収 矣  蓋 
ZH_X39_0712_003:0578c01	由戒而生故。又云有善斯護。理在通収。名之為作。下	003	由 戒 而 生 故  又 云 有 善 斯 護  理 在 通 収  名 之 為 作  下 
ZH_X39_0712_003:0578c02	更合解持義云。作而無違。戒體光潔順本所受。稱之	003	更 合 解 持 義 云  作 而 無 違  戒 體 光 潔 順 本 所 受  稱 之 
ZH_X39_0712_003:0578c03	曰持。方接疏中持由作成等文。四緣。房衣食藥也。前	003	曰 持  方 接 疏 中 持 由 作 成 等 文  四 緣  房 衣 食 藥 也  前 
ZH_X39_0712_003:0578c04	二屬外資。後二屬內資。如房須乞法。衣須說淨。食藥	003	二 屬 外 資  後 二 屬 內 資  如 房 須 乞 法  衣 須 說 淨  食 藥 
ZH_X39_0712_003:0578c05	加受。順教而作。故屬作持。雜行者。即身口等諸雜	003	加 受  順 教 而 作  故 屬 作 持  雜 行 者  即 身 口 等 諸 雜 
ZH_X39_0712_003:0578c06	細行也。大師云。森然萬境何事非持是也。善法。文略	003	細 行 也  大 師 云  森 然 萬 境 何 事 非 持 是 也  善 法  文 略 
ZH_X39_0712_003:0578c07	善事。如持衣受藥之類。前後。意云何以止持在前。作	003	善 事  如 持 衣 受 藥 之 類  前 後  意 云 何 以 止 持 在 前  作 
ZH_X39_0712_003:0578c08	持居後。論。即百論。明外道與內眾。評議止作兩法前	003	持 居 後  論  即 百 論  明 外 道 與 內 眾  評 議 止 作 兩 法 前 
ZH_X39_0712_003:0578c09	後。彼云外曰佛說何等善法相。內曰惡止善行法。佛	003	後  彼 云 外 曰 佛 說 何 等 善 法 相  內 曰 惡 止 善 行 法  佛 
ZH_X39_0712_003:0578c10	說有二種。一止相。二行相。息一切惡名止。修一切善	003	說 有 二 種  一 止 相  二 行 相  息 一 切 惡 名 止  修 一 切 善 
ZH_X39_0712_003:0578c11	名行。云何為止。若受戒後終不作惡名為止。何等為	003	名 行  云 何 為 止  若 受 戒 後 終 不 作 惡 名 為 止  何 等 為 
ZH_X39_0712_003:0578c12	行。於善法中信受修習名為行。外曰已說善行。不應	003	行  於 善 法 中 信 受 修 習 名 為 行  外 曰 已 說 善 行  不 應 
ZH_X39_0712_003:0578c13	復說惡止。何以故。惡止即善行。內曰止相息。行想作。	003	復 說 惡 止  何 以 故  惡 止 即 善 行  內 曰 止 相 息  行 想 作  
ZH_X39_0712_003:0578c14	性相違故。則善行不攝惡止。故云戒相止行相作也。	003	性 相 違 故  則 善 行 不 攝 惡 止  故 云 戒 相 止 行 相 作 也  
ZH_X39_0712_003:0578c15	又下。示前後也。論云。外曰善行應在初。謂善法有妙	003	又 下  示 前 後 也  論 云  外 曰 善 行 應 在 初  謂 善 法 有 妙 
ZH_X39_0712_003:0578c16	果。行者欲得妙果。故須先說善行。後說惡止。內曰次	003	果  行 者 欲 得 妙 果  故 須 先 說 善 行  後 說 惡 止  內 曰 次 
ZH_X39_0712_003:0578c17	第法故。先除麤垢。後染善法等。	003	第 法 故  先 除 麤 垢  後 染 善 法 等  
ZH_X39_0712_003:0578c18	三毒者。由貪等能害法身慧命。損諸善根。名之為毒。	003	三 毒 者  由 貪 等 能 害 法 身 慧 命  損 諸 善 根  名 之 為 毒  
ZH_X39_0712_003:0578c19	五蘊本空。妄計我人。名之為倒。今皆不能觀察。妄攝	003	五 蘊 本 空  妄 計 我 人  名 之 為 倒  今 皆 不 能 觀 察  妄 攝 
ZH_X39_0712_003:0578c20	塵境。造趣過非。良由三毒我倒為其本也。惡法。若順	003	塵 境  造 趣 過 非  良 由 三 毒 我 倒 為 其 本 也  惡 法  若 順 
ZH_X39_0712_003:0578c21	古應言惡事。昔云止持作犯。惟對二教中事以明。今	003	古 應 言 惡 事  昔 云 止 持 作 犯  惟 對 二 教 中 事 以 明  今 
ZH_X39_0712_003:0578c22	師不然。下文云。五邪七非並非正法。此法與事殺盜	003	師 不 然  下 文 云  五 邪 七 非 並 非 正 法  此 法 與 事 殺 盜 
ZH_X39_0712_003:0578c23	不殊。又云。無論事法。聖制止作。則通持犯。故得言惡	003	不 殊  又 云  無 論 事 法  聖 制 止 作  則 通 持 犯  故 得 言 惡 
ZH_X39_0712_003:0578c24	法也。	003	法 也  
ZH_X39_0712_003:0579a01	癡者。不別善惡也。久彼願本。即違反初受時。願學一	003	癡 者  不 別 善 惡 也  久 彼 願 本  即 違 反 初 受 時  願 學 一 
ZH_X39_0712_003:0579a02	切善法故。善法即說恣等。	003	切 善 法 故  善 法 即 說 恣 等  
ZH_X39_0712_003:0579a03	體狀者。體謂體性。狀即相狀。具如下明。昔解。即雲暉	003	體 狀 者  體 謂 體 性  狀 即 相 狀  具 如 下 明  昔 解  即 雲 暉 
ZH_X39_0712_003:0579a04	願等諸師。同以三業為能持犯體。大鈔云餘義廢之	003	願 等 諸 師  同 以 三 業 為 能 持 犯 體  大 鈔 云 餘 義 廢 之 
ZH_X39_0712_003:0579a05	是也。鈔文既略。今則具舒。以省未寤也。	003	是 也  鈔 文 既 略  今 則 具 舒  以 省 未 寤 也  
ZH_X39_0712_003:0579a06	三邪。婬盜殺也。四過。妄綺兩惡也。三不善。貪嗔癡也。	003	三 邪  婬 盜 殺 也  四 過  妄 綺 兩 惡 也  三 不 善  貪 嗔 癡 也  
ZH_X39_0712_003:0579a07	由三業不作。則止持之體善成矣。	003	由 三 業 不 作  則 止 持 之 體 善 成 矣  
ZH_X39_0712_003:0579a08	屈身至放生。是身業作持。讚下二句。是口作持意下。	003	屈 身 至 放 生  是 身 業 作 持  讚 下 二 句  是 口 作 持 意 下  
ZH_X39_0712_003:0579a09	修不貪等善。對治貪等不起。及修不淨等。觀捨離染	003	修 不 貪 等 善  對 治 貪 等 不 起  及 修 不 淨 等  觀 捨 離 染 
ZH_X39_0712_003:0579a10	著以成淨行。又修慈等四心及四種良願。通為意業	003	著 以 成 淨 行  又 修 慈 等 四 心 及 四 種 良 願  通 為 意 業 
ZH_X39_0712_003:0579a11	作持也。	003	作 持 也  
ZH_X39_0712_003:0579a12	起下。翻上止持成作犯也。止下翻上作持成止犯也	003	起 下  翻 上 止 持 成 作 犯 也  止 下 翻 上 作 持 成 止 犯 也 
ZH_X39_0712_003:0579a13	乃却放生讚歎等文。	003	乃 却 放 生 讚 歎 等 文  
ZH_X39_0712_003:0579a14	二人者。迦葉佛時曾為兄弟。由其偏修故。至釋迦佛	003	二 人 者  迦 葉 佛 時 曾 為 兄 弟  由 其 偏 修 故  至 釋 迦 佛 
ZH_X39_0712_003:0579a15	時。弟為白象。兄作比丘。兄語象言。吾與汝俱有過矣。	003	時  弟 為 白 象  兄 作 比 丘  兄 語 象 言  吾 與 汝 俱 有 過 矣  
ZH_X39_0712_003:0579a16	象即感語。三日不食等文。下律中起心不動身口。但	003	象 即 感 語  三 日 不 食 等 文  下 律 中 起 心 不 動 身 口  但 
ZH_X39_0712_003:0579a17	自剋責。還復好心。是名不犯。	003	自 剋 責  還 復 好 心  是 名 不 犯  
ZH_X39_0712_003:0579a18	四弘。即眾生無邊誓願度。乃至佛道無上誓願成。俱	003	四 弘  即 眾 生 無 邊 誓 願 度  乃 至 佛 道 無 上 誓 願 成  俱 
ZH_X39_0712_003:0579a19	言弘誓者。謂廣普之緣曰弘。自制其心名誓。	003	言 弘 誓 者  謂 廣 普 之 緣 曰 弘  自 制 其 心 名 誓  
ZH_X39_0712_003:0579a20	十二頭陀。衣二食四處六也。廣如頭陀法中。見論翻	003	十 二 頭 陀  衣 二 食 四 處 六 也  廣 如 頭 陀 法 中  見 論 翻 
ZH_X39_0712_003:0579a21	為抖擻。四無量。智論云。修慈為除眾生嗔覺。修悲為	003	為 抖 擻  四 無 量  智 論 云  修 慈 為 除 眾 生 嗔 覺  修 悲 為 
ZH_X39_0712_003:0579a22	除眾生惱覺。修善為除不悅樂。修捨為除愛憎。通言	003	除 眾 生 惱 覺  修 善 為 除 不 悅 樂  修 捨 為 除 愛 憎  通 言 
ZH_X39_0712_003:0579a23	無量者。以心從境得名也。此證意非持犯但下。即於	003	無 量 者  以 心 從 境 得 名 也  此 證 意 非 持 犯 但 下  即 於 
ZH_X39_0712_003:0579a24	本所受體。不能別為嚴故。	003	本 所 受 體  不 能 別 為 嚴 故  
ZH_X39_0712_003:0579b01	若下。如不行十二頭陀。只可言於自利之行。失順理	003	若 下  如 不 行 十 二 頭 陀  只 可 言 於 自 利 之 行  失 順 理 
ZH_X39_0712_003:0579b02	而修。不行慈等四心。則於利他之行。闕助道之業。且	003	而 修  不 行 慈 等 四 心  則 於 利 他 之 行  闕 助 道 之 業  且 
ZH_X39_0712_003:0579b03	非犯戒。毒虵。喻煩惱也。遺教云。煩惱毒虵睡在汝心。	003	非 犯 戒  毒 虵  喻 煩 惱 也  遺 教 云  煩 惱 毒 虵 睡 在 汝 心  
ZH_X39_0712_003:0579b04	睡虵既出乃可安眠。	003	睡 虵 既 出 乃 可 安 眠  
ZH_X39_0712_003:0579b05	頭然。光明經云。譬猶男女如火燒頭燒衣救令速滅	003	頭 然  光 明 經 云  譬 猶 男 女 如 火 燒 頭 燒 衣 救 令 速 滅 
ZH_X39_0712_003:0579b06	火若未滅。不得暫安。此則然是燒然也。又大論明野	003	火 若 未 滅  不 得 暫 安  此 則 然 是 燒 然 也  又 大 論 明 野 
ZH_X39_0712_003:0579b07	干救頭之喻。名救頭然。則然是語辭也。是知經譬心	003	干 救 頭 之 喻  名 救 頭 然  則 然 是 語 辭 也  是 知 經 譬 心 
ZH_X39_0712_003:0579b08	切。論喻解脫也。言煩惱在心速求解脫方名慚者。未	003	切  論 喻 解 脫 也  言 煩 惱 在 心 速 求 解 脫 方 名 慚 者  未 
ZH_X39_0712_003:0579b09	勤對治。但曰無慚。亦不言犯戒。以上多文證古全謬。	003	勤 對 治  但 曰 無 慚  亦 不 言 犯 戒  以 上 多 文 證 古 全 謬  
ZH_X39_0712_003:0579b10	能持心者。合云能持犯。即心為體者。以持犯業體。要	003	能 持 心 者  合 云 能 持 犯  即 心 為 體 者  以 持 犯 業 體  要 
ZH_X39_0712_003:0579b11	假心力助成。故小乘戒。緣身口犯必問心等。身口屬	003	假 心 力 助 成  故 小 乘 戒  緣 身 口 犯 必 問 心 等  身 口 屬 
ZH_X39_0712_003:0579b12	無記。但為業具。未能結業。雖然業由心起。起必身口。	003	無 記  但 為 業 具  未 能 結 業  雖 然 業 由 心 起  起 必 身 口  
ZH_X39_0712_003:0579b13	若但起身口不起心。但起心不動身口者。俱非持犯。	003	若 但 起 身 口 不 起 心  但 起 心 不 動 身 口 者  俱 非 持 犯  
ZH_X39_0712_003:0579b14	成論。此引成實正行品文。謂身口不能自發。莫不由	003	成 論  此 引 成 實 正 行 品 文  謂 身 口 不 能 自 發  莫 不 由 
ZH_X39_0712_003:0579b15	心。先了前境。後起思心。鼓動身口。造作前事。方成業	003	心  先 了 前 境  後 起 思 心  鼓 動 身 口  造 作 前 事  方 成 業 
ZH_X39_0712_003:0579b16	矣。故彼論云。無心殺人不成身業。無心妄語不成口	003	矣  故 彼 論 云  無 心 殺 人 不 成 身 業  無 心 妄 語 不 成 口 
ZH_X39_0712_003:0579b17	業等。	003	業 等  
ZH_X39_0712_003:0579b18	離心無思者。成論破有宗。以彼宗計。心王起時別有	003	離 心 無 思 者  成 論 破 有 宗  以 彼 宗 計  心 王 起 時 別 有 
ZH_X39_0712_003:0579b19	心所思同起。自有實體今成宗。心王心所前後而起。	003	心 所 思 同 起  自 有 實 體 今 成 宗  心 王 心 所 前 後 而 起  
ZH_X39_0712_003:0579b20	離心之外別更無思。	003	離 心 之 外 別 更 無 思  
ZH_X39_0712_003:0579b21	無身口業者。此又斥外道所計。彼云身口二業不假	003	無 身 口 業 者  此 又 斥 外 道 所 計  彼 云 身口二業 不 假 
ZH_X39_0712_003:0579b22	於心。從境而起。佛教不爾。一切由心也。	003	於 心  從 境 而 起  佛 教 不 爾  一 切 由 心 也  
ZH_X39_0712_003:0579b23	二種者。持犯各有二種也。	003	二 種 者  持 犯 各 有 二 種 也  
ZH_X39_0712_003:0579b24	就下。問凡言所持對一切境。以受時心總法界故。受	003	就 下  問 凡 言 所 持 對 一 切 境  以 受 時 心 總 法 界 故  受 
ZH_X39_0712_003:0579c01	後森然萬境何事非持。今約二教明者何耶。答對境	003	後 森 然 萬 境 何 事 非 持  今 約 二 教 明 者 何 耶  答 對 境 
ZH_X39_0712_003:0579c02	雖多。不離二教。攝之皆盡。隨中所對之境。不簡情與	003	雖 多  不 離 二 教  攝 之 皆 盡  隨 中 所 對 之 境  不 簡 情 與 
ZH_X39_0712_003:0579c03	非情善惡事法。若非制作制止境。即是聽作聽止境。	003	非 情 善 惡 事 法  若 非 制 作 制 止 境  即 是 聽 作 聽 止 境  
ZH_X39_0712_003:0579c04	起心對境之時。但順二教即成二持。違二教即成兩	003	起 心 對 境 之 時  但 順 二 教 即 成 二 持  違 二 教 即 成 兩 
ZH_X39_0712_003:0579c05	犯。是知持犯不能自分。約其制聽方知分齊。二教既	003	犯  是 知 持 犯 不 能 自 分  約 其 制 聽 方 知 分 齊  二 教 既 
ZH_X39_0712_003:0579c06	収萬境。故就制聽二教以明其實。所持體者在乎境	003	収 萬 境  故 就 制 聽 二 教 以 明 其 實  所 持 體 者 在 乎 境 
ZH_X39_0712_003:0579c07	也。廣如會正。	003	也  廣 如 會 正  
ZH_X39_0712_003:0579c08	有惡。如婬盜等惡事制令不作。順教心故。止持行成。	003	有 惡  如 婬 盜 等 惡 事 制 令 不 作  順 教 心 故  止 持 行 成  
ZH_X39_0712_003:0579c09	有善。如衣鉢三藏教法等。若順教作修。即作持行成。	003	有 善  如 衣 鉢 三 藏 教 法 等  若 順 教 作 修  即 作 持 行 成  
ZH_X39_0712_003:0579c10	此但薄示梗槩。故曰大略。	003	此 但 薄 示 梗 槩  故 曰 大 略  
ZH_X39_0712_003:0579c11	違下。如制教中制止事違教作故。翻止持成作犯。又	003	違 下  如 制 教 中 制 止 事 違 教 作 故  翻 止 持 成 作 犯  又 
ZH_X39_0712_003:0579c12	制教中制作法怠而不學。翻作持成止犯也。	003	制 教 中 制 作 法 怠 而 不 學  翻 作 持 成 止 犯 也  
ZH_X39_0712_003:0579c13	作下。言作則順於聽門。不作存乎上行。故非犯矣。	003	作 下  言 作 則 順 於 聽 門  不 作 存 乎 上 行  故 非 犯 矣  
ZH_X39_0712_003:0579c14	有下。如淫盜等事。業過俱重故制止。無下。房等事。衣	003	有 下  如 淫 盜 等 事  業 過 俱 重 故 制 止  無 下  房 等 事  衣 
ZH_X39_0712_003:0579c15	依教無惱故聽作。此一句正顯作與不作一切無罪。	003	依 教 無 惱 故 聽 作  此 一 句 正 顯 作 與 不 作 一 切 無 罪  
ZH_X39_0712_003:0579c16	且對二教以分。只就聽門自分止作。故下文云。於此	003	且 對 二 教 以 分  只 就 聽 門 自 分 止 作  故 下 文 云  於 此 
ZH_X39_0712_003:0579c17	事法亦聽作聽止。如有房財。理須加法。故聽作也。若	003	事 法 亦 聽 作 聽 止  如 有 房 財  理 須 加 法  故 聽 作 也  若 
ZH_X39_0712_003:0579c18	有妨難犯過衣財。不合加法。故聽止也。	003	有 妨 難 犯 過 衣 財  不 合 加 法  故 聽 止 也  
ZH_X39_0712_003:0579c19	所下。何以所持中須立制聽二教耶唯下。若但以制	003	所 下  何 以 所 持 中 須 立 制 聽 二 教 耶 唯 下  若 但 以 制 
ZH_X39_0712_003:0579c20	教攝機。則上根獲益。中下絕分。則教之急矣。如但用	003	教 攝 機  則 上 根 獲 益  中 下 絕 分  則 教 之 急 矣  如 但 用 
ZH_X39_0712_003:0579c21	聽門。又抑彼上根翻同中下。則教之寬矣。故須二教	003	聽 門  又 抑 彼 上 根 翻 同 中 下  則 教 之 寬 矣  故 須 二 教 
ZH_X39_0712_003:0579c22	式被三機。如天須菩提胎衣迦葉等理可求也。	003	式 被 三 機  如 天 須 菩 提 胎 衣 迦 葉 等 理 可 求 也  
ZH_X39_0712_003:0579c23	二教。即制聽也。攝法。簡攝事也。古師約法。局在作	003	二 教  即 制 聽 也  攝 法  簡 攝 事 也  古 師 約 法  局 在 作 
ZH_X39_0712_003:0579c24	持止犯中。望法不通止持作犯處名分齊。若據今師。	003	持 止 犯 中  望 法 不 通 止 持 作 犯 處 名 分 齊  若 據 今 師  
ZH_X39_0712_003:0580a01	事法俱通四行為分齊。但望順教離過邊屬止持。依	003	事 法 俱 通 四 行 為 分 齊  但 望 順 教 離 過 邊 屬 止 持  依 
ZH_X39_0712_003:0580a02	教而作是作持。若違此二成兩犯。分齊事者。如四重	003	教 而 作 是 作 持  若 違 此 二 成 兩 犯  分 齊 事 者  如 四 重 
ZH_X39_0712_003:0580a03	等。是制教中止持作犯事。非法房舍長衣等。是聽教	003	等  是 制 教 中 止 持 作 犯 事  非 法 房 舍 長 衣 等  是 聽 教 
ZH_X39_0712_003:0580a04	中止持作犯事。望不通法。故曰唯也。若據今師。約七	003	中 止 持 作 犯 事  望 不 通 法  故 曰 唯 也  若 據 今 師  約 七 
ZH_X39_0712_003:0580a05	非五邪法。止故成持。作則成犯。則法亦通此二行矣。	003	非 五 邪 法  止 故 成 持  作 則 成 犯  則 法 亦 通 此 二 行 矣  
ZH_X39_0712_003:0580a06	二教法事。如誦戒羯磨如法衣鉢等。是制教中作持	003	二 教 法 事  如 誦 戒 羯 磨 如 法 衣 鉢 等  是 制 教 中 作 持 
ZH_X39_0712_003:0580a07	止犯法事。如處分白二造房如量。是聽教中作持止	003	止 犯 法 事  如 處 分 白 二 造 房 如 量  是 聽 教 中 作 持 止 
ZH_X39_0712_003:0580a08	犯法事。此中事法齊該。故曰通也。前段。指上止持作	003	犯 法 事  此 中 事 法 齊 該  故 曰 通 也  前 段  指 上 止 持 作 
ZH_X39_0712_003:0580a09	犯二行。唯對事不通法者何耶。	003	犯 二 行  唯 對 事 不 通 法 者 何 耶  
ZH_X39_0712_003:0580a10	法下。古師所謂法者。皆是三藏等善法。要在進功修	003	法 下  古 師 所 謂 法 者  皆 是 三 藏 等 善 法  要 在 進 功 修 
ZH_X39_0712_003:0580a11	學。方可委知。是以順教學故在作持収。違教止故。□	003	學  方 可 委 知  是 以 順 教 學 故 在 作 持 収  違 教 止 故   
ZH_X39_0712_003:0580a12	止犯攝。則不通止持作犯也。	003	止 犯 攝  則 不 通 止 持 作 犯 也  
ZH_X39_0712_003:0580a13	事下。如淫盜等惡事唯在離過。不作自然収歸止持。	003	事 下  如 淫 盜 等 惡 事 唯 在 離 過  不 作 自 然 収 歸 止 持  
ZH_X39_0712_003:0580a14	必持必若違教。自成作犯。	003	必 持 必 若 違 教  自 成 作 犯  
ZH_X39_0712_003:0580a15	故下結。作持得事兼法。止持局事不通法故。所以異	003	故 下 結  作 持 得 事 兼 法  止 持 局 事 不 通 法 故  所 以 異 
ZH_X39_0712_003:0580a16	也。	003	也  
ZH_X39_0712_003:0580a17	五邪七非。如下所明。此皆非法。理須制止。何得言止	003	五 邪 七 非  如 下 所 明  此 皆 非 法  理 須 制 止  何 得 言 止 
ZH_X39_0712_003:0580a18	持作犯唯局事邪。	003	持 作 犯 唯 局 事 邪  
ZH_X39_0712_003:0580a19	對事者。即前云事但離過自攝法。惟進修方知。既不	003	對 事 者  即 前 云 事 但 離 過 自 攝 法  惟 進 修 方 知  既 不 
ZH_X39_0712_003:0580a20	省法通善惡。則義有乖也。今則不爾。但使善事善法	003	省 法 通 善 惡  則 義 有 乖 也  今 則 不 爾  但 使 善 事 善 法 
ZH_X39_0712_003:0580a21	在作持止犯収。惡事惡法在止持作犯攝。	003	在 作 持 止 犯 収  惡 事 惡 法 在 止 持 作 犯 攝  
ZH_X39_0712_003:0580a22	下以位分者。約可學不可學位。以分分不越制聽兩	003	下 以 位 分 者  約 可 學 不 可 學 位  以 分 分 不 越 制 聽 兩 
ZH_X39_0712_003:0580a23	教。以辨事法體狀也。	003	教  以 辨 事 法 體 狀 也  
ZH_X39_0712_003:0580a24	一下。今所以先立可學者。全異古也。雲暉願至首疏	003	一 下  今 所 以 先 立 可 學 者  全 異 古 也  雲 暉 願 至 首 疏 
ZH_X39_0712_003:0580b01	已來。於止持中皆先明不可學。謂一切惡事。於明白	003	已 來  於 止 持 中 皆 先 明 不 可 學  謂 一 切 惡 事  於 明 白 
ZH_X39_0712_003:0580b02	心中不開學作。名不可學。由不作故成止持。惡止善	003	心 中 不 開 學 作  名 不 可 學  由 不 作 故 成 止 持  惡 止 善 
ZH_X39_0712_003:0580b03	行。義之次第。故第二明可學。以善事皆須學故。今師	003	行  義 之 次 第  故 第 二 明 可 學  以 善 事 皆 須 學 故  今 師 
ZH_X39_0712_003:0580b04	不爾。謂一切善惡事法。明白心中先須學知。故可學	003	不 爾  謂 一 切 善 惡 事 法  明 白 心 中 先 須 學 知  故 可 學 
ZH_X39_0712_003:0580b05	居初。後於解處迷忘心生。緣而不了。故不可學居後	003	居 初  後 於 解 處 迷 忘 心 生  緣 而 不 了  故 不 可 學 居 後 
ZH_X39_0712_003:0580b06	也。	003	也  
ZH_X39_0712_003:0580b07	三境者。人非畜也。四主。三寶及人非畜也。淫望三	003	三 境 者  人 非 畜 也  四 主  三 寶 及 人 非 畜 也  淫 望 三 
ZH_X39_0712_003:0580b08	境皆結夷。故曰通。盜四主結罪差除故分。此即止持	003	境 皆 結 夷  故 曰 通  盜 四 主 結 罪 差 除 故 分  此 即 止 持 
ZH_X39_0712_003:0580b09	中制教中制止事。明白心成於可學。又今師將婬盜。	003	中 制 教 中 制 止 事  明 白 心 成 於 可 學  又 今 師 將 婬 盜  
ZH_X39_0712_003:0580b10	在可學者。要通二位也。	003	在 可 學 者  要 通 二 位 也  
ZH_X39_0712_003:0580b11	五邪者。律中調達說五邪。以破四聖種。謂盡形乞食。	003	五 邪 者  律 中 調 達 說 五 邪  以 破 四 聖 種  謂 盡 形 乞 食  
ZH_X39_0712_003:0580b12	糞掃衣。露坐。不食蘇鹽。第五盡形不食魚及肉也。	003	糞 掃 衣  露 坐  不 食 蘇 鹽  第 五 盡 形 不 食 魚 及 肉 也  
ZH_X39_0712_003:0580b13	七非者。律中羯磨離七非。即非法毗尼。非法別眾。非	003	七 非 者  律 中 羯 磨 離 七 非  即 非 法 毗 尼  非 法 別 眾  非 
ZH_X39_0712_003:0580b14	法和合眾。如法別眾。法相似別眾。法相似和合。七訶	003	法 和 合 眾  如 法 別 眾  法 相 似 別 眾  法 相 似 和 合  七 訶 
ZH_X39_0712_003:0580b15	不止。此與事鈔義立有異也。	003	不 止  此 與 事 鈔 義 立 有 異 也  
ZH_X39_0712_003:0580b16	由下。迷即本迷。倒謂顛倒。如犯言不犯等。隨下。隨於	003	由 下  迷 即 本 迷  倒 謂 顛 倒  如 犯 言 不 犯 等  隨 下  隨 於 
ZH_X39_0712_003:0580b17	四重等境。不能辨了。皆名迷倒。如有主物作無主想	003	四 重 等 境  不 能 辨 了  皆 名 迷 倒  如 有 主 物 作 無 主 想 
ZH_X39_0712_003:0580b18	等。然由未作前事名止。	003	等  然 由 未 作 前 事 名 止  
ZH_X39_0712_003:0580b19	四依。如糞埽乞食等體相皆同。但望執盡形邊以混	003	四 依  如 糞 埽 乞 食 等 體 相 皆 同  但 望 執 盡 形 邊 以 混 
ZH_X39_0712_003:0580b20	濫也。	003	濫 也  
ZH_X39_0712_003:0580b21	忘下。於上三法迷邪為正。思心不決。望未作邊猶正	003	忘 下  於 上 三 法 迷 邪 為 正  思 心 不 決  望 未 作 邊 猶 正 
ZH_X39_0712_003:0580b22	持。	003	持  
ZH_X39_0712_003:0580b23	非下。釋名義。對上科而心不了。文別理同。此即止持	003	非 下  釋 名 義  對 上 科 而 心 不 了  文 別 理 同  此 即 止 持 
ZH_X39_0712_003:0580b24	中制教中制止法。迷忘心成不可學。	003	中 制 教 中 制 止 法  迷 忘 心 成 不 可 學  
ZH_X39_0712_003:0580c01	答下。謂不學教人是迷教不迷心。隨所壞行。結根本	003	答 下  謂 不 學 教 人 是 迷 教 不 迷 心  隨 所 壞 行  結 根 本 
ZH_X39_0712_003:0580c02	外。更加不學吉無知提。	003	外  更 加 不 學 吉 無 知 提  
ZH_X39_0712_003:0580c03	今下。此中是迷心不迷教。先並分明委練。只由迷忘	003	今 下  此 中 是 迷 心 不 迷 教  先 並 分 明 委 練  只 由 迷 忘 
ZH_X39_0712_003:0580c04	心生。緣而不了根本枝條。例皆不犯。故云無罪可結	003	心 生  緣 而 不 了 根 本 枝 條  例 皆 不 犯  故 云 無 罪 可 結 
ZH_X39_0712_003:0580c05	如下。以三衣一鉢作時。衣須止細綃紗縠。及與佛量。	003	如 下  以 三 衣 一 鉢 作 時  衣 須 止 細 綃 紗 縠  及 與 佛 量  
ZH_X39_0712_003:0580c06	并五正色等。鉢須止金銀漆木等體。及過減量。并掍	003	并 五 正 色 等  鉢 須 止 金 銀 漆 木 等 體  及 過 減 量  并 掍 
ZH_X39_0712_003:0580c07	鋧色也。此即止持中制教中制作事。明白心中成可	003	鋧 色 也  此 即 止 持 中 制 教 中 制 作 事  明 白 心 中 成 可 
ZH_X39_0712_003:0580c08	學。	003	學  
ZH_X39_0712_003:0580c09	如下。即單白白二白四聖制學之。作時須離七非也。	003	如 下  即 單 白 白 二 白 四 聖 制 學 之  作 時 須 離 七 非 也  
ZH_X39_0712_003:0580c10	此即止持中制教中制作法。明白心中成可學。疏中	003	此 即 止 持 中 制 教 中 制 作 法  明 白 心 中 成 可 學  疏 中 
ZH_X39_0712_003:0580c11	理合更就下約事約法。立不可學二句。今不明者。前	003	理 合 更 就 下 約 事 約 法  立 不 可 學 二 句  今 不 明 者  前 
ZH_X39_0712_003:0580c12	制止事法中已明不可學。可以類知。故今略也。亦如	003	制 止 事 法 中 已 明 不 可 學  可 以 類 知  故 今 略 也  亦 如 
ZH_X39_0712_003:0580c13	鈔中止持制門中。於可學內。立制止制作二句。後但	003	鈔 中 止 持 制 門 中  於 可 學 內  立 制 止 制 作 二 句  後 但 
ZH_X39_0712_003:0580c14	立一不可學。通曉止作事上俱有不可學也。今亦同	003	立 一 不 可 學  通 曉 止 作 事 上 俱 有 不 可 學 也  今 亦 同 
ZH_X39_0712_003:0580c15	之。	003	之  
ZH_X39_0712_003:0580c16	問意。謂凡止持者。對彼惡事守禦不犯為義。今若止	003	問 意  謂 凡 止 持 者  對 彼 惡 事 守 禦 不 犯 為 義  今 若 止 
ZH_X39_0712_003:0580c17	中有作。與下作持何別。又若於此明作。則止作合雜	003	中 有 作  與 下 作 持 何 別  又 若 於 此 明 作  則 止 作 合 雜 
ZH_X39_0712_003:0580c18	混亂。如何分耶。	003	混 亂  如 何 分 耶  
ZH_X39_0712_003:0580c19	答下。今雖論作。意在成就止持也。如衣鉢教制脩畜。	003	答 下  今 雖 論 作  意 在 成 就 止 持 也  如 衣 鉢 教 制 脩 畜  
ZH_X39_0712_003:0580c20	望今畜故是作持。不犯闕衣名止持。順教遵奉又是	003	望 今 畜 故 是 作 持  不 犯 闕 衣 名 止 持  順 教 遵 奉 又 是 
ZH_X39_0712_003:0580c21	作持。是則止中有作收作成止。舉宗歷然。豈為雜亂。	003	作 持  是 則 止 中 有 作 收 作 成 止  舉 宗 歷 然  豈 為 雜 亂  
ZH_X39_0712_003:0580c22	答下。有善起護同屬作持。是義同本為成止故。作是	003	答 下  有 善 起 護 同 屬 作 持  是 義 同 本 為 成 止 故  作 是 
ZH_X39_0712_003:0580c23	意別。亦猶止婬作觀之類也。雙持犯義。理在茲矣。	003	意 別  亦 猶 止 婬 作 觀 之 類 也  雙 持 犯 義  理 在 茲 矣  
ZH_X39_0712_003:0580c24	雙持雙犯者。影略互舉也。言雙持則略雙犯。下文云。	003	雙 持 雙 犯 者  影 略 互 舉 也  言 雙 持 則 略 雙 犯  下 文 云  
ZH_X39_0712_003:0581a01	違此二持便成兩犯。言隻犯用略單持。下云無聖教	003	違 此 二 持 便 成 兩 犯  言 隻 犯 用 略 單 持  下 云 無 聖 教 
ZH_X39_0712_003:0581a02	德。並是單持。	003	德  並 是 單 持  
ZH_X39_0712_003:0581a03	心用。心即行心。用謂力用。如起一善行心。力用通成	003	心 用  心 即 行 心  用 謂 力 用  如 起 一 善 行 心  力 用 通 成 
ZH_X39_0712_003:0581a04	止作二持。起一不善行心。通成止作兩犯。	003	止 作 二 持  起 一 不 善 行 心  通 成 止 作 兩 犯  
ZH_X39_0712_003:0581a05	持下略犯字。且如初戒依教制護。即善行心成止持	003	持 下 略 犯 字  且 如 初 戒 依 教 制 護  即 善 行 心 成 止 持 
ZH_X39_0712_003:0581a06	也。能觀不淨厭離現前。借使怨逼都無染樂。如虵口	003	也  能 觀 不 淨 厭 離 現 前  借 使 怨 逼 都 無 染 樂  如 虵 口 
ZH_X39_0712_003:0581a07	火中者。是善行心成作持也。違上二心。翻成止作兩	003	火 中 者  是 善 行 心 成 作 持 也  違 上 二 心  翻 成 止 作 兩 
ZH_X39_0712_003:0581a08	犯也。一戒既爾。諸戒例然。教。即制聽兩教。行。即教下	003	犯 也  一 戒 既 爾  諸 戒 例 然  教  即 制 聽 兩 教  行  即 教 下 
ZH_X39_0712_003:0581a09	所詮行也。必憑託衣鉢房舍等境上而生也。	003	所 詮 行 也  必 憑 託 衣 鉢 房 舍 等 境 上 而 生 也  
ZH_X39_0712_003:0581a10	依下。順制聽兩教中。制作聽作邊說有二持。反此無	003	依 下  順 制 聽 兩 教 中  制 作 聽 作 邊 說 有 二 持  反 此 無 
ZH_X39_0712_003:0581a11	聖教制作聽作者。並是單持。故云依教奉行也。何者	003	聖 教 制 作 聽 作 者  並 是 單 持  故 云 依 教 奉 行 也  何 者 
ZH_X39_0712_003:0581a12	下。推釋雙持所以也。可同殺盜者。但有順教止持。違	003	下  推 釋 雙 持 所 以 也  可 同 殺 盜 者  但 有 順 教 止 持  違 
ZH_X39_0712_003:0581a13	教作犯。成單持雙犯之義。豈有教文開作成作持義	003	教 作 犯  成 單 持 雙 犯 之 義  豈 有 教 文 開 作 成 作 持 義 
ZH_X39_0712_003:0581a14	耶。今此衣鉢教既制作。故具雙持。	003	耶  今 此 衣 鉢 教 既 制 作  故 具 雙 持  
ZH_X39_0712_003:0581a15	問下。若云託境順教無犯名作持有。如淫開怨逼。與	003	問 下  若 云 託 境 順 教 無 犯 名 作 持 有  如 淫 開 怨 逼  與 
ZH_X39_0712_003:0581a16	前境合。望順教禁心。可名作持。不受染樂應號止持。	003	前 境 合  望 順 教 禁 心  可 名 作 持  不 受 染 樂 應 號 止 持  
ZH_X39_0712_003:0581a17	是則亦具二持耶。	003	是 則 亦 具 二 持 耶  
ZH_X39_0712_003:0581a18	答下。既曰禁心名止。顯亦屬止持。又怨逼暫開。非恒	003	答 下  既 曰 禁 心 名 止  顯 亦 屬 止 持  又 怨 逼 暫 開  非 恒 
ZH_X39_0712_003:0581a19	許爾。	003	許 爾  
ZH_X39_0712_003:0581a20	若下。律云染心看者越毗尼。聞聳起染亦爾。況復言	003	若 下  律 云 染 心 看 者 越 毗 尼  聞 聳 起 染 亦 爾  況 復 言 
ZH_X39_0712_003:0581a21	合耶。如後。即戒相中。	003	合 耶  如 後  即 戒 相 中  
ZH_X39_0712_003:0581a22	房舍等者。約事也。即元主房。要長佛十二搩手。廣七	003	房 舍 等 者  約 事 也  即 元 主 房  要 長 佛 十 二 搩 手  廣 七 
ZH_X39_0712_003:0581a23	搩手(五分佛手二尺)。長衣。即長如來八指。廣四指(佛指二寸)。疏文	003	搩 手  五 分 佛 手 二 尺   長 衣  即 長 如 來 八 指  廣 四 指  佛 指 二 寸   疏 文 
ZH_X39_0712_003:0581a24	略長而言狹者。收減量耳。下云房財大小是也。	003	略 長 而 言 狹 者  收 減 量 耳  下 云 房 財 大 小 是 也  
ZH_X39_0712_003:0581b01	指下。約法也。房須乞法指授。衣限十日說淨。於下。約	003	指 下  約 法 也  房 須 乞 法 指 授  衣 限 十 日 說 淨  於 下  約 
ZH_X39_0712_003:0581b02	事法示雙持義。此中句法。對事法上應得兩句。皆明	003	事 法 示 雙 持 義  此 中 句 法  對 事 法 上 應 得 兩 句  皆 明 
ZH_X39_0712_003:0581b03	白心也。犯過。即販賣衣財。不應淨法。	003	白 心 也  犯 過  即 販 賣 衣 財  不 應 淨 法  
ZH_X39_0712_003:0581b04	大小。即過減量也。迷下。如緣過量房。作如量想。始終	003	大 小  即 過 減 量 也  迷 下  如 緣 過 量 房  作 如 量 想  始 終 
ZH_X39_0712_003:0581b05	不轉。無罪可結。斯本迷也。或前後想轉。斯為忘也。如	003	不 轉  無 罪 可 結  斯 本 迷 也  或 前 後 想 轉  斯 為 忘 也  如 
ZH_X39_0712_003:0581b06	是迷忘交互而起。皆迷心矣。	003	是 迷 忘 交 互 而 起  皆 迷 心 矣  
ZH_X39_0712_003:0581b07	作下。處分說淨為是。反此名非。今迷忘心生緣而不	003	作 下  處 分 說 淨 為 是  反 此 名 非  今 迷 忘 心 生 緣 而 不 
ZH_X39_0712_003:0581b08	了。如不處分作處分想等。望無心違教。猶名止持。	003	了  如 不 處 分 作 處 分 想 等  望 無 心 違 教  猶 名 止 持  
ZH_X39_0712_003:0581b09	迷下。即但迷非學了。故佛一切開也。還約事法對不	003	迷 下  即 但 迷 非 學 了  故 佛 一 切 開 也  還 約 事 法 對 不 
ZH_X39_0712_003:0581b10	可學。亦成二句。講者歷之。下皆倣此。	003	可 學  亦 成 二 句  講 者 歷 之  下 皆 倣 此  
ZH_X39_0712_003:0581b11	並制修學者。順古進修邊。解作持義。行護。順教制造	003	並 制 修 學 者  順 古 進 修 邊  解 作 持 義  行 護  順 教 制 造 
ZH_X39_0712_003:0581b12	是行。加法受持名護。	003	是 行  加 法 受 持 名 護  
ZH_X39_0712_003:0581b13	教行者。舉能所二詮也。文言一切通包三學萬行也。	003	教 行 者  舉 能 所 二 詮 也  文 言 一 切 通 包 三 學 萬 行 也  
ZH_X39_0712_003:0581b14	並下結示作止。	003	並 下 結 示 作 止  
ZH_X39_0712_003:0581b15	制門。即指前止持制門中。制止事法也。今復言止。與	003	制 門  即 指 前 止 持 制 門 中  制 止 事 法 也  今 復 言 止  與 
ZH_X39_0712_003:0581b16	上何別耶。	003	上 何 別 耶  
ZH_X39_0712_003:0581b17	答下。惡法即五邪七非。文略惡事。謂前制不許作邊	003	答 下  惡 法 即 五 邪 七 非  文 略 惡 事  謂 前 制 不 許 作 邊 
ZH_X39_0712_003:0581b18	名止持。今望制作離過邊名止持。是則來由意旨各	003	名 止 持  今 望 制 作 離 過 邊 名 止 持  是 則 來 由 意 旨 各 
ZH_X39_0712_003:0581b19	有其致。可以通而解之不。事下。謂房非妨難。衣無犯	003	有 其 致  可 以 通 而 解 之 不  事 下  謂 房 非 妨 難  衣 無 犯 
ZH_X39_0712_003:0581b20	過。如法通成故聽作也。反此不合故聽止也。如前。即	003	過  如 法 通 成 故 聽 作 也  反 此 不 合 故 聽 止 也  如 前  即 
ZH_X39_0712_003:0581b21	止持可學中。昔解。即願等古人也。作至者字已來。徵	003	止 持 可 學 中  昔 解  即 願 等 古 人 也  作 至 者 字 已 來  徵 
ZH_X39_0712_003:0581b22	其不通。非此主末文釋其所以也。且云初無不可學	003	其 不 通  非 此 主 末 文 釋 其 所 以 也  且 云 初 無 不 可 學 
ZH_X39_0712_003:0581b23	者一句。即同鈔中。徵云所以不通。不可學者鈔中略。	003	者 一 句  即 同 鈔 中  徵 云 所 以 不 通  不 可 學 者 鈔 中 略  
ZH_X39_0712_003:0581b24	非此所明已下答文。彼但云由心迷忘。非學能了。即	003	非 此 所 明 已 下 答 文  彼 但 云 由 心 迷 忘  非 學 能 了  即 
ZH_X39_0712_003:0581c01	同次科。今解不然。不可學迷非學能了等文。以鈔中	003	同 次 科  今 解 不 然  不 可 學 迷 非 學 能 了 等 文  以 鈔 中 
ZH_X39_0712_003:0581c02	略。順古答文。并今解不然等語。故使先德釋鈔多致	003	略  順 古 答 文  并 今 解 不 然 等 語  故 使 先 德 釋 鈔 多 致 
ZH_X39_0712_003:0581c03	異評。若彼此校讎。理自明矣。非此所明者。古人既約	003	異 評  若 彼 此 校 讎  理 自 明 矣  非 此 所 明 者  古 人 既 約 
ZH_X39_0712_003:0581c04	惡事為不可學。由惡事非進修之業。聖人豈制學之。	003	惡 事 為 不 可 學  由 惡 事 非 進 修 之 業  聖 人 豈 制 學 之  
ZH_X39_0712_003:0581c05	故非此作持中明也。若爾止持中何以立耶。	003	故 非 此 作 持 中 明 也  若 爾 止 持 中 何 以 立 耶  
ZH_X39_0712_003:0581c06	不同下釋也。言不可輙同止持有不可學。以止持唯	003	不 同 下 釋 也  言 不 可 輙 同 止 持 有 不 可 學  以 止 持 唯 
ZH_X39_0712_003:0581c07	獨在遠離過非邊得名止也。	003	獨 在 遠 離 過 非 邊 得 名 止 也  
ZH_X39_0712_003:0581c08	今下。謂今師一切心境。皆是可學。只由迷心故不能	003	今 下  謂 今 師 一 切 心 境  皆 是 可 學  只 由 迷 心 故 不 能 
ZH_X39_0712_003:0581c09	了。豈局止持作犯中是則止作。四行俱通矣。	003	了  豈 局 止 持 作 犯 中 是 則 止 作  四 行 俱 通 矣  
ZH_X39_0712_003:0581c10	乃下引證。聖人尚有迷心。況下凡乎。如羅漢不識赤	003	乃 下 引 證  聖 人 尚 有 迷 心  況 下 凡 乎  如 羅 漢 不 識 赤 
ZH_X39_0712_003:0581c11	鹽等。皆事迷也。	003	鹽 等  皆 事 迷 也  
ZH_X39_0712_003:0581c12	如律下。四分長財不相染。凡有八緣。第八云。若忘去	003	如 律 下  四 分 長 財 不 相 染  凡 有 八 緣  第 八 云  若 忘 去 
ZH_X39_0712_003:0581c13	謂以心迷故。或忘財體。若忘加法並開十日。又云雖	003	謂 以 心 迷 故  或 忘 財 體  若 忘 加 法 並 開 十 日  又 云 雖 
ZH_X39_0712_003:0581c14	知是長。若忘等緣則無有罪。指授房戒。境想不乞處	003	知 是 長  若 忘 等 緣 則 無 有 罪  指 授 房 戒  境 想 不 乞 處 
ZH_X39_0712_003:0581c15	分造房。雖作前事。迷忘無罪。斯皆良證。	003	分 造 房  雖 作 前 事  迷 忘 無 罪  斯 皆 良 證  
ZH_X39_0712_003:0581c16	問下。若云想疑不結。何以房戒處分想疑中。結偷蘭	003	問 下  若 云 想 疑 不 結  何 以 房 戒 處 分 想 疑 中  結 偷 蘭 
ZH_X39_0712_003:0581c17	耶。	003	耶  
ZH_X39_0712_003:0581c18	答下。忘心非罪。但望前心方便結爾。前心即初作房	003	答 下  忘 心 非 罪  但 望 前 心 方 便 結 爾  前 心 即 初 作 房 
ZH_X39_0712_003:0581c19	時。後心房成時也。由後心想差於前因。因不至果故。	003	時  後 心 房 成 時 也  由 後 心 想 差 於 前 因  因 不 至 果 故  
ZH_X39_0712_003:0581c20	亦望未轉想時。明白心中有罪。是知忘心非在結限	003	亦 望 未 轉 想 時  明 白 心 中 有 罪  是 知 忘 心 非 在 結 限 
ZH_X39_0712_003:0581c21	若下。昔人不可學。局在止持作犯中仍須結罪。是塞。	003	若 下  昔 人 不 可 學  局 在 止 持 作 犯 中 仍 須 結 罪  是 塞  
ZH_X39_0712_003:0581c22	今師不可學。俱該四行兼放。迷心是通。是則今古全	003	今 師 不 可 學  俱 該 四 行 兼 放  迷 心 是 通  是 則 今 古 全 
ZH_X39_0712_003:0581c23	乖矣。諸下。蓋不欲全蔑古人耳。又恐後來有好丹非	003	乖 矣  諸 下  蓋 不 欲 全 蔑 古 人 耳  又 恐 後 來 有 好 丹 非 
ZH_X39_0712_003:0581c24	素之者。故曰任情兩取。然而該通持犯啟決昔迷者。	003	素 之 者  故 曰 任 情 兩 取  然 而 該 通 持 犯 啟 決 昔 迷 者  
ZH_X39_0712_003:0582a01	非夫聖師。曷能臻於此乎。翻對止持。亦須有制聽二	003	非 夫 聖 師  曷 能 臻 於 此 乎  翻 對 止 持  亦 須 有 制 聽 二 
ZH_X39_0712_003:0582a02	教。可學不可學事法二種。但望不脩戒行。於事於法。	003	教  可 學 不 可 學 事 法 二 種  但 望 不 脩 戒 行  於 事 於 法  
ZH_X39_0712_003:0582a03	有違越邊。皆名犯也。怠。懈也。上作持云進用修成。今	003	有 違 越 邊  皆 名 犯 也  怠  懈 也  上 作 持 云 進 用 修 成  今 
ZH_X39_0712_003:0582a04	云怠而不修。相翻之意也。類上持者。以止持翻成作	003	云 怠 而 不 修  相 翻 之 意 也  類 上 持 者  以 止 持 翻 成 作 
ZH_X39_0712_003:0582a05	犯。今古皆有不可學。今師添可學。作持翻為止犯。今	003	犯  今 古 皆 有 不 可 學  今 師 添 可 學  作 持 翻 為 止 犯  今 
ZH_X39_0712_003:0582a06	古皆有可學。今加不可學。故二犯俱通。但將此類彼	003	古 皆 有 可 學  今 加 不 可 學  故 二 犯 俱 通  但 將 此 類 彼 
ZH_X39_0712_003:0582a07	二持。交互映照。則衢道甚明。若無染汙。謂受戒之後。	003	二 持  交 互 映 照  則 衢 道 甚 明  若 無 染 汙  謂 受 戒 之 後  
ZH_X39_0712_003:0582a08	四捨已前。戒體在三心中。望無惡來行。戒體光潔。可	003	四 捨 已 前  戒 體 在 三 心 中  望 無 惡 來 行  戒 體 光 潔  可 
ZH_X39_0712_003:0582a09	曰止持。是故第四心前即有持義。	003	曰 止 持  是 故 第 四 心 前 即 有 持 義  
ZH_X39_0712_003:0582a10	謂下。示三心也。此三布列經論不同。經約受在初者。	003	謂 下  示 三 心 也  此 三 布 列 經 論 不 同  經 約 受 在 初 者  
ZH_X39_0712_003:0582a11	此據麤細等明也。論將識在止者。此約起業以辯也。	003	此 據 麤 細 等 明 也  論 將 識 在 止 者  此 約 起 業 以 辯 也  
ZH_X39_0712_003:0582a12	非業者。未能成業故。非記者。是無記心故。若遷流至	003	非 業 者  未 能 成 業 故  非 記 者  是 無 記 心 故  若 遷 流 至 
ZH_X39_0712_003:0582a13	第四行心。能起三毒三善。方成持犯別因也。所以分	003	第 四 行 心  能 起 三 毒 三 善  方 成 持 犯 別 因 也  所 以 分 
ZH_X39_0712_003:0582a14	行為一。三心為一。豈非上。應先難云。既曰流入行心。	003	行 為 一  三 心 為 一  豈 非 上  應 先 難 云  既 曰 流 入 行 心  
ZH_X39_0712_003:0582a15	方成別業。何以三心成止持耶。將文答之。	003	方 成 別 業  何 以 三 心 成 止 持 耶  將 文 答 之  
ZH_X39_0712_003:0582a16	無染汙者。簡異先德也。古謂端然拱手不為善惡。成	003	無 染 汙 者  簡 異 先 德 也  古 謂 端 然 拱 手 不 為 善 惡  成 
ZH_X39_0712_003:0582a17	端拱止持。今破云。若拱手不修諸善。應成端拱止犯。	003	端 拱 止 持  今 破 云  若 拱 手 不 修 諸 善  應 成 端 拱 止 犯  
ZH_X39_0712_003:0582a18	便通餘行。是義不然。故今改之。	003	便 通 餘 行  是 義 不 然  故 今 改 之  
ZH_X39_0712_003:0582a19	三下。亦先難云。三心是無記者。受體在中應非記耶。	003	三 下  亦 先 難 云  三 心 是 無 記 者  受 體 在 中 應 非 記 耶  
ZH_X39_0712_003:0582a20	受下答。謂受體是善行心中成。其體即是記。雖在三	003	受 下 答  謂 受 體 是 善 行 心 中 成  其 體 即 是 記  雖 在 三 
ZH_X39_0712_003:0582a21	無記中。不隨變失。故涅槃云。其心雖在惡無記中。本	003	無 記 中  不 隨 變 失  故 涅 槃 云  其 心 雖 在 惡 無 記 中  本 
ZH_X39_0712_003:0582a22	所受體不名漏失。大疏難云。三心有止持者。為記業	003	所 受 體 不 名 漏 失  大 疏 難 云  三 心 有 止 持 者  為 記 業 
ZH_X39_0712_003:0582a23	無記業。若是記者三心非行。何得成業。若是無記不	003	無 記 業  若 是 記 者 三 心 非 行  何 得 成 業  若 是 無 記 不 
ZH_X39_0712_003:0582a24	應名持。答今謂心雖非記。受體是記。但望無行名為	003	應 名 持  答 今 謂 心 雖 非 記  受 體 是 記  但 望 無 行 名 為 
ZH_X39_0712_003:0582b01	止持。又古德難云。三心不造諸惡名止持者。不修諸	003	止 持  又 古 德 難 云  三 心 不 造 諸 惡 名 止 持 者  不 修 諸 
ZH_X39_0712_003:0582b02	善應號止犯。答受體先已受得。於三心中。無惡來行。	003	善 應 號 止 犯  答 受 體 先 已 受 得  於 三 心 中  無 惡 來 行  
ZH_X39_0712_003:0582b03	說名為持。惡既先不受得。無善來防。豈曰止犯。	003	說 名 為 持  惡 既 先 不 受 得  無 善 來 防  豈 曰 止 犯  
ZH_X39_0712_003:0582b04	治行。治即對治。行心。如起一善行心對至成二持。起	003	治 行  治 即 對 治  行 心  如 起 一 善 行 心 對 至 成 二 持  起 
ZH_X39_0712_003:0582b05	一不善行心對治成二犯也。且標一行。故曰止持。行	003	一 不 善 行 心 對 治 成 二 犯 也  且 標 一 行  故 曰 止 持  行 
ZH_X39_0712_003:0582b06	心造業趣果名行。以識但了總相。想專取像。受偏領	003	心 造 業 趣 果 名 行  以 識 但 了 總 相  想 專 取 像  受 偏 領 
ZH_X39_0712_003:0582b07	納。不能造業。要假行心遷流。方成別業故。識等三心	003	納  不 能 造 業  要 假 行 心 遷 流  方 成 別 業 故  識 等 三 心 
ZH_X39_0712_003:0582b08	無此止持。又三性中唯局善性。惡無記性中亦無此	003	無 此 止 持  又 三 性 中 唯 局 善 性  惡 無 記 性 中 亦 無 此 
ZH_X39_0712_003:0582b09	止持也。	003	止 持 也  
ZH_X39_0712_003:0582b10	如下。即對欲過境。作不淨觀。遮約故曰對境防也。起	003	如 下  即 對 欲 過 境  作 不 淨 觀  遮 約 故 曰 對 境 防 也  起 
ZH_X39_0712_003:0582b11	心護。即起無貪善行心持護。若然豈是無記三心耶。	003	心 護  即 起 無 貪 善 行 心 持 護  若 然 豈 是 無 記 三 心 耶  
ZH_X39_0712_003:0582b12	後止。即同後行心中止持也。	003	後 止  即 同 後 行 心 中 止 持 也  
ZH_X39_0712_003:0582b13	既下。且如持衣境。要假第四行心。加法成受。故識等	003	既 下  且 如 持 衣 境  要 假 第 四 行 心  加 法 成 受  故 識 等 
ZH_X39_0712_003:0582b14	非分。注中通善惡行四字。大鈔中亦有此注。彼但云	003	非 分  注 中 通 善 惡 行 四 字  大 鈔 中 亦 有 此 注  彼 但 云 
ZH_X39_0712_003:0582b15	即識想受三心。則無此四字。或可言此三心。能通第	003	即 識 想 受 三 心  則 無 此 四 字  或 可 言 此 三 心  能 通 第 
ZH_X39_0712_003:0582b16	四善惡行心。若然則前三為行之因爾。非者無也。即	003	四 善 惡 行 心  若 然 則 前 三 為 行 之 因 爾  非 者 無 也  即 
ZH_X39_0712_003:0582b17	善與無記中無二犯也。前後等者。如初對持衣事。	003	善 與 無 記 中 無 二 犯 也  前 後 等 者  如 初 對 持 衣 事  
ZH_X39_0712_003:0582b18	起加法心。是作持。後遇怨境起殺害心。是作犯。是則	003	起 加 法 心  是 作 持  後 遇 怨 境 起 殺 害 心  是 作 犯  是 則 
ZH_X39_0712_003:0582b19	心隨境變。持犯自殊。反上應云為殺等過名身作犯。	003	心 隨 境 變  持 犯 自 殊  反 上 應 云 為 殺 等 過 名 身 作 犯  
ZH_X39_0712_003:0582b20	不受食食名身止犯。作安等過名口作犯。不作知淨	003	不 受 食 食 名 身 止 犯  作 安 等 過 名 口 作 犯  不 作 知 淨 
ZH_X39_0712_003:0582b21	名口止犯。單意。以未動身口故。如條部律云。比丘見	003	名 口 止 犯  單 意  以 未 動 身 口 故  如 條 部 律 云  比 丘 見 
ZH_X39_0712_003:0582b22	河中流船。念欲取之。疑犯。佛言不犯。	003	河 中 流 船  念 欲 取 之  疑 犯  佛 言 不 犯  
ZH_X39_0712_003:0582b23	將下。須以意兼身口。即身口業思。方成其業。如初戒。	003	將 下  須 以 意 兼 身 口  即 身 口 業 思  方 成 其 業  如 初 戒  
ZH_X39_0712_003:0582b24	內心淫意。身口未現。結遠方便吉是也。	003	內 心 淫 意  身 口 未 現  結 遠 方 便 吉 是 也  
ZH_X39_0712_003:0582c01	有下。以小乘教。不制意地為凡夫。常緣欲境。聖人若	003	有 下  以 小 乘 教  不 制 意 地 為 凡 夫  常 緣 欲 境  聖 人 若 
ZH_X39_0712_003:0582c02	制。無能得脫。獨頭。即單意種。緣載起心時即有其犯。	003	制  無 能 得 脫  獨 頭  即 單 意 種  緣 載 起 心 時 即 有 其 犯  
ZH_X39_0712_003:0582c03	簡異一往心則不犯。正義者。若準事鈔。動身口思成	003	簡 異 一 往 心 則 不 犯  正 義 者  若 準 事 鈔  動 身 口 思 成 
ZH_X39_0712_003:0582c04	持犯。似取前義。今言後者。但約重緣。不兼於身口。亦	003	持 犯  似 取 前 義  今 言 後 者  但 約 重 緣  不 兼 於 身 口  亦 
ZH_X39_0712_003:0582c05	防之深爾。律云攝護須急。理可通也。餘下。鈔有七門。	003	防 之 深 爾  律 云 攝 護 須 急  理 可 通 也  餘 下  鈔 有 七 門  
ZH_X39_0712_003:0582c06	前三同此。餘有通塞漸頓優劣。料簡四門如彼。	003	前 三 同 此  餘 有 通 塞 漸 頓 優 劣  料 簡 四 門 如 彼  
ZH_X39_0712_003:0582c07	止。只也。謂聖人垂範。蓋欲依言見理循教起行。豈在	003	止  只 也  謂 聖 人 垂 範  蓋 欲 依 言 見 理 循 教 起 行  豈 在 
ZH_X39_0712_003:0582c08	乎讀誦而為清淨哉。十住云。佛法貴如說行。莊子云。	003	乎 讀 誦 而 為 清 淨 哉  十 住 云  佛 法 貴 如 說 行  莊 子 云  
ZH_X39_0712_003:0582c09	言者所以在意也。今之言教所為明理行者也。指掌。	003	言 者 所 以 在 意 也  今 之 言 教 所 為 明 理 行 者 也  指 掌  
ZH_X39_0712_003:0582c10	語云如指于掌。言明練事法。如指示掌中之物也。後	003	語 云 如 指 于 掌  言 明 練 事 法  如 指 示 掌 中 之 物 也  後 
ZH_X39_0712_003:0582c11	於境所忽起迷忘。約律迷心不迷教。聖不制犯。	003	於 境 所 忽 起 迷 忘  約 律 迷 心 不 迷 教  聖 不 制 犯  
ZH_X39_0712_003:0582c12	若下。謂受具之後便止心不學。後於事法。觸途成犯。	003	若 下  謂 受 具 之 後 便 止 心 不 學  後 於 事 法  觸 途 成 犯  
ZH_X39_0712_003:0582c13	不思有過。此則迷教不迷心。隨結。五篇正罪外。更結	003	不 思 有 過  此 則 迷 教 不 迷 心  隨 結  五 篇 正 罪 外  更 結 
ZH_X39_0712_003:0582c14	不學無知二罪。若於二持等者。迷教之人。雖偶成持	003	不 學 無 知 二 罪  若 於 二 持 等 者  迷 教 之 人  雖 偶 成 持 
ZH_X39_0712_003:0582c15	行。無其違背。然非識相護持。故不名福。	003	行  無 其 違 背  然 非 識 相 護 持  故 不 名 福  
ZH_X39_0712_003:0582c16	兩箇。可學九。不可學九。或四一為階。或三三作品。交	003	兩 箇  可 學 九  不 可 學 九  或 四 一 為 階  或 三 三 作 品  交 
ZH_X39_0712_003:0582c17	終以定罪之有無。為持犯方法軌則也。	003	終 以 定 罪 之 有 無  為 持 犯 方 法 軌 則 也  
ZH_X39_0712_003:0582c18	於下。先論可學者。異古所評也。作下文倒。事謂下。如	003	於 下  先 論 可 學 者  異 古 所 評 也  作 下 文 倒  事 謂 下  如 
ZH_X39_0712_003:0582c19	殺則了知初識以來。便屬人境。對盜則能分四主。此	003	殺 則 了 知 初 識 以 來  便 屬 人 境  對 盜 則 能 分 四 主  此 
ZH_X39_0712_003:0582c20	二今師所加。古人唯將衣鉢。以解可學識事。	003	二 今 師 所 加  古 人 唯 將 衣 鉢  以 解 可 學 識 事  
ZH_X39_0712_003:0582c21	夷下。謂知殺初識得夷。盜非人物得蘭。衣不染壞提。	003	夷 下  謂 知 殺 初 識 得 夷  盜 非 人 物 得 蘭  衣 不 染 壞 提  
ZH_X39_0712_003:0582c22	鉢不加受吉。疑犯。疑殺人為夷為蘭等。不識犯。言殺	003	鉢 不 加 受 吉  疑 犯  疑 殺 人 為 夷 為 蘭 等  不 識 犯  言 殺 
ZH_X39_0712_003:0582c23	人不犯夷。疑事。疑於初識為是人乎。不識事。燸相未	003	人 不 犯 夷  疑 事  疑 於 初 識 為 是 人 乎  不 識 事  燸 相 未 
ZH_X39_0712_003:0582c24	壞。謂非人境。	003	壞  謂 非 人 境  
ZH_X39_0712_003:0583a01	不可下。謂學不學人。既於事犯了知。故無枝條四罪。	003	不 可 下  謂 學 不 學 人  既 於 事 犯 了 知  故 無 枝 條 四 罪  
ZH_X39_0712_003:0583a02	又止心不作。則無根本。故成上品持律之士也。兼識。	003	又 止 心 不 作  則 無 根 本  故 成 上 品 持 律 之 士 也  兼 識  
ZH_X39_0712_003:0583a03	兼帶上半二識事犯句。此則無罪可結。生疑。即一三	003	兼 帶 上 半 二 識 事 犯 句  此 則 無 罪 可 結  生 疑  即 一 三 
ZH_X39_0712_003:0583a04	下半疑犯事句。各有二吉。不識。即二四下半不識犯	003	下 半 疑 犯 事 句  各 有 二 吉  不 識  即 二 四 下 半 不 識 犯 
ZH_X39_0712_003:0583a05	事句。各一提吉。故曰皆結兩罪。單雙。上下各說曰單。	003	事 句  各 一 提 吉  故 曰 皆 結 兩 罪  單 雙  上 下 各 說 曰 單  
ZH_X39_0712_003:0583a06	合說曰雙。今上四單無罪。下四單各有二罪成八。由	003	合 說 曰 雙  今 上 四 單 無 罪  下 四 單 各 有 二 罪 成 八  由 
ZH_X39_0712_003:0583a07	上半不結。故曰中品等。	003	上 半 不 結  故 曰 中 品 等  
ZH_X39_0712_003:0583a08	隨下。第一事犯俱疑犯四吉。二三兩句疑兼不識。各	003	隨 下  第 一 事 犯 俱 疑 犯 四 吉  二 三 兩 句 疑 兼 不 識  各 
ZH_X39_0712_003:0583a09	於事犯結一提三吉。第四上下俱非識故。二提二吉。	003	於 事 犯 結 一 提 三 吉  第 四 上 下 俱 非 識 故  二 提 二 吉  
ZH_X39_0712_003:0583a10	合十六罪。四句皆結名下品。未犯根本曰持律。然下。	003	合 十 六 罪  四 句 皆 結 名 下 品  未 犯 根 本 曰 持 律  然 下  
ZH_X39_0712_003:0583a11	事犯俱非識。罪重故居末。	003	事 犯 俱 非 識  罪 重 故 居 末  
ZH_X39_0712_003:0583a12	由下。言疑則分有所了通解之律義。非名末。故居中。	003	由 下  言 疑 則 分 有 所 了 通 解 之 律 義  非 名 末  故 居 中  
ZH_X39_0712_003:0583a13	反證第九事犯俱不識故。須居末也。	003	反 證 第 九 事 犯 俱 不 識 故  須 居 末 也  
ZH_X39_0712_003:0583a14	六提者。於事犯上各三不識。故有六也。十八吉。六是	003	六 提 者  於 事 犯 上 各 三 不 識  故 有 六 也  十 八 吉  六 是 
ZH_X39_0712_003:0583a15	無知。十二不學也。	003	無 知  十 二 不 學 也  
ZH_X39_0712_003:0583a16	無下。轉釋六提。是全根本無知。對吉得名重。	003	無 下  轉 釋 六 提  是 全 根 本 無 知  對 吉 得 名 重  
ZH_X39_0712_003:0583a17	有疑下。重審十八吉也。六疑無知非全不了。故在輕	003	有 疑 下  重 審 十 八 吉 也  六 疑 無 知 非 全 不 了  故 在 輕 
ZH_X39_0712_003:0583a18	收。	003	收  
ZH_X39_0712_003:0583a19	舉下。舉一行宗塗判歷三行。義且非混。又此止犯屬	003	舉 下  舉 一 行 宗 塗 判 歷 三 行  義 且 非 混  又 此 止 犯 屬 
ZH_X39_0712_003:0583a20	枝條。止持為根本。理亦無乖。初下。此中雖云迷然。忘	003	枝 條  止 持 為 根 本  理 亦 無 乖  初 下  此 中 雖 云 迷 然  忘 
ZH_X39_0712_003:0583a21	其識事識犯。並是明白心。以事須從識至疑。從疑至	003	其 識 事 識 犯  並 是 明 白 心  以 事 須 從 識 至 疑  從 疑 至 
ZH_X39_0712_003:0583a22	不識。其識事識犯等。宜準前可學中將事將罪配釋	003	不 識  其 識 事 識 犯 等  宜 準 前 可 學 中 將 事 將 罪 配 釋 
ZH_X39_0712_003:0583a23	可解。但事犯俱約迷心邊說。成不可學也。如人作非	003	可 解  但 事 犯 俱 約 迷 心 邊 說  成 不 可 學 也  如 人 作 非 
ZH_X39_0712_003:0583a24	人疑非人想。夷作蘭吉疑想等是也。	003	人 疑 非 人 想  夷 作 蘭 吉 疑 想 等 是 也  
ZH_X39_0712_003:0583b01	各下。謂三品九句中除識犯三句。外每品各有一疑	003	各 下  謂 三 品 九 句 中 除 識 犯 三 句  外 每 品 各 有 一 疑 
ZH_X39_0712_003:0583b02	犯。一不識犯。成六句。都有十二。不學無知罪。以古師	003	犯  一 不 識 犯  成 六 句  都 有 十 二  不 學 無 知 罪  以 古 師 
ZH_X39_0712_003:0583b03	將惡事為不可學。今疑不識例無枝條犯法。理須學	003	將 惡 事 為 不 可 學  今 疑 不 識 例 無 枝 條 犯 法  理 須 學 
ZH_X39_0712_003:0583b04	知。今猶不了疑不識處。須結二罪。故止就下半犯上	003	知  今 猶 不 了 疑 不 識 處  須 結 二 罪  故 止 就 下 半 犯 上 
ZH_X39_0712_003:0583b05	結也。	003	結 也  
ZH_X39_0712_003:0583b06	亦下。雖有十二枝條。望不犯根本處。准上可學中。亦	003	亦 下  雖 有 十 二 枝 條  望 不 犯 根 本 處  准 上 可 學 中  亦 
ZH_X39_0712_003:0583b07	得號為持行可學。今師約凡善惡事境。並可學知。忽	003	得 號 為 持 行 可 學  今 師 約 凡 善 惡 事 境  並 可 學 知  忽 
ZH_X39_0712_003:0583b08	於前事迷忘心生。佛不制罪。	003	於 前 事 迷 忘 心 生  佛 不 制 罪  
ZH_X39_0712_003:0583b09	罪是下。謂下半犯上十二枝條罪。是可學法。且順古	003	罪 是 下  謂 下 半 犯 上 十 二 枝 條 罪  是 可 學 法  且 順 古 
ZH_X39_0712_003:0583b10	結。向下難開。	003	結  向 下 難 開  
ZH_X39_0712_003:0583b11	問下。意云既開事上想疑。於犯有迷須放。如房戒法	003	問 下  意 云 既 開 事 上 想 疑  於 犯 有 迷 須 放  如 房 戒 法 
ZH_X39_0712_003:0583b12	上境。想云不處分處分想(是不識犯句也)。不處分處分疑(是疑	003	上 境  想 云 不 處 分 處 分 想  是 不 識 犯 句 也   不 處 分 處 分 疑  是 疑 
ZH_X39_0712_003:0583b13	犯句)。彼於根本尚開。此就枝條何結。答下。若以處分例	003	犯 句   彼 於 根 本 尚 開  此 就 枝 條 何 結  答 下  若 以 處 分 例 
ZH_X39_0712_003:0583b14	犯。則此以事例法定無惑矣。今未開者。指下作持對	003	犯  則 此 以 事 例 法 定 無 惑 矣  今 未 開 者  指 下 作 持 對 
ZH_X39_0712_003:0583b15	法自辨也。故鈔亦云。且據止持中約事為言。必如所	003	法 自 辨 也  故 鈔 亦 云  且 據 止 持 中 約 事 為 言  必 如 所 
ZH_X39_0712_003:0583b16	引。對法有二九句。後作持更為辨是也。	003	引  對 法 有 二 九 句  後 作 持 更 為 辨 是 也  
ZH_X39_0712_003:0583b17	問下。向云但事是可學。想疑忽生。聖不制罪者。何以	003	問 下  向 云 但 事 是 可 學  想 疑 忽 生  聖 不 制 罪 者  何 以 
ZH_X39_0712_003:0583b18	律判殺戒第三句有罪。盜戒第三句無罪耶。	003	律 判 殺 戒 第 三 句 有 罪  盜 戒 第 三 句 無 罪 耶  
ZH_X39_0712_003:0583b19	答下。殺戒第三有犯者。蓋心緣有罪境也。於彼人境	003	答 下  殺 戒 第 三 有 犯 者  蓋 心 緣 有 罪 境 也  於 彼 人 境 
ZH_X39_0712_003:0583b20	雖曰無愆。由作非人想故。有虗起殺心之吉。故曰心	003	雖 曰 無 愆  由 作 非 人 想 故  有 虗 起 殺 心 之 吉  故 曰 心 
ZH_X39_0712_003:0583b21	罪。	003	罪  
ZH_X39_0712_003:0583b22	或下。盜戒第三無犯者。蓋心緣無罪境也。今異二境。	003	或 下  盜 戒 第 三 無 犯 者  蓋 心 緣 無 罪 境 也  今 異 二 境  
ZH_X39_0712_003:0583b23	俱無結處。	003	俱 無 結 處  
ZH_X39_0712_003:0583b24	然下。言此二戒皆不犯根本故。縱於本境有蘭吉者。	003	然 下  言 此 二 戒 皆 不 犯 根 本 故  縱 於 本 境 有 蘭 吉 者  
ZH_X39_0712_003:0583c01	此屬未轉時前心方便也。非其異境後心罪。更有徵	003	此 屬 未 轉 時 前 心 方 便 也  非 其 異 境 後 心 罪  更 有 徵 
ZH_X39_0712_003:0583c02	詰。詳于事鈔。如初。即四四一為階。但將殺事夷愆配	003	詰  詳 于 事 鈔  如 初  即 四 四 一 為 階  但 將 殺 事 夷 愆 配 
ZH_X39_0712_003:0583c03	之可了。後九。即三三作品。多少。下品十六曰多。中品	003	之 可 了  後 九  即 三 三 作 品  多 少  下 品 十 六 曰 多  中 品 
ZH_X39_0712_003:0583c04	八罪名少。又十八吉為輕。六根為重。一如止持中。此	003	八 罪 名 少  又 十 八 吉 為 輕  六 根 為 重  一 如 止 持 中  此 
ZH_X39_0712_003:0583c05	中既屬作犯。故初九句結九根本。後九句犯三夷三	003	中 既 屬 作 犯  故 初 九 句 結 九 根 本  後 九 句 犯 三 夷 三 
ZH_X39_0712_003:0583c06	蘭等。不下。即三不識事中。若初殺殺竟。悞謂杌水。其	003	蘭 等  不 下  即 三 不 識 事 中  若 初 殺 殺 竟  悞 謂 杌 水  其 
ZH_X39_0712_003:0583c07	心不轉。本異二境。無罪可結。	003	心 不 轉  本 異 二 境  無 罪 可 結  
ZH_X39_0712_003:0583c08	有心下。於三時中。初時有心。正造及事畢時無心。但	003	有 心 下  於 三 時 中  初 時 有 心  正 造 及 事 畢 時 無 心  但 
ZH_X39_0712_003:0583c09	結未轉想疑時前心方便罪也。淫酒。此二約境制故。	003	結 未 轉 想 疑 時 前 心 方 便 罪 也  淫 酒  此 二 約 境 制 故  
ZH_X39_0712_003:0583c10	不論想疑。此猶順古。今師酒戒約先有方便不差。謂	003	不 論 想 疑  此 猶 順 古  今 師 酒 戒 約 先 有 方 便 不 差  謂 
ZH_X39_0712_003:0583c11	心境不相差。理結根本。	003	心 境 不 相 差  理 結 根 本  
ZH_X39_0712_003:0583c12	若下。若於迷處。分明曉了。因不造境。則亦無罪可	003	若 下  若 於 迷 處  分 明 曉 了  因 不 造 境  則 亦 無 罪 可 
ZH_X39_0712_003:0583c13	結。	003	結  
ZH_X39_0712_003:0583c14	上品。以可學中。約明白心。事法俱了。並非結罪。一事。	003	上 品  以 可 學 中  約 明 白 心  事 法 俱 了  並 非 結 罪  一 事  
ZH_X39_0712_003:0583c15	如一殺事等。於識下帶疑不識為中品。全疑不識為	003	如 一 殺 事 等  於 識 下 帶 疑 不 識 為 中 品  全 疑 不 識 為 
ZH_X39_0712_003:0583c16	下品。意欲顯明白心中犯相。如指于掌也。究竟即九	003	下 品  意 欲 顯 明 白 心 中 犯 相  如 指 于 掌 也  究 竟 即 九 
ZH_X39_0712_003:0583c17	根本。以是作犯。兼不迷心故。	003	根 本  以 是 作 犯  兼 不 迷 心 故  
ZH_X39_0712_003:0583c18	緣下。釋二十四枝條。皆是果罪。不同諸篇方便有後	003	緣 下  釋 二 十 四 枝 條  皆 是 果 罪  不 同 諸 篇 方 便 有 後 
ZH_X39_0712_003:0583c19	果可趣。有識等者。指上品及中品上半事犯也。	003	果 可 趣  有 識 等 者  指 上 品 及 中 品 上 半 事 犯 也  
ZH_X39_0712_003:0583c20	由下。古義也。事總。由順古事開犯結故。事總居上。犯	003	由 下  古 義 也  事 總  由 順 古 事 開 犯 結 故  事 總 居 上  犯 
ZH_X39_0712_003:0583c21	別在下。則結犯易明矣。又今師難開下半結犯。亦非	003	別 在 下  則 結 犯 易 明 矣  又 今 師 難 開 下 半 結 犯  亦 非 
ZH_X39_0712_003:0583c22	參互。故分二九也。	003	參 互  故 分 二 九 也  
ZH_X39_0712_003:0583c23	問下。既曰作犯九句。理須句句結犯。如上品識事三	003	問 下  既 曰 作 犯 九 句  理 須 句 句 結 犯  如 上 品 識 事 三 
ZH_X39_0712_003:0583c24	夷。中品疑事三蘭。可言六句有犯。不識事三句。於境	003	夷  中 品 疑 事 三 蘭  可 言 六 句 有 犯  不 識 事 三 句  於 境 
ZH_X39_0712_003:0584a01	非犯。理須去之。	003	非 犯  理 須 去 之  
ZH_X39_0712_003:0584a02	答下。若推本迷無犯。識合去之。然於下半犯上帶疑	003	答 下  若 推 本 迷 無 犯  識 合 去 之  然 於 下 半 犯 上 帶 疑 
ZH_X39_0712_003:0584a03	不識。各有二罪相。兼成九故得明也。	003	不 識  各 有 二 罪 相  兼 成 九 故 得 明 也  
ZH_X39_0712_003:0584a04	答下。謂枝條雖曰止犯。舉本作犯。以攝義非失也。又	003	答 下  謂 枝 條 雖 曰 止 犯  舉 本 作 犯  以 攝 義 非 失 也  又 
ZH_X39_0712_003:0584a05	必由造作前過通名作犯。有八。且如第七不識事識	003	必 由 造 作 前 過 通 名 作 犯  有 八  且 如 第 七 不 識 事 識 
ZH_X39_0712_003:0584a06	犯。無根條可結。止應有八句。	003	犯  無 根 條 可 結  止 應 有 八 句  
ZH_X39_0712_003:0584a07	答下。雖不識無犯。以造事故可從根攝。又句法相從	003	答 下  雖 不 識 無 犯  以 造 事 故 可 從 根 攝  又 句 法 相 從 
ZH_X39_0712_003:0584a08	無七。不成八九也。事法即明白心。於殺盜等事處分	003	無 七  不 成 八 九 也  事 法 即 明 白 心  於 殺 盜 等 事 處 分 
ZH_X39_0712_003:0584a09	等法。緣而不了。隨作結九根本。此謂迷教不迷心也。	003	等 法  緣 而 不 了  隨 作 結 九 根 本  此 謂 迷 教 不 迷 心 也  
ZH_X39_0712_003:0584a10	如下。示不識事。處下。示不識法。若約事上本迷。理合	003	如 下  示 不 識 事  處 下  示 不 識 法  若 約 事 上 本 迷  理 合 
ZH_X39_0712_003:0584a11	去三不識事句。故鈔云若可學事生不可學。迷唯六	003	去 三 不 識 事 句  故 鈔 云 若 可 學 事 生 不 可 學  迷 唯 六 
ZH_X39_0712_003:0584a12	句有罪除下品是也。今望事法。并俱迷說故。但除第	003	句 有 罪 除 下 品 是 也  今 望 事 法  并 俱 迷 說 故  但 除 第 
ZH_X39_0712_003:0584a13	九成八句。除第七。以事上無根本犯。上闕枝條故除	003	九 成 八 句  除 第 七  以 事 上 無 根 本 犯  上 闕 枝 條 故 除 
ZH_X39_0712_003:0584a14	之。	003	之  
ZH_X39_0712_003:0584a15	若下。第七須存。以未轉想時。有前心蘭罪也。二九。古	003	若 下  第 七 須 存  以 未 轉 想 時  有 前 心 蘭 罪 也  二 九  古 
ZH_X39_0712_003:0584a16	人約法約事分二九。俱名可學。今師約心辨可學不	003	人 約 法 約 事 分 二 九  俱 名 可 學  今 師 約 心 辨 可 學 不 
ZH_X39_0712_003:0584a17	可學為二九。故知此標通含今古。事。即衣鉢房舍等。	003	可 學 為 二 九  故 知 此 標 通 含 今 古  事  即 衣 鉢 房 舍 等  
ZH_X39_0712_003:0584a18	法。謂羯磨處分等。將事與法歷句。一如止持四一為	003	法  謂 羯 磨 處 分 等  將 事 與 法 歷 句  一 如 止 持 四 一 為 
ZH_X39_0712_003:0584a19	階也。	003	階 也  
ZH_X39_0712_003:0584a20	此下。示前後之異。守持。前則守。禦惡不入邊成持。疑	003	此 下  示 前 後 之 異  守 持  前 則 守  禦 惡 不 入 邊 成 持  疑 
ZH_X39_0712_003:0584a21	犯。不乞法為殘為蘭。不識犯。言不乞法但犯蘭爾。疑	003	犯  不 乞 法 為 殘 為 蘭  不 識 犯  言 不 乞 法 但 犯 蘭 爾  疑 
ZH_X39_0712_003:0584a22	法。疑造房為乞單白白二耶。不識法。云須乞單白也。	003	法  疑 造 房 為 乞 單 白 白 二 耶  不 識 法  云 須 乞 單 白 也  
ZH_X39_0712_003:0584a23	下品。比中品可知。二位。順主本為一。愚至者為二。	003	下 品  比 中 品 可 知  二 位  順 主 本 為 一  愚 至 者 為 二  
ZH_X39_0712_003:0584a24	如下。一句結顯。且初由順教造作。故無九根本也。不	003	如 下  一 句 結 顯  且 初 由 順 教 造 作  故 無 九 根 本 也  不 
ZH_X39_0712_003:0584b01	妨愚教自結枝條。中品八罪二提六吉。下品十六四	003	妨 愚 教 自 結 枝 條  中 品 八 罪 二 提 六 吉  下 品 十 六 四 
ZH_X39_0712_003:0584b02	墮十二吉。故曰則犯墮吉。如前。即止持中。後九句三	003	墮 十 二 吉  故 曰 則 犯 墮 吉  如 前  即 止 持 中  後 九 句 三 
ZH_X39_0712_003:0584b03	三作品也。	003	三 作 品 也  
ZH_X39_0712_003:0584b04	法下。善事善法雖曰可學。由其迷倒。成不可學。不同	003	法 下  善 事 善 法 雖 曰 可 學  由 其 迷 倒  成 不 可 學  不 同 
ZH_X39_0712_003:0584b05	古師作持不通也。	003	古 師 作 持 不 通 也  
ZH_X39_0712_003:0584b06	是以下。處分法。上既開迷忘不可學九。理自通成止	003	是 以 下  處 分 法  上 既 開 迷 忘 不 可 學 九  理 自 通 成 止 
ZH_X39_0712_003:0584b07	犯。古人約有三種。一制聽二教事上止犯。二事上法	003	犯  古 人 約 有 三 種  一 制 聽 二 教 事 上 止 犯  二 事 上 法 
ZH_X39_0712_003:0584b08	家止犯(此皆九句)。三教行止犯(此但八句除識法識犯也)。即四一三三	003	家 止 犯  此 皆 九 句   三 教 行 止 犯  此 但 八 句 除 識 法 識 犯 也   即 四 一 三 三 
ZH_X39_0712_003:0584b09	一同作持。此但怠而不脩。不同前作順教造成。又順	003	一 同 作 持  此 但 怠 而 不 脩  不 同 前 作 順 教 造 成  又 順 
ZH_X39_0712_003:0584b10	句法倒歷。以犯門罪多為上也。	003	句 法 倒 歷  以 犯 門 罪 多 為 上 也  
ZH_X39_0712_003:0584b11	如下。以古人約惡事惡法。為不可學故。止犯作持中	003	如 下  以 古 人 約 惡 事 惡 法  為 不 可 學 故  止 犯 作 持 中 
ZH_X39_0712_003:0584b12	無也。	003	無 也  
ZH_X39_0712_003:0584b13	今下。大師以迷心。為不可學。通乎四行也。	003	今 下  大 師 以 迷 心  為 不 可 學  通 乎 四 行 也  
ZH_X39_0712_003:0584b14	如下。長衣過限不說。見犯五篇不露。明白具知。即是	003	如 下  長 衣 過 限 不 說  見 犯 五 篇 不 露  明 白 具 知  即 是 
ZH_X39_0712_003:0584b15	可學。反此成不可學。以此二九。例通法界也。何言止	003	可 學  反 此 成 不 可 學  以 此 二 九  例 通 法 界 也  何 言 止 
ZH_X39_0712_003:0584b16	犯法中無不可學。	003	犯 法 中 無 不 可 學  
ZH_X39_0712_003:0584b17	對下。即教行止犯也。如不學三藏教法是也。今既識	003	對 下  即 教 行 止 犯 也  如 不 學 三 藏 教 法 是 也  今 既 識 
ZH_X39_0712_003:0584b18	了根條無犯。故除識法等一句。事宜作犯字。對下。通	003	了 根 條 無 犯  故 除 識 法 等 一 句  事 宜 作 犯 字  對 下  通 
ZH_X39_0712_003:0584b19	收二種止犯。文隱事上止犯義。何者。如諸善事。不起	003	收 二 種 止 犯  文 隱 事 上 止 犯 義  何 者  如 諸 善 事  不 起 
ZH_X39_0712_003:0584b20	造脩是也。雖無識上枝條。然有事上根本成九句。	003	造 脩 是 也  雖 無 識 上 枝 條  然 有 事 上 根 本 成 九 句  
ZH_X39_0712_003:0584b21	如下。示事上法家止犯也。於事雖明。於法上有。故曰	003	如 下  示 事 上 法 家 止 犯 也  於 事 雖 明  於 法 上 有  故 曰 
ZH_X39_0712_003:0584b22	不乞處分。仍將不字貫下。云不受持不加淨。文方顯	003	不 乞 處 分  仍 將 不 字 貫 下  云 不 受 持 不 加 淨  文 方 顯 
ZH_X39_0712_003:0584b23	矣。殘提。既存九句斯立。	003	矣  殘 提  既 存 九 句 斯 立  
ZH_X39_0712_003:0584b24	無始下。經無始時為染。習本為生死源故。經云眾生	003	無 始 下  經 無 始 時 為 染  習 本 為 生 死 源 故  經 云 眾 生 
ZH_X39_0712_003:0584c01	愛命還依欲本。愛欲為因。愛命為果。是知欲愛所起。	003	愛 命 還 依 欲 本  愛 欲 為 因  愛 命 為 果  是 知 欲 愛 所 起  
ZH_X39_0712_003:0584c02	在於三毒。毒之盛者在乎貪也。成論云。眾生皆以貪	003	在 於 三 毒  毒 之 盛 者 在 乎 貪 也  成 論 云  眾 生 皆 以 貪 
ZH_X39_0712_003:0584c03	染心。而愛婬欲等。	003	染 心  而 愛 婬 欲 等  
ZH_X39_0712_003:0584c04	於母者。禮云夫准禽獸無禮故。父子聚塵(取猶共也鹿牡曰〔鹿〕)	003	於 母 者  禮 云 夫 准 禽 獸 無 禮 故  父 子 聚 塵  取 猶 共 也 鹿 牡 曰  鹿   
ZH_X39_0712_003:0584c05	原其無禮。即是癡業。故成實云。但以癡心。不識好醜	003	原 其 無 禮  即 是 癡 業  故 成 實 云  但 以 癡 心  不 識 好 醜 
ZH_X39_0712_003:0584c06	是也。	003	是 也  
ZH_X39_0712_003:0584c07	境交下。覆示上成必在貪。謂外形相交。內情適暢。雖	003	境 交 下  覆 示 上 成 必 在 貪  謂 外 形 相 交  內 情 適 暢  雖 
ZH_X39_0712_003:0584c08	因嗔癡。果在貪毒。以癡下。由癡屬迷惑。嗔是違忿。故	003	因 嗔 癡  果 在 貪 毒  以 癡 下  由 癡 屬 迷 惑  嗔 是 違 忿  故 
ZH_X39_0712_003:0584c09	曰兩不成也。	003	曰 兩 不 成 也  
ZH_X39_0712_003:0584c10	損益。望彼為損。於己曰益。故義鈔云。殺盜二戒患通	003	損 益  望 彼 為 損  於 己 曰 益  故 義 鈔 云  殺 盜 二 戒 患 通 
ZH_X39_0712_003:0584c11	損益。自作教人損境暢思又齊是也。不同婬委教人	003	損 益  自 作 教 人 損 境 暢 思 又 齊 是 也  不 同 婬 委 教 人 
ZH_X39_0712_003:0584c12	婬者。樂在前人。教人稱聖。於己無潤。故非益己。罪皆	003	婬 者  樂 在 前 人  教 人 稱 聖  於 己 無 潤  故 非 益 己  罪 皆 
ZH_X39_0712_003:0584c13	輕也。殺盜既通損益。彼我同犯。三事。即三毒。下文云。	003	輕 也  殺 盜 既 通 損 益  彼 我 同 犯  三 事  即 三 毒  下 文 云  
ZH_X39_0712_003:0584c14	二破兩戒亦因三事。	003	二 破 兩 戒 亦 因 三 事  
ZH_X39_0712_003:0584c15	下姓。即栴陀羅等卑姓之人。摩摩帝。即經營人。彼云	003	下 姓  即 栴 陀 羅 等 卑 姓 之 人  摩 摩 帝  即 經 營 人  彼 云 
ZH_X39_0712_003:0584c16	摩摩帝。塔無物僧有物。便作念。天人所以供養僧者。	003	摩 摩 帝  塔 無 物 僧 有 物  便 作 念  天 人 所 以 供 養 僧 者  
ZH_X39_0712_003:0584c17	皆佛恩故。供養佛者。便為供養僧。即持僧物。脩治塔	003	皆 佛 恩 故  供 養 佛 者  便 為 供 養 僧  即 持 僧 物  脩 治 塔 
ZH_X39_0712_003:0584c18	者。此摩摩帝得波羅夷。以下。即以此事類之便成。上	003	者  此 摩 摩 帝 得 波 羅 夷  以 下  即 以 此 事 類 之 便 成  上 
ZH_X39_0712_003:0584c19	云終因三事。互起相成之解也。	003	云 終 因 三 事  互 起 相 成 之 解 也  
ZH_X39_0712_003:0584c20	有害。言蛇既害人。殺亦無過。父母老病殺無罪者。論	003	有 害  言 蛇 既 害 人  殺 亦 無 過  父 母 老 病 殺 無 罪 者  論 
ZH_X39_0712_003:0584c21	云今波斯國說之。此亦無禮義之邦也。周孔之教。既	003	云 今 波 斯 國 說 之  此 亦 無 禮 義 之 邦 也  周 孔 之 教  既 
ZH_X39_0712_003:0584c22	不及因果之法。豈能別乎。	003	不 及 因 果 之 法  豈 能 別 乎  
ZH_X39_0712_003:0584c23	又下。彼十不善品。問曰有人依官舊法。殺害眾生。或	003	又 下  彼 十 不 善 品  問 曰 有 人 依 官 舊 法  殺 害 眾 生  或 
ZH_X39_0712_003:0584c24	為強力所逼。強殺眾生。自謂無罪。是事云何。答亦應	003	為 強 力 所 逼  強 殺 眾 生  自 謂 無 罪  是 事 云 何  答 亦 應 
ZH_X39_0712_003:0585a01	得罪。是人具足殺罪。自緣故。以四因緣得殺罪。一有	003	得 罪  是 人 具 足 殺 罪  自 緣 故  以 四 因 緣 得 殺 罪  一 有 
ZH_X39_0712_003:0585a02	眾生。二知是。三有殺心。四斷命心依惑者。即三煩惱	003	眾 生  二 知 是  三 有 殺 心  四 斷 命 心 依 惑 者  即 三 煩 惱 
ZH_X39_0712_003:0585a03	也。彼云一切煩惱能起惡業。互起相成。如下云身口	003	也  彼 云 一切煩惱 能 起 惡 業  互 起 相 成  如 下 云 身 口 
ZH_X39_0712_003:0585a04	互造兩得相成意同也。又依依上三毒互起義也。	003	互 造 兩 得 相 成 意 同 也  又 依 依 上 三 毒 互 起 義 也  
ZH_X39_0712_003:0585a05	財利下。應加妄語字貫而讀之。又應將此貫下嗔癡	003	財 利 下  應 加 妄 語 字 貫 而 讀 之  又 應 將 此 貫 下 嗔 癡 
ZH_X39_0712_003:0585a06	二種思。貪者前心也。	003	二 種 思  貪 者 前 心 也  
ZH_X39_0712_003:0585a07	言了者根本也。暢思者後心也。古師意謂。得財事遂。	003	言 了 者 根 本 也  暢 思 者 後 心 也  古 師 意 謂  得 財 事 遂  
ZH_X39_0712_003:0585a08	前後俱貪。嗔癡二毒不得兼也。	003	前 後 俱 貪  嗔 癡 二 毒 不 得 兼 也  
ZH_X39_0712_003:0585a09	又下。雖前起貪妄語。後不得財。反屬嗔毒。貪癡二種	003	又 下  雖 前 起 貪 妄 語  後 不 得 財  反 屬 嗔 毒  貪 癡 二 種 
ZH_X39_0712_003:0585a10	亦非兼有。	003	亦 非 兼 有  
ZH_X39_0712_003:0585a11	今下申破。良由妄隨毒有。或由貪成。或因嗔起等。言	003	今 下 申 破  良 由 妄 隨 毒 有  或 由 貪 成  或 因 嗔 起 等  言 
ZH_X39_0712_003:0585a12	了即結。豈約後得財不得財以分三毒。誠不可也。	003	了 即 結  豈 約 後 得 財 不 得 財 以 分 三 毒  誠 不 可 也  
ZH_X39_0712_003:0585a13	究竟者。根本夷也。暢遂者。後心吉也。大師云。所造暢	003	究 竟 者  根 本 夷 也  暢 遂 者  後 心 吉 也  大 師 云  所 造 暢 
ZH_X39_0712_003:0585a14	決稱懷發惠。通得吉羅。	003	決 稱 懷 發 惠  通 得 吉 羅  
ZH_X39_0712_003:0585a15	如下。釋成究竟也。	003	如 下  釋 成 究 竟 也  
ZH_X39_0712_003:0585a16	或下。甄去開緣也。染奪者。染對上境交如怨逼。三	003	或 下  甄 去 開 緣 也  染 奪 者  染 對 上 境 交 如 怨 逼  三 
ZH_X39_0712_003:0585a17	時無染。奪對上離處。如下云祇駈牛馬心疑故非犯。	003	時 無 染  奪 對 上 離 處  如 下 云 祇 駈 牛 馬 心 疑 故 非 犯  
ZH_X39_0712_003:0585a18	文舉婬盜。以省後二也。	003	文 舉 婬 盜  以 省 後 二 也  
ZH_X39_0712_003:0585a19	前三。婬盜殺也。非身不成第四妄語也。非口不辨此	003	前 三  婬 盜 殺 也  非 身 不 成 第 四 妄 語 也  非 口 不 辨 此 
ZH_X39_0712_003:0585a20	約麤分也。若細分者。如下互中。雖在身者拾毗尼中	003	約 麤 分 也  若 細 分 者  如 下 互 中  雖 在 身 者 拾 毗 尼 中 
ZH_X39_0712_003:0585a21	復加心。今文存略。	003	復 加 心  今 文 存 略  
ZH_X39_0712_003:0585a22	身口互者。殺盜本是身業。容有口教互成也。故曰身	003	身 口 互 者  殺 盜 本 是 身 業  容 有 口 教 互 成 也  故 曰 身 
ZH_X39_0712_003:0585a23	為本等。義鈔中立為自作教他也。	003	為 本 等  義 鈔 中 立 為 自 作 教 他 也  
ZH_X39_0712_003:0585a24	從損財下。是身自業。次從口語下。是口教業。故知身	003	從 損 財 下  是 身 自 業  次 從 口 語 下  是 口 教 業  故 知 身 
ZH_X39_0712_003:0585b01	本口末也。	003	本 口 末 也  
ZH_X39_0712_003:0585b02	重罪。多論云。教人殺盜。隨命斷離處。教者得罪是也。	003	重 罪  多 論 云  教 人 殺 盜  隨 命 斷 離 處  教 者 得 罪 是 也  
ZH_X39_0712_003:0585b03	殺人。上准義鈔中。應加及以字。鬼神。大師云一切呪	003	殺 人  上 准 義 鈔 中  應 加 及 以 字  鬼 神  大 師 云 一 切 呪 
ZH_X39_0712_003:0585b04	法皆令鬼神夜叉。以其身業扶物斷命等。師子。說文	003	法 皆 令 鬼 神 夜 叉  以 其 身 業 扶 物 斷 命 等  師 子  說 文 
ZH_X39_0712_003:0585b05	云虓(許交切)師子。爾雅曰後魔如虥(士板昨閑二切)。猫食虎豹。	003	云 虓  許 交 切  師 子  爾 雅 曰 後 魔 如 虥  士 板 昨 閑 二 切   猫 食 虎 豹  
ZH_X39_0712_003:0585b06	或一哮而令獸死者。蓋身壯聲勇也。成論云。師子虎	003	或 一 哮 而 令 獸 死 者  蓋 身 壯 聲 勇 也  成 論 云  師 子 虎 
ZH_X39_0712_003:0585b07	狼所得身力。皆由不淨福。及以罪緣所致。壯夫。如項	003	狼 所 得 身 力  皆 由 不 淨 福  及 以 罪 緣 所 致  壯 夫  如 項 
ZH_X39_0712_003:0585b08	羽叱樓煩。煩目不能視。手不能發。又嵆叔夜養生論	003	羽 叱 樓 煩  煩 目 不 能 視  手 不 能 發  又 嵆 叔 夜 養 生 論 
ZH_X39_0712_003:0585b09	云。壯士之怒。赫然殊觀。植髮衝冠。其壯又可知矣。	003	云  壯 士 之 怒  赫 然 殊 觀  植 髮 衝 冠  其 壯 又 可 知 矣  
ZH_X39_0712_003:0585b10	深下。指殺戒也。或口言受食等。□口造身業也。	003	深 下  指 殺 戒 也  或 口 言 受 食 等   口 造 身 業 也  
ZH_X39_0712_003:0585b11	無下。如教彼現無學相。着某色衣。是造口家大妄業	003	無 下  如 教 彼 現 無 學 相  着 某 色 衣  是 造 口 家 大 妄 業 
ZH_X39_0712_003:0585b12	也。彼正現時何有口助耶。亦由前問答者。指先口業	003	也  彼 正 現 時 何 有 口 助 耶  亦 由 前 問 答 者  指 先 口 業 
ZH_X39_0712_003:0585b13	也。	003	也  
ZH_X39_0712_003:0585b14	渡河方成者。要後身業也。是則口未成犯。要身助成	003	渡 河 方 成 者  要 後 身 業 也  是 則 口 未 成 犯  要 身 助 成 
ZH_X39_0712_003:0585b15	明矣。	003	明 矣  
ZH_X39_0712_003:0585b16	口下。即身造口業亦爾。約教未犯。要彼身業表聖。方	003	口 下  即 身 造 口 業 亦 爾  約 教 未 犯  要 彼 身 業 表 聖  方 
ZH_X39_0712_003:0585b17	犯大妄。	003	犯 大 妄  
ZH_X39_0712_003:0585b18	業性下。釋上不互。此二句出雜心。言異者。口業非身	003	業 性 下  釋 上 不 互  此 二 句 出 雜 心  言 異 者  口 業 非 身 
ZH_X39_0712_003:0585b19	業也。	003	業 也  
ZH_X39_0712_003:0585b20	事下。有本作雖非。彼論正作事不究竟。言下。大師釋	003	事 下  有 本 作 雖 非  彼 論 正 作 事 不 究 竟  言 下  大 師 釋 
ZH_X39_0712_003:0585b21	論不究竟義也。又云下二句。亦出雜心。自在者。如王	003	論 不 究 竟 義 也  又 云 下 二 句  亦 出 雜 心  自 在 者  如 王 
ZH_X39_0712_003:0585b22	勅人令殺是。又仙人意所嫌而殺。謂是口意二業。是	003	勅 人 令 殺 是  又 仙 人 意 所 嫌 而 殺  謂 是 口 意 二 業  是 
ZH_X39_0712_003:0585b23	義不然。業自性異故。事不究竟故。故曰必須人鬼等。	003	義 不 然  業 自 性 異 故  事 不 究 竟 故  故 曰 必 須 人 鬼 等  
ZH_X39_0712_003:0585b24	各自成業者。若依成論。身口互造。身造口業。但發身	003	各 自 成 業 者  若 依 成 論  身 口 互 造  身 造 口 業  但 發 身 
ZH_X39_0712_003:0585c01	業。以現是身造。故曰造亦爾。故知通互也。	003	業  以 現 是 身 造  故 曰 造 亦 爾  故 知 通 互 也  
ZH_X39_0712_003:0585c02	彼文者。指成實邪行品也。彼先問曰。是殺生等三不	003	彼 文 者  指 成 實 邪 行 品 也  彼 先 問 曰  是 殺 生 等 三 不 
ZH_X39_0712_003:0585c03	善業。但見多業性耶。答殺罪名不善。業是罪身。亦可	003	善 業  但 見 多 業 性 耶  答 殺 罪 名 不 善  業 是 罪 身  亦 可 
ZH_X39_0712_003:0585c04	造隨。以自身殺害眾生。有本作何身字誤。口亦可造。	003	造 隨  以 自 身 殺 害 眾 生  有 本 作 何 身 字 誤  口 亦 可 造  
ZH_X39_0712_003:0585c05	隨教勅人令殺眾生。或以呪殺。如五通仙能呪殺人	003	隨 教 勅 人 令 殺 眾 生  或 以 呪 殺  如 五 通 仙 能 呪 殺 人 
ZH_X39_0712_003:0585c06	等。心造如文。	003	等  心 造 如 文  
ZH_X39_0712_003:0585c07	彼論者。大師轉引彼三業輕重品中文。證上心造義。	003	彼 論 者  大 師 轉 引 彼 三 業 輕 重 品 中 文  證 上 心 造 義  
ZH_X39_0712_003:0585c08	故彼云。又意業力勝身口業方接。和利經等文至所	003	故 彼 云  又 意 業 力 勝 身 口 業 方 接  和 利 經 等 文 至 所 
ZH_X39_0712_003:0585c09	作來。皆論自引也。	003	作 來  皆 論 自 引 也  
ZH_X39_0712_003:0585c10	那羅者。具云那羅于陀羅國。大論云。大仙嗔時。能令	003	那 羅 者  具 云 那 羅 于 陀 羅 國  大 論 云  大 仙 嗔 時  能 令 
ZH_X39_0712_003:0585c11	大國磨滅是也。檀特。太子須大拏經云檀特山。應法	003	大 國 磨 滅 是 也  檀 特  太 子 須 大 拏 經 云 檀 特 山  應 法 
ZH_X39_0712_003:0585c12	師云。或言單多羅迦山。或云檀特山。此譯云蔭山。方	003	師 云  或 言 單 多 羅 迦 山  或 云 檀 特 山  此 譯 云 蔭 山  方 
ZH_X39_0712_003:0585c13	志云。在跋魯沙城北東二十餘里。山嶺上塔。是蘇達	003	志 云  在 跋 魯 沙 城 北 東 二 十 餘 里  山 嶺 上 塔  是 蘇 達 
ZH_X39_0712_003:0585c14	拏棲隱之所。	003	拏 棲 隱 之 所  
ZH_X39_0712_003:0585c15	著脫。與上義同。但加脫字。如教云若表聖人者。當脫	003	著 脫  與 上 義 同  但 加 脫 字  如 教 云 若 表 聖 人 者  當 脫 
ZH_X39_0712_003:0585c16	某衣。嘿妄者。本是口業。由意造成故。二具由生者。成	003	某 衣  嘿 妄 者  本 是 口 業  由 意 造 成 故  二 具 由 生 者  成 
ZH_X39_0712_003:0585c17	論正行品云。是三種行皆但是心。所以者何。離心無	003	論 正 行 品 云  是 三 種 行 皆 但 是 心  所以者何  離 心 無 
ZH_X39_0712_003:0585c18	思無身口業。又云是意業力故。起身口惡等。	003	思 無 身 口 業  又 云 是 意 業 力 故  起 身 口 惡 等  
ZH_X39_0712_003:0585c19	非下。以欲顯己德之聖希招名利。非其言者莫成妄	003	非 下  以 欲 顯 己 德 之 聖 希 招 名 利  非 其 言 者 莫 成 妄 
ZH_X39_0712_003:0585c20	業。	003	業  
ZH_X39_0712_003:0585c21	亦下。不唯口辨。亦有身業現相成重。義鈔云。身表口	003	亦 下  不 唯 口 辨  亦 有 身 業 現 相 成 重  義 鈔 云  身 表 口 
ZH_X39_0712_003:0585c22	業故。從根本判無疑也。比前。即無學者衣也。	003	業 故  從 根 本 判 無 疑 也  比 前  即 無 學 者 衣 也  
ZH_X39_0712_003:0585c23	先下。文略自作字。無預。預樂也。佚也。有本作悆音同。	003	先 下  文 略 自 作 字  無 預  預 樂 也  佚 也  有 本 作 悆 音 同  
ZH_X39_0712_003:0585c24	亦悅也。損境。對上損字。暢思。對上益字。	003	亦 悅 也  損 境  對 上 損 字  暢 思  對 上 益 字  
ZH_X39_0712_003:0586a01	期契下釋上過。通顯自他俱有也。時節下。如教人	003	期 契 下 釋 上 過  通 顯 自 他 俱 有 也  時 節 下  如 教 人 
ZH_X39_0712_003:0586a02	凌晨為我殺人是。教者心尅。今使者反至薄暮殺畜。	003	凌 晨 為 我 殺 人 是  教 者 心 尅  今 使 者 反 至 薄 暮 殺 畜  
ZH_X39_0712_003:0586a03	是所使意異也。坐立。如教坐殺人。彼立殺畜。	003	是 所 使 意 異 也  坐 立  如 教 坐 殺 人  彼 立 殺 畜  
ZH_X39_0712_003:0586a04	或互下。或能教顛狂。或所教捨戒。通別兩緣彼此闕	003	或 互 下  或 能 教 顛 狂  或 所 教 捨 戒  通 別 兩 緣 彼 此 闕 
ZH_X39_0712_003:0586a05	者。皆非正犯。漫心者。能教通在人畜。所教隨殺皆犯。	003	者  皆 非 正 犯  漫 心 者  能 教 通 在 人 畜  所 教 隨 殺 皆 犯  
ZH_X39_0712_003:0586a06	如教作坑。通陷人畜之類也。無寄。寄托也。言不專托	003	如 教 作 坑  通 陷 人 畜 之 類 也  無 寄  寄 托 也  言 不 專 托 
ZH_X39_0712_003:0586a07	於一也。	003	於 一 也  
ZH_X39_0712_003:0586a08	殺盜下。如遣人殺己及盜己物。於義則疎。故曰無有	003	殺 盜 下  如 遣 人 殺 己 及 盜 己 物  於 義 則 疎  故 曰 無 有 
ZH_X39_0712_003:0586a09	遣義。約人犯。約篇四戒。罪齊一品。莫不皆夷。	003	遣 義  約 人 犯  約 篇 四 戒  罪 齊 一 品  莫 不 皆 夷  
ZH_X39_0712_003:0586a10	夷蘭者。初戒犯夷。下三結蘭。兩種者。若約犯夷吉提。	003	夷 蘭 者  初 戒 犯 夷  下 三 結 蘭  兩 種 者  若 約 犯 夷 吉 提  
ZH_X39_0712_003:0586a11	應曰三種。今恐取下智解盜殺誑犯蘭為一。并淫夷	003	應 曰 三 種  今 恐 取 下 智 解 盜 殺 誑 犯 蘭 為 一  并 淫 夷 
ZH_X39_0712_003:0586a12	為兩種智解。殺戒云。若畜生中有智解人語者。若復	003	為 兩 種 智 解  殺 戒 云  若 畜 生 中 有 智 解 人 語 者  若 復 
ZH_X39_0712_003:0586a13	有能變形。方便求殺者偷蘭。又大妄戒云。畜能變形	003	有 能 變 形  方 便 求 殺 者 偷 蘭  又 大 妄 戒 云  畜 能 變 形 
ZH_X39_0712_003:0586a14	有智。向說得上人法。知者偷蘭。又調部云。不能變化	003	有 智  向 說 得 上 人 法  知 者 偷 蘭  又 調 部 云  不 能 變 化 
ZH_X39_0712_003:0586a15	畜前。自稱得上人法。佛言吉羅。盜雖不說輕重及智	003	畜 前  自 稱 得 上 人 法  佛 言 吉 羅  盜 雖 不 說 輕 重 及 智 
ZH_X39_0712_003:0586a16	解。理宜准此。而下。應先難云。若殺結蘭者。何故戒本	003	解  理 宜 准 此  而 下  應 先 難 云  若 殺 結 蘭 者  何 故 戒 本 
ZH_X39_0712_003:0586a17	云。斷畜生命者波逸提。將文答之。謂律且約不能變	003	云  斷 畜 生 命 者 波 逸 提  將 文 答 之  謂 律 且 約 不 能 變 
ZH_X39_0712_003:0586a18	化。若殺犯提。外部。大師準十誦。虎殘犯吉。多論云。一	003	化  若 殺 犯 提  外 部  大 師 準 十 誦  虎 殘 犯 吉  多 論 云  一 
ZH_X39_0712_003:0586a19	切鳥獸食殘取者吉羅。今師約智解可同結蘭。	003	切 鳥 獸 食 殘 取 者 吉 羅  今 師 約 智 解 可 同 結 蘭  
ZH_X39_0712_003:0586a20	屍上者。律云若死屍未壞少壞少壞但使入婬處。皆	003	屍 上 者  律 云 若 死 屍 未 壞 少 壞 少 壞 但 使 入 婬 處  皆 
ZH_X39_0712_003:0586a21	波羅夷。生死源者。論云。酒為放逸本。婬為生死源。金	003	波 羅 夷  生 死 源 者  論 云  酒 為 放 逸 本  婬 為 生 死 源  金 
ZH_X39_0712_003:0586a22	銀生患重。邪命斷善根。	003	銀 生 患 重  邪 命 斷 善 根  
ZH_X39_0712_003:0586a23	善因所招者。成實問云。以何業故生人天中。答曰若	003	善 因 所 招 者  成 實 問 云  以 何 業 故 生 人 天 中  答 曰 若 
ZH_X39_0712_003:0586a24	布施持戒修善等業。上者生天。下者生人。又利根者	003	布 施 持 戒 修 善 等 業  上 者 生 天  下 者 生 人  又 利 根 者 
ZH_X39_0712_003:0586b01	則生人中。反前者。非人於財少著。旁生依正且卑故輕。	003	則 生 人 中  反 前 者  非 人 於 財 少 著  旁 生 依 正 且 卑 故 輕  
ZH_X39_0712_003:0586b02	地居者。即忉利已下依須彌所居。輕即蘭也。盜希。爾	003	地 居 者  即 忉 利 已 下 依 須 彌 所 居  輕 即 蘭 也  盜 希  爾 
ZH_X39_0712_003:0586b03	雅釋結云希罕也。	003	雅 釋 結 云 希 罕 也  
ZH_X39_0712_003:0586b04	加下。成論云。若人憎惡田宅舍廬我所差別。則生鬱	003	加 下  成 論 云  若 人 憎 惡 田 宅 舍 廬 我 所 差 別  則 生 鬱 
ZH_X39_0712_003:0586b05	單越。故知彼無我所。豈呪天乎。	003	單 越  故 知 彼 無 我 所  豈 呪 天 乎  
ZH_X39_0712_003:0586b06	由下。多論云。凡得波羅提木叉戒者。以五道而言。唯	003	由 下  多 論 云  凡 得 波羅提木叉 戒 者  以 五 道 而 言  唯 
ZH_X39_0712_003:0586b07	人道得。餘四道不得。如天道。以著樂深重故。乃至世	003	人 道 得  餘 四 道 不 得  如 天 道  以 著 樂 深 重 故  乃 至 世 
ZH_X39_0712_003:0586b08	尊成道亦在人中。淨道者。俱舍云。淨道沙門性。言無	003	尊 成 道 亦 在 人 中  淨 道 者  俱 舍 云  淨 道 沙 門 性  言 無 
ZH_X39_0712_003:0586b09	漏淨道。是四沙門之性。今若斷彼連持。即持即是壞	003	漏 淨 道  是 四 沙 門 之 性  今 若 斷 彼 連 持  即 持 即 是 壞 
ZH_X39_0712_003:0586b10	聖道性。損所依故。婆沙云。以色身是法身器故。法身	003	聖 道 性  損 所 依 故  婆 沙 云  以 色 身 是 法 身 器 故  法 身 
ZH_X39_0712_003:0586b11	所依故。若害色身得逆罪。斯可照也。	003	所 依 故  若 害 色 身 得 逆 罪  斯 可 照 也  
ZH_X39_0712_003:0586b12	多下。彼先問曰。何以但害人得波羅夷。答以人中有	003	多 下  彼 先 問 曰  何 以 但 害 人 得 波 羅 夷  答 以 人 中 有 
ZH_X39_0712_003:0586b13	三歸等是答。不能出家者。如帝釋語目連云。一天子	003	三 歸 等 是 答  不 能 出 家 者  如 帝 釋 語 目 連 云  一 天 子 
ZH_X39_0712_003:0586b14	有一天女一伎樂。以自娛樂不能自割。況作天王。種	003	有 一 天 女 一 伎 樂  以 自 娛 樂 不 能 自 割  況 作 天 王  種 
ZH_X39_0712_003:0586b15	種宮觀。無數天女。天須陀食。自然百味。百千妓樂以	003	種 宮 觀  無 數 天 女  天 須 陀 食  自 然 百 味  百 千 妓 樂 以 
ZH_X39_0712_003:0586b16	自娛樂。雖知佛世難遇。正法難聞。而染樂纏縛。不得	003	自 娛 樂  雖 知 佛 世 難 遇  正 法 難 聞  而 染 樂 纏 縛  不 得 
ZH_X39_0712_003:0586b17	自在。善心力弱。何由出家。僧寶。成實云。戒品清淨乃	003	自 在  善 心 力 弱  何 由 出 家  僧 寶  成 實 云  戒 品 清 淨 乃 
ZH_X39_0712_003:0586b18	至解脫知見。無上福田。能益施者。是名僧寶。天女者。	003	至 解脫知見  無 上 福 田  能 益 施 者  是 名 僧 寶  天 女 者  
ZH_X39_0712_003:0586b19	彼云有比丘與天女行婬已疑。佛言波羅夷是也。	003	彼 云 有 比 丘 與 天 女 行 婬 已 疑  佛 言 波 羅 夷 是 也  
ZH_X39_0712_003:0586b20	輕重者。即殺提盜吉。何不均耶。龍珠。佛告諸比丘。往	003	輕 重 者  即 殺 提 盜 吉  何 不 均 耶  龍 珠  佛 告 諸 比 丘  往 
ZH_X39_0712_003:0586b21	恒水側。有一蠡髻梵志。常居此水邊。顏貌憔悴。時我	003	恒 水 側  有 一 蠡 髻 梵 志  常 居 此 水 邊  顏 貌 憔 悴  時 我 
ZH_X39_0712_003:0586b22	詣彼。問言汝何憔悴。彼報我言。此河水中有一龍王。	003	詣 彼  問 言 汝 何 憔 悴  彼 報 我 言  此 河 水 中 有 一 龍 王  
ZH_X39_0712_003:0586b23	名摩尼徤大自在。來至我所。以身繞我。頭覆我上。以	003	名 摩 尼 徤 大 自 在  來 至 我 所  以 身 繞 我  頭 覆 我 上  以 
ZH_X39_0712_003:0586b24	此憂患致使憔悴。佛語梵志。若此龍來。當語龍王。持	003	此 憂 患 致 使 憔 悴  佛 語 梵 志  若 此 龍 來  當 語 龍 王  持 
ZH_X39_0712_003:0586c01	汝頸下珠瓔與我。乃至龍王即時還宮不復來爾。	003	汝 頸 下 珠 瓔 與 我  乃 至 龍 王 即 時 還 宮 不 復 來 爾  
ZH_X39_0712_003:0586c02	鳥翅者。佛在舍衛給園中。有一比丘。告云我住林間。	003	鳥 翅 者  佛 在 舍 衛 給 園 中  有 一 比 丘  告 云 我 住 林 間  
ZH_X39_0712_003:0586c03	正患夜半眾鳥悲鳴。佛言汝伺彼邊還林宿時。語言	003	正 患 夜 半 眾 鳥 悲 鳴  佛 言 汝 伺 彼 邊 還 林 宿 時  語 言 
ZH_X39_0712_003:0586c04	與我兩翅急用。諸鳥即出林去不復還矣。乃至佛告	003	與 我 兩 翅 急 用  諸 鳥 即 出 林 去 不 復 還 矣  乃 至 佛 告 
ZH_X39_0712_003:0586c05	比丘。汝等當知。鳥獸尚不喜乞。況於人乎。此則借喻。	003	比 丘  汝 等 當 知  鳥 獸 尚 不 喜 乞  況 於 人 乎  此 則 借 喻  
ZH_X39_0712_003:0586c06	以誡造房乞求之過也。	003	以 誡 造 房 乞 求 之 過 也  
ZH_X39_0712_003:0586c07	報別者。三趣本殊也。非解者。言義不了也。潤微者利。	003	報 別 者  三 趣 本 殊 也  非 解 者  言 義 不 了 也  潤 微 者 利  
ZH_X39_0712_003:0586c08	己之薄也。具斯三義故輕。	003	己 之 薄 也  具 斯 三 義 故 輕  
ZH_X39_0712_003:0586c09	道下。通說有成道之義。容下。彰己修成有資果剋也。	003	道 下  通 說 有 成 道 之 義  容 下  彰 己 修 成 有 資 果 剋 也  
ZH_X39_0712_003:0586c10	今若□彼還成自損。不能修善。著樂深也。報得通心	003	今 若  彼 還 成 自 損  不 能 修 善  著 樂 深 也  報 得 通 心 
ZH_X39_0712_003:0586c11	者。簡修得通心。即第三他心通。謂能知他心。及所緣	003	者  簡 修 得 通 心  即 第 三 他 心 通  謂 能 知 他 心  及 所 緣 
ZH_X39_0712_003:0586c12	念事也。徹照無礙曰通。無信下。如誑云尼乾為羅漢。	003	念 事 也  徹 照 無 礙 曰 通  無 信 下  如 誑 云 尼 乾 為 羅 漢  
ZH_X39_0712_003:0586c13	佛不信也。反披拘執。佛非怖也。待信者。下文云但言	003	佛 不 信 也  反 披 拘 執  佛 非 怖 也  待 信 者  下 文 云 但 言 
ZH_X39_0712_003:0586c14	了結不待信也。	003	了 結 不 待 信 也  
ZH_X39_0712_003:0586c15	引文者。律云。比丘有淫意。向婦女乃至畜生二形三	003	引 文 者  律 云  比 丘 有 淫 意  向 婦 女 乃 至 畜 生 二 形 三 
ZH_X39_0712_003:0586c16	處。初入波羅夷。是初例也。又云。怨家強提己行不淨。	003	處  初 入 波 羅 夷  是 初 例 也  又 云  怨 家 強 提 己 行 不 淨  
ZH_X39_0712_003:0586c17	若入覺樂波羅夷。是次例也。又弱脊犯夷。是第三例	003	若 入 覺 樂 波 羅 夷  是 次 例 也  又 弱 脊 犯 夷  是 第 三 例 
ZH_X39_0712_003:0586c18	也。俱得極重。故曰一夷。	003	也  俱 得 極 重  故 曰 一 夷  
ZH_X39_0712_003:0586c19	餘二。自盜自他盜自也。無罪可知。前下。釋境差方便	003	餘 二  自 盜 自 他 盜 自 也  無 罪 可 知  前 下  釋 境 差 方 便 
ZH_X39_0712_003:0586c20	罪也。不起他想。殺戒五緣中。闕第二人想句。	003	罪 也  不 起 他 想  殺 戒 五 緣 中  闕 第 二 人 想 句  
ZH_X39_0712_003:0586c21	進趣者。古師於近方便後。別立進趣一位。謂心規前	003	進 趣 者  古 師 於 近 方 便 後  別 立 進 趣 一 位  謂 心 規 前 
ZH_X39_0712_003:0586c22	境運用不息。名為進趣。古人準本律自殺中。不更立	003	境 運 用 不 息  名 為 進 趣  古 人 準 本 律 自 殺 中  不 更 立 
ZH_X39_0712_003:0586c23	之故。義鈔闇引古云。四分意不立進趣。自殺無罪。命	003	之 故  義 鈔 闇 引 古 云  四 分 意 不 立 進 趣  自 殺 無 罪  命 
ZH_X39_0712_003:0586c24	斷無戒。然即自殺夷蘭並無。但得殺業不善道(已上正文)	003	斷 無 戒  然 即 自 殺 夷 蘭 並 無  但 得 殺 業 不 善 道  已 上 正 文  
ZH_X39_0712_003:0587a01	如律。指調部也。意謂上有人解云。不立進趣。應無蘭	003	如 律  指 調 部 也  意 謂 上 有 人 解 云  不 立 進 趣  應 無 蘭 
ZH_X39_0712_003:0587a02	罪。何以調部云自殺不死犯蘭耶。答下。由命未謝。戒	003	罪  何 以 調 部 云 自 殺 不 死 犯 蘭 耶  答 下  由 命 未 謝  戒 
ZH_X39_0712_003:0587a03	在故結。若下。或自殺而死者。設有因罪。同上五分進	003	在 故 結  若 下  或 自 殺 而 死 者  設 有 因 罪  同 上 五 分 進 
ZH_X39_0712_003:0587a04	趣。義亦無爽。故義鈔云。縱立進趣何咎是也。	003	趣  義 亦 無 爽  故 義 鈔 云  縱 立 進 趣 何 咎 是 也  
ZH_X39_0712_003:0587a05	至下。自打謗覆他。他打謗覆自。若同是比丘。彼此根	003	至 下  自 打 謗 覆 他  他 打 謗 覆 自  若 同 是 比 丘  彼 此 根 
ZH_X39_0712_003:0587a06	本。自打謗自。理非所結。自覆自罪。律但小吉捨。毗尼	003	本  自 打 謗 自  理 非 所 結  自 覆 自 罪  律 但 小 吉 捨  毗 尼 
ZH_X39_0712_003:0587a07	云。不應難言自打自謗等亦無犯者。戒猶存故。言未	003	云  不 應 難 言 自 打 自 謗 等 亦 無 犯 者  戒 猶 存 故  言 未 
ZH_X39_0712_003:0587a08	可一準也。意辨者。自誑他。他誑自。彼此根本。自誑自	003	可 一 準 也  意 辨 者  自 誑 他  他 誑 自  彼 此 根 本  自 誑 自 
ZH_X39_0712_003:0587a09	非犯。始侵。律云入如毛頭即犯。要下。釋終義。財下。釋	003	非 犯  始 侵  律 云 入 如 毛 頭 即 犯  要 下  釋 終 義  財 下  釋 
ZH_X39_0712_003:0587a10	中義。可解。	003	中 義  可 解  
ZH_X39_0712_003:0587a11	剋漫一門據上生起。合在第七。恐當時失修犯。無尅	003	剋 漫 一 門 據 上 生 起  合 在 第 七  恐 當 時 失 修 犯  無 尅 
ZH_X39_0712_003:0587a12	心者。以婬對三趣犯齊一品。縱期人境。後會非畜。皆	003	心 者  以 婬 對 三 趣 犯 齊 一 品  縱 期 人 境  後 會 非 畜  皆 
ZH_X39_0712_003:0587a13	結正罪。	003	結 正 罪  
ZH_X39_0712_003:0587a14	境心雙轉者。即非人人疑。境差心轉。雙闕二緣。以婬	003	境 心 雙 轉 者  即 非 人 人 疑  境 差 心 轉  雙 闕 二 緣  以 婬 
ZH_X39_0712_003:0587a15	戒不通境想。雖闕亦犯。不爾謂不同婬戒剋漫齊重。	003	戒 不 通 境 想  雖 闕 亦 犯  不 爾 謂 不 同 婬 戒 剋 漫 齊 重  
ZH_X39_0712_003:0587a16	感聖者。有證果義也。故疏自引檀尼入聖緣。如下明。	003	感 聖 者  有 證 果 義 也  故 疏 自 引 檀 尼 入 聖 緣  如 下 明  
ZH_X39_0712_003:0587a17	障道者。障四沙門果也。剋漫明分。殺盜是剋。犯婬漫	003	障 道 者  障 四沙門果 也  剋 漫 明 分  殺 盜 是 剋  犯 婬 漫 
ZH_X39_0712_003:0587a18	亦結。可以明也。相當者。即人作人相殺。有主物作有	003	亦 結  可 以 明 也  相 當 者  即 人 作 人 相 殺  有 主 物 作 有 
ZH_X39_0712_003:0587a19	主想盜。此收境想中初句。顯剋心結重。心境下。通收	003	主 想 盜  此 收 境 想 中 初 句  顯 剋 心 結 重  心 境 下  通 收 
ZH_X39_0712_003:0587a20	下四句。即人非人疑等。罪非根本。即方便蘭吉也。此	003	下 四 句  即 人 非 人 疑 等  罪 非 根 本  即 方 便 蘭 吉 也  此 
ZH_X39_0712_003:0587a21	顯漫心是輕。	003	顯 漫 心 是 輕  
ZH_X39_0712_003:0587a22	彼此者。餘人及怨也。害怨雖剋。通餘名漫。則翻剋成	003	彼 此 者  餘 人 及 怨 也  害 怨 雖 剋  通 餘 名 漫  則 翻 剋 成 
ZH_X39_0712_003:0587a23	漫矣。前言。指上剋心相當成重者。據財可分別言之。	003	漫 矣  前 言  指 上 剋 心 相 當 成 重 者  據 財 可 分 別 言 之  
ZH_X39_0712_003:0587a24	如下引例。嗔一。本嗔一賊也。餘賊也。餘賊相因得死	003	如 下 引 例  嗔 一  本 嗔 一 賊 也  餘 賊 也  餘 賊 相 因 得 死 
ZH_X39_0712_003:0587b01	者。於嗔者犯重。心境相當故。於餘犯蘭者。殺緣不具。	003	者  於 嗔 者 犯 重  心 境 相 當 故  於 餘 犯 蘭 者  殺 緣 不 具  
ZH_X39_0712_003:0587b02	以無心殺彼故。	003	以 無 心 殺 彼 故  
ZH_X39_0712_003:0587b03	如下。別例也。律中為尼說法。不得至暮。或船濟處為	003	如 下  別 例 也  律 中 為 尼 說 法  不 得 至 暮  或 船 濟 處 為 
ZH_X39_0712_003:0587b04	俗說法。而尼聽者不犯。以尼非正對之境故。例妄餘	003	俗 說 法  而 尼 聽 者 不 犯  以 尼 非 正 對 之 境 故  例 妄 餘 
ZH_X39_0712_003:0587b05	聽。理應非犯。	003	聽  理 應 非 犯  
ZH_X39_0712_003:0587b06	今下。先破也。遠嫌者。律因難陀說法至暮。尼在祇桓	003	今 下  先 破 也  遠 嫌 者  律 因 難 陀 說 法 至 暮  尼 在 祇 桓 
ZH_X39_0712_003:0587b07	壍中止宿招譏。後雖開說不得至暮。此皆遮俗嫌謗	003	壍 中 止 宿 招 譏  後 雖 開 說 不 得 至 暮  此 皆 遮 俗 嫌 謗 
ZH_X39_0712_003:0587b08	爾。屬於遮戒。此妄語夷屬於性重。不可以性例遮也。	003	爾  屬 於 遮 戒  此 妄 語 夷 屬 於 性 重  不 可 以 性 例 遮 也  
ZH_X39_0712_003:0587b09	若下。正立也。通境隨犯者。人夷。非人蘭。畜生有智蘭。	003	若 下  正 立 也  通 境 隨 犯 者  人 夷  非 人 蘭  畜 生 有 智 蘭  
ZH_X39_0712_003:0587b10	無智吉也。	003	無 智 吉 也  
ZH_X39_0712_003:0587b11	並下。凡言錯悞。通別有二。通則心境乖差。皆名錯悞。	003	並 下  凡 言 錯 悞  通 別 有 二  通 則 心 境 乖 差  皆 名 錯 悞  
ZH_X39_0712_003:0587b12	別則隨事由辨。相有異途。錯下。釋別所以。所下。徵釋	003	別 則 隨 事 由 辨  相 有 異 途  錯 下  釋 別 所 以  所 下  徵 釋 
ZH_X39_0712_003:0587b13	異途。如文可了。	003	異 途  如 文 可 了  
ZH_X39_0712_003:0587b14	無下。以此一戒。不論境之交錯。心之迷悞。何哉。欲之	003	無 下  以 此 一 戒  不 論 境 之 交 錯  心 之 迷 悞  何 哉  欲 之 
ZH_X39_0712_003:0587b15	患者毒之盛也。欲之失者障之深也。是故特制不論	003	患 者 毒 之 盛 也  欲 之 失 者 障 之 深 也  是 故 特 制 不 論 
ZH_X39_0712_003:0587b16	錯悞。但下。設正道作非道想亦犯。或下釋悞。即前心	003	錯 悞  但 下  設 正 道 作 非 道 想 亦 犯  或 下 釋 悞  即 前 心 
ZH_X39_0712_003:0587b17	謂此。後心謂彼也。境下釋錯也。	003	謂 此  後 心 謂 彼 也  境 下 釋 錯 也  
ZH_X39_0712_003:0587b18	無寄。寄託也。言其漫心非託於一趣也。齊重者。由先	003	無 寄  寄 託 也  言 其 漫 心 非 託 於 一 趣 也  齊 重 者  由 先 
ZH_X39_0712_003:0587b19	有期心故。隨趣各結果罪名重。	003	有 期 心 故  隨 趣 各 結 果 罪 名 重  
ZH_X39_0712_003:0587b20	境交者。本期人物。畜物交參而得者。是錯心也。想轉	003	境 交 者  本 期 人 物  畜 物 交 參 而 得 者  是 錯 心 也  想 轉 
ZH_X39_0712_003:0587b21	者。前心謂是人物。後心轉謂非人物。是悞心也。	003	者  前 心 謂 是 人 物  後 心 轉 謂 非 人 物  是 悞 心 也  
ZH_X39_0712_003:0587b22	不下。皆不結根本。以先無期心故。猶下。三趣各屬正	003	不 下  皆 不 結 根 本  以 先 無 期 心 故  猶 下  三 趣 各 屬 正 
ZH_X39_0712_003:0587b23	主。以本盜人物。於彼本屬元無心故。	003	主  以 本 盜 人 物  於 彼 本 屬 元 無 心 故  
ZH_X39_0712_003:0587b24	後下。盜時雖迷。後若知者須還本趣。不還則心境相	003	後 下  盜 時 雖 迷  後 若 知 者 須 還 本 趣  不 還 則 心 境 相 
ZH_X39_0712_003:0587c01	當。隨趣結正。	003	當  隨 趣 結 正  
ZH_X39_0712_003:0587c02	俱下。於一境上具錯悞也。如下。釋具二所以。謂王物	003	俱 下  於 一 境 上 具 錯 悞 也  如 下  釋 具 二 所 以  謂 王 物 
ZH_X39_0712_003:0587c03	差張。是錯義。成境差也。復於王物張想。認彼為此。是	003	差 張  是 錯 義  成 境 差 也  復 於 王 物 張 想  認 彼 為 此  是 
ZH_X39_0712_003:0587c04	悞義。又成想差也。	003	悞 義  又 成 想 差 也  
ZH_X39_0712_003:0587c05	境下。釋上境差。後下。釋上想差。故下。結上俱義。亦望	003	境 下  釋 上 境 差  後 下  釋 上 想 差  故 下  結 上 俱 義  亦 望 
ZH_X39_0712_003:0587c06	不犯根本為言。	003	不 犯 根 本 為 言  
ZH_X39_0712_003:0587c07	漫心者。由先於女通有盜心。今雖男想。以稱本期。故	003	漫 心 者  由 先 於 女 通 有 盜 心  今 雖 男 想  以 稱 本 期  故 
ZH_X39_0712_003:0587c08	結夷也。此約結罪之異故。因而引之。非是同主義。	003	結 夷 也  此 約 結 罪 之 異 故  因 而 引 之  非 是 同 主 義  
ZH_X39_0712_003:0587c09	及下。雖曰於人等通有害心。及至正殺。有親疎兩緣。	003	及 下  雖 曰 於 人 等 通 有 害 心  及 至 正 殺  有 親 疎 兩 緣  
ZH_X39_0712_003:0587c10	如親緣人境餘趣來差。是不稱初期也。	003	如 親 緣 人 境 餘 趣 來 差  是 不 稱 初 期 也  
ZH_X39_0712_003:0587c11	一重者。亦隨趣結果罪也。十誦云。為人作坑。有本漫	003	一 重 者  亦 隨 趣 結 果 罪 也  十 誦 云  為 人 作 坑  有 本 漫 
ZH_X39_0712_003:0587c12	心。隨境輕重。一緣。簡漫緣也。如專緣人一境是也。	003	心  隨 境 輕 重  一 緣  簡 漫 緣 也  如 專 緣 人 一 境 是 也  
ZH_X39_0712_003:0587c13	若下。期心不當境也。境則交涉者辨錯也。或以迷忘	003	若 下  期 心 不 當 境 也  境 則 交 涉 者 辨 錯 也  或 以 迷 忘 
ZH_X39_0712_003:0587c14	者辨悞也。文無殺心者簡漫即犯。	003	者 辨 悞 也  文 無 殺 心 者 簡 漫 即 犯  
ZH_X39_0712_003:0587c15	現下。張王二境歷別顯然也。心下。外境既殊。內心亦	003	現 下  張 王 二 境 歷 別 顯 然 也  心 下  外 境 既 殊  內 心 亦 
ZH_X39_0712_003:0587c16	異。	003	異  
ZH_X39_0712_003:0587c17	由下望王無心。境錯非犯。於張先有害。理結境差蘭。	003	由 下 望 王 無 心  境 錯 非 犯  於 張 先 有 害  理 結 境 差 蘭  
ZH_X39_0712_003:0587c18	望無根本。亦名不犯。	003	望 無 根 本  亦 名 不 犯  
ZH_X39_0712_003:0587c19	張下。本期張境。臨至加害。張去王來。復於王境而作	003	張 下  本 期 張 境  臨 至 加 害  張 去 王 來  復 於 王 境 而 作 
ZH_X39_0712_003:0587c20	張想。殺得重夷。問王非本期。何得成重。	003	張 想  殺 得 重 夷  問 王 非 本 期  何 得 成 重  
ZH_X39_0712_003:0587c21	若下答。如上者。即緣差方便中云。剋心在張。王人異	003	若 下 答  如 上 者  即 緣 差 方 便 中 云  剋 心 在 張  王 人 異 
ZH_X39_0712_003:0587c22	境而代張處緣王張解望人不殊。究竟成重。若云悞	003	境 而 代 張 處 緣 王 張 解 望 人 不 殊  究 竟 成 重  若 云 悞 
ZH_X39_0712_003:0587c23	重錯輕。何故五分悞犯蘭。僧祇言不犯耶。	003	重 錯 輕  何 故 五 分 悞 犯 蘭  僧 祇 言 不 犯 耶  
ZH_X39_0712_003:0587c24	律名者。言五祗所定錯悞名不正也。故義鈔云以錯	003	律 名 者  言 五 祗 所 定 錯 悞 名 不 正 也  故 義 鈔 云 以 錯 
ZH_X39_0712_003:0588a01	境為悞是也。祗律疏云。錯殺犯悞然不犯。故知彼以	003	境 為 悞 是 也  祗 律 疏 云  錯 殺 犯 悞 然 不 犯  故 知 彼 以 
ZH_X39_0712_003:0588a02	境交名悞。心緣此謂彼為錯。是未足以定也。	003	境 交 名 悞  心 緣 此 謂 彼 為 錯  是 未 足 以 定 也  
ZH_X39_0712_003:0588a03	取下。今取彼事約義方可分得錯悞。亦以境交為錯。	003	取 下  今 取 彼 事 約 義 方 可 分 得 錯 悞  亦 以 境 交 為 錯  
ZH_X39_0712_003:0588a04	心迷為悞。且如上引祗律。既曰多人同行等名不犯	003	心 迷 為 悞  且 如 上 引 祗 律  既 曰 多 人 同 行 等 名 不 犯 
ZH_X39_0712_003:0588a05	者。即是境交名錯。與今引立錯則不犯。義自通允。	003	者  即 是 境 交 名 錯  與 今 引 立 錯 則 不 犯  義 自 通 允  
ZH_X39_0712_003:0588a06	又下。別引僧祇隨悞犯重義。彼云弟子共要偷師衣	003	又 下  別 引 僧 祇 隨 悞 犯 重 義  彼 云 弟 子 共 要 偷 師 衣 
ZH_X39_0712_003:0588a07	共分。闇中悞偷自衣。出外不分故。是中半衣邊滿者	003	共 分  闇 中 悞 偷 自 衣  出 外 不 分 故  是 中 半 衣 邊 滿 者 
ZH_X39_0712_003:0588a08	波羅夷。下據此悞得己衣。即是向云境差心謬犯重。	003	波 羅 夷  下 據 此 悞 得 己 衣  即 是 向 云 境 差 心 謬 犯 重  
ZH_X39_0712_003:0588a09	又成錯輕悞重義無失矣。	003	又 成 錯 輕 悞 重 義 無 失 矣  
ZH_X39_0712_003:0588a10	錯犯。即人非人兩境交現。心又明辨。本期向人。而錯	003	錯 犯  即 人 非 人 兩 境 交 現  心 又 明 辨  本 期 向 人  而 錯 
ZH_X39_0712_003:0588a11	對非人也。悞非者。言不犯也。亦本期誑人。後非人來	003	對 非 人 也  悞 非 者  言 不 犯 也  亦 本 期 誑 人  後 非 人 來 
ZH_X39_0712_003:0588a12	替。心作人想。望彼非人無心誑彼。全無其過。	003	替  心 作 人 想  望 彼 非 人 無 心 誑 彼  全 無 其 過  
ZH_X39_0712_003:0588a13	漫下。有心通誑。隨趣結犯。故不簡於錯悞也。在人氏	003	漫 下  有 心 通 誑  隨 趣 結 犯  故 不 簡 於 錯 悞 也  在 人 氏 
ZH_X39_0712_003:0588a14	族雖別。人趣是同。又招利無別。故同犯也。	003	族 雖 別  人 趣 是 同  又 招 利 無 別  故 同 犯 也  
ZH_X39_0712_003:0588a15	口下。克體是凡法。故錯說非重。增慢者。成論云。邪	003	口 下  克 體 是 凡 法  故 錯 說 非 重  增 慢 者  成 論 云  邪 
ZH_X39_0712_003:0588a16	心自高名慢。若未得須陀洹等諸功德。自謂為得。名	003	心 自 高 名 慢  若 未 得 須 陀 洹 等 諸 功 德  自 謂 為 得  名 
ZH_X39_0712_003:0588a17	增上慢。問若未得何故生得心耶。答於習禪中。得少	003	增 上 慢  問 若 未 得 何 故 生 得 心 耶  答 於 習 禪 中  得 少 
ZH_X39_0712_003:0588a18	味故能遮結使。不行於心故生此慢。今前心謂聖。後	003	味 故 能 遮 結 使  不 行 於 心 故 生 此 慢  今 前 心 謂 聖  後 
ZH_X39_0712_003:0588a19	心方知。故悞非犯。	003	心 方 知  故 悞 非 犯  
ZH_X39_0712_003:0588a20	若下。克體是聖法。故錯悞齊重。如十誦云。欲說初果	003	若 下  克 體 是 聖 法  故 錯 悞 齊 重  如 十 誦 云  欲 說 初 果 
ZH_X39_0712_003:0588a21	錯說三四亦犯。三四禪者。禪是西音。此翻為弃惡。能	003	錯 說 三 四 亦 犯  三 四 禪 者  禪 是 西 音  此 翻 為 弃 惡  能 
ZH_X39_0712_003:0588a22	弃欲界五蓋等一切諸惡故。或翻功德藂林等。而說	003	弃 欲 界 五 蓋 等 一 切 諸 惡 故  或 翻 功 德 藂 林 等  而 說 
ZH_X39_0712_003:0588a23	此犯重者。由是根本禪故。一切無漏觀慧種種三昧。	003	此 犯 重 者  由 是 根 本 禪 故  一 切 無 漏 觀 慧 種 種 三 昧  
ZH_X39_0712_003:0588a24	悉從中出故。	003	悉 從 中 出 故  
ZH_X39_0712_003:0588b01	問下。何以盜中對人開錯悞。妄成對人不開耶。答下。	003	問 下  何 以 盜 中 對 人 開 錯 悞  妄 成 對 人 不 開 耶  答 下  
ZH_X39_0712_003:0588b02	言盜相。有離處不離處。損主不損主。故分錯悞以定	003	言 盜 相  有 離 處 不 離 處  損 主 不 損 主  故 分 錯 悞 以 定 
ZH_X39_0712_003:0588b03	心境。妄則無待損主。但使言了錯悞皆犯。	003	心 境  妄 則 無 待 損 主  但 使 言 了 錯 悞 皆 犯  
ZH_X39_0712_003:0588b04	又下。即見論盜金得銀置本處。不得盜罪。又若於物	003	又 下  即 見 論 盜 金 得 銀 置 本 處  不 得 盜 罪  又 若 於 物 
ZH_X39_0712_003:0588b05	元無盜心。心境既無。何過之有。故得論錯悞也。無下。	003	元 無 盜 心  心 境 既 無  何 過 之 有  故 得 論 錯 悞 也  無 下  
ZH_X39_0712_003:0588b06	以言之一發。結業已成。故無退悔也。語云駟不及舌。	003	以 言 之 一 發  結 業 已 成  故 無 退 悔 也  語 云 駟 不 及 舌  
ZH_X39_0712_003:0588b07	斯之謂歟。	003	斯 之 謂 歟  
ZH_X39_0712_003:0588b08	原下。謂本於聖人之垂制。為防非止惡爾。是猶藥對	003	原 下  謂 本 於 聖 人 之 垂 制  為 防 非 止 惡 爾  是 猶 藥 對 
ZH_X39_0712_003:0588b09	病施。故非浪設也。業者。七支業也。莫不由貪等而生。	003	病 施  故 非 浪 設 也  業 者  七 支 業 也  莫 不 由 貪 等 而 生  
ZH_X39_0712_003:0588b10	十下。指論除業品。三三九種者。謂身口意生惡。現報	003	十 下  指 論 除 業 品  三 三 九 種 者  謂 身 口 意 生 惡  現 報 
ZH_X39_0712_003:0588b11	生報後報。自作教他作隨喜作也。	003	生 報 後 報  自 作 教 他 作 隨 喜 作 也  
ZH_X39_0712_003:0588b12	三煩惱生者。謂欲界繫色界繫。無色界繫。若助貪欲	003	三 煩 惱 生 者  謂 欲 界 繫 色 界 繫  無 色 界 繫  若 助 貪 欲 
ZH_X39_0712_003:0588b13	煩惱。若助嗔恚煩惱。若助愚癡煩惱。若上煩惱。若中	003	煩 惱  若 助 嗔 恚 煩 惱  若 助 愚 癡 煩 惱  若 上 煩 惱  若 中 
ZH_X39_0712_003:0588b14	煩惱。若下煩惱。	003	煩 惱  若 下 煩 惱  
ZH_X39_0712_003:0588b15	又下。指成實十不善道品也。彼問曰何故名為業道。	003	又 下  指 成 實 十 不 善 道 品 也  彼 問 曰 何 故 名 為 業 道  
ZH_X39_0712_003:0588b16	答曰意即是業。於此中行故名業道。先行後三中。後	003	答 曰 意 即 是 業  於 此 中 行 故 名 業 道  先 行 後 三 中  後 
ZH_X39_0712_003:0588b17	行前七中。而言前後者。據說之次第也。彼問曰已說	003	行 前 七 中  而 言 前 後 者  據 說 之 次 第 也  彼 問 曰 已 說 
ZH_X39_0712_003:0588b18	七種業道。何用復說三意業耶。乃至答云。以意業微	003	七 種 業 道  何 用 復 說 三 意 業 耶  乃 至 答 云  以 意 業 微 
ZH_X39_0712_003:0588b19	細。故在後說。今謂起業。則先由三毒而起七支也。當	003	細  故 在 後 說  今 謂 起 業  則 先 由 三 毒 而 起 七 支 也  當 
ZH_X39_0712_003:0588b20	分者。嗔對殺。癡對妄也。	003	分 者  嗔 對 殺  癡 對 妄 也  
ZH_X39_0712_003:0588b21	雙隻者。何以將貪一種雙對婬盜。嗔癡二毒雙配殺	003	雙 隻 者  何 以 將 貪 一 種 雙 對 婬 盜  嗔 癡 二 毒 雙 配 殺 
ZH_X39_0712_003:0588b22	妄耶。	003	妄 耶  
ZH_X39_0712_003:0588b23	答下。內外者。在內則耽湎于色。於外則苟得乎財。境	003	答 下  內 外 者  在 內 則 耽 湎 于 色  於 外 則 苟 得 乎 財  境 
ZH_X39_0712_003:0588b24	雖二焉。對貪一也。是故通須歷別制止。	003	雖 二 焉  對 貪 一 也  是 故 通 須 歷 別 制 止  
ZH_X39_0712_003:0588c01	嗔下。若將嗔毒雙對內外。則結罪有差。何者。嗔殺有	003	嗔 下  若 將 嗔 毒 雙 對 內 外  則 結 罪 有 差  何 者  嗔 殺 有 
ZH_X39_0712_003:0588c02	情內境則重。嗔殺無情外境則輕。如壞生是也。	003	情 內 境 則 重  嗔 殺 無 情 外 境 則 輕  如 壞 生 是 也  
ZH_X39_0712_003:0588c03	癡下。誑妄有情方犯。無情非犯。故義鈔云。誑境局在	003	癡 下  誑 妄 有 情 方 犯  無 情 非 犯  故 義 鈔 云  誑 境 局 在 
ZH_X39_0712_003:0588c04	有心。不通非情。故屬一也。	003	有 心  不 通 非 情  故 屬 一 也  
ZH_X39_0712_003:0588c05	婆羅門。即孔雀婆羅門也。此證制戒為對三毒也。業	003	婆 羅 門  即 孔 雀 婆 羅 門 也  此 證 制 戒 為 對 三 毒 也  業 
ZH_X39_0712_003:0588c06	非。七支業也。性惑。三毒也。意謂戒但防非。何能調惑	003	非  七 支 業 也  性 惑  三 毒 也  意 謂 戒 但 防 非  何 能 調 惑 
ZH_X39_0712_003:0588c07	令盡耶。答中。指上教興及解開名義中。依因所本者。	003	令 盡 耶  答 中  指 上 教 興 及 解 開 名 義 中  依 因 所 本 者  
ZH_X39_0712_003:0588c08	經云依因此戒則生後二。又拾毗尼。但以慧不孤起。	003	經 云 依 因 此 戒 則 生 後 二  又 拾 毗 尼  但 以 慧 不 孤 起  
ZH_X39_0712_003:0588c09	必依於定。定生有原。功由淨戒。就本以表故言除惑。	003	必 依 於 定  定 生 有 原  功 由 淨 戒  就 本 以 表 故 言 除 惑  
ZH_X39_0712_003:0588c10	後半者。即摩觸八事覆他隨舉。還同前判者。攝末歸	003	後 半 者  即 摩 觸 八 事 覆 他 隨 舉  還 同 前 判 者  攝 末 歸 
ZH_X39_0712_003:0588c11	本。不離三毒也。大師云。後四是末不離於本。故不別	003	本  不 離 三 毒 也  大 師 云  後 四 是 末 不 離 於 本  故 不 別 
ZH_X39_0712_003:0588c12	對。	003	對  
ZH_X39_0712_003:0588c13	有下。此師謂凡立戒在初者。有二義。一愛染。二喜。為	003	有 下  此 師 謂 凡 立 戒 在 初 者  有 二 義  一 愛 染  二 喜  為 
ZH_X39_0712_003:0588c14	淫戒具斯二義。故在初也。然則盜殺妄三。從犯次第	003	淫 戒 具 斯 二 義  故 在 初 也  然 則 盜 殺 妄 三  從 犯 次 第 
ZH_X39_0712_003:0588c15	而起。如諸篇者。取例也。謂僧殘中漏失。三十中長衣。	003	而 起  如 諸 篇 者  取 例 也  謂 僧 殘 中 漏 失  三 十 中 長 衣  
ZH_X39_0712_003:0588c16	九十中小妄。皆由喜犯故在初。大鈔云此戒人之喜	003	九 十 中 小 妄  皆 由 喜 犯 故 在 初  大 鈔 云 此 戒 人 之 喜 
ZH_X39_0712_003:0588c17	犯是也。	003	犯 是 也  
ZH_X39_0712_003:0588c18	貪下。向以貪對婬盜。而不將盜居初者。答先內後外。	003	貪 下  向 以 貪 對 婬 盜  而 不 將 盜 居 初 者  答 先 內 後 外  
ZH_X39_0712_003:0588c19	義之次第。	003	義 之 次 第  
ZH_X39_0712_003:0588c20	冬分。從八月十六至十二月十五為冬分。第五半月	003	冬 分  從 八 月 十 六 至 十 二 月 十 五 為 冬 分  第 五 半 月 
ZH_X39_0712_003:0588c21	者。八月黑。九月白黑。十月白共四半。從十月十六至	003	者  八 月 黑  九 月 白 黑  十 月 白 共 四 半  從 十 月 十 六 至 
ZH_X39_0712_003:0588c22	二十七。方滿十二日。則第五半矣。下皆倣此。	003	二 十 七  方 滿 十 二 日  則 第 五 半 矣  下 皆 倣 此  
ZH_X39_0712_003:0588c23	一人半影者。僧祇中令作脚影步身為度也。又毗奈	003	一 人 半 影 者  僧 祇 中 令 作 脚 影 步 身 為 度 也  又 毗 奈 
ZH_X39_0712_003:0588c24	耶中。佛令作高矩法為一人。即取細籌長二尺許。折	003	耶 中  佛 令 作 高 矩 法 為 一 人  即 取 細 籌 長 二 尺 許  折 
ZH_X39_0712_003:0589a01	一頭四指。竪置日中。度影長短。目為脚影。	003	一 頭 四 指  竪 置 日 中  度 影 長 短  目 為 脚 影  
ZH_X39_0712_003:0589a02	又如下。大論約損輕情重。故在初也。善戒所謂如膠	003	又 如 下  大 論 約 損 輕 情 重  故 在 初 也  善 戒 所 謂 如 膠 
ZH_X39_0712_003:0589a03	著草。	003	著 草  
ZH_X39_0712_003:0589a04	三眾。即下三眾不同。謂沙彌等初戒與僧先後異者。	003	三 眾  即 下 三 眾 不 同  謂 沙 彌 等 初 戒 與 僧 先 後 異 者  
ZH_X39_0712_003:0589a05	解下。既增俗五為十故。循舊制也。	003	解 下  既 增 俗 五 為 十 故  循 舊 制 也  
ZH_X39_0712_003:0589a06	全斷者。顯淫為分斷。自妻不障故。殺則不爾。有命皆	003	全 斷 者  顯 淫 為 分 斷  自 妻 不 障 故  殺 則 不 爾  有 命 皆 
ZH_X39_0712_003:0589a07	犯。故列在初。	003	犯  故 列 在 初  
ZH_X39_0712_003:0589a08	人同方便者。約人則同是僧地。約戒則俱稱少分。故	003	人 同 方 便 者  約 人 則 同 是 僧 地  約 戒 則 俱 稱 少 分  故 
ZH_X39_0712_003:0589a09	曰方便。似同而別者。雖曰同護七支。而執據恒別。無	003	曰 方 便  似 同 而 別 者  雖 曰 同 護 七 支  而 執 據 恒 別  無 
ZH_X39_0712_003:0589a10	以小學全跂大僧。無慈者。以小年好殺故。鈔云初入	003	以 小 學 全 跂 大 僧  無 慈 者  以 小 年 好 殺 故  鈔 云 初 入 
ZH_X39_0712_003:0589a11	佛法。多存俗情。故須息惡行慈。是則推殺為首。息慈	003	佛 法  多 存 俗 情  故 須 息 惡 行 慈  是 則 推 殺 為 首  息 慈 
ZH_X39_0712_003:0589a12	之名義不虗矣。觀門對治。備如俱舍正理等論。	003	之 名 義 不 虗 矣  觀 門 對 治  備 如 俱 舍 正 理 等 論  
ZH_X39_0712_003:0589a13	任運凡有二義。一者任運障善。二者任運成犯。	003	任 運 凡 有 二 義  一 者 任 運 障 善  二 者 任 運 成 犯  
ZH_X39_0712_003:0589a14	謂下。釋初義。以先起惡障於後善。任運不成也。次義	003	謂 下  釋 初 義  以 先 起 惡 障 於 後 善  任 運 不 成 也  次 義 
ZH_X39_0712_003:0589a15	如下明經。即下引善生律。據義鈔云。首解不見經論	003	如 下 明 經  即 下 引 善 生 律  據 義 鈔 云  首 解 不 見 經 論 
ZH_X39_0712_003:0589a16	有任運犯。今以義求。准律說者。似有任運犯。何者是	003	有 任 運 犯  今 以 義 求  准 律 說 者  似 有 任 運 犯  何 者 是 
ZH_X39_0712_003:0589a17	也。先教人作殺等已。不遮不悔。惡果種成。受具已後。	003	也  先 教 人 作 殺 等 已  不 遮 不 悔  惡 果 種 成  受 具 已 後  
ZH_X39_0712_003:0589a18	果就得罪(以上證有任運)。又云此中婬戒無教人同犯。故無	003	果 就 得 罪  以 上 證 有 任 運   又 云 此 中 婬 戒 無 教 人 同 犯  故 無 
ZH_X39_0712_003:0589a19	任運(是律不定)。	003	任 運  是 律 不 定   
ZH_X39_0712_003:0589a20	先遣戮人者。意云若先遣信欲刑戮人也。受齋。有本	003	先 遣 戮 人 者  意 云 若 先 遣 信 欲 刑 戮 人 也  受 齋  有 本 
ZH_X39_0712_003:0589a21	作戒。亦通言齋。即八關齋戒也。業疏云。八戒云齋云	003	作 戒  亦 通 言 齋  即 八關齋戒 也  業 疏 云  八 戒 云 齋 云 
ZH_X39_0712_003:0589a22	關者。眾名乃異。莫不攝淨歸心也。言八即所防之境。	003	關 者  眾 名 乃 異  莫 不 攝 淨 歸 心 也  言 八 即 所 防 之 境  
ZH_X39_0712_003:0589a23	戒則能治之業。齋謂齋一其心。又轉康伯注繫辭云。	003	戒 則 能 治 之 業  齋 謂 齋 一 其 心  又 轉 康 伯 注 繫 辭 云  
ZH_X39_0712_003:0589a24	洗心曰齋。防患曰戒。義不遠爾。	003	洗 心 曰 齋  防 患 曰 戒  義 不 遠 爾  
ZH_X39_0712_003:0589b01	以下。此既得戒。則無任運障善。又無殺罪。則無任運	003	以 下  此 既 得 戒  則 無 任 運 障 善  又 無 殺 罪  則 無 任 運 
ZH_X39_0712_003:0589b02	成犯。以此挍知無任運矣。若云無任運者。何故經云	003	成 犯  以 此 挍 知 無 任 運 矣  若 云 無 任 運 者  何 故 經 云 
ZH_X39_0712_003:0589b03	有諸貴人常勅作惡。若欲受齋。先勅語遮諸惡。乃得	003	有 諸 貴 人 常 勅 作 惡  若 欲 受 齋  先 勅 語 遮 諸 惡  乃 得 
ZH_X39_0712_003:0589b04	成就。若先不遮逕受齋者。不得名齋。斯則有任運障	003	成 就  若 先 不 遮 逕 受 齋 者  不 得 名 齋  斯 則 有 任 運 障 
ZH_X39_0712_003:0589b05	善義。善既不生。惡果成就。又有任運成犯義。何言無	003	善 義  善 既 不 生  惡 果 成 就  又 有 任 運 成 犯 義  何 言 無 
ZH_X39_0712_003:0589b06	耶。	003	耶  
ZH_X39_0712_003:0589b07	解下。從解至不得齋來。約後段惡長善短。釋有任運	003	解 下  從 解 至 不 得 齋 來  約 後 段 惡 長 善 短  釋 有 任 運 
ZH_X39_0712_003:0589b08	義也。次從不同至遮齋來。反顯前段惡短得齊無任	003	義 也  次 從 不 同 至 遮 齋 來  反 顯 前 段 惡 短 得 齊 無 任 
ZH_X39_0712_003:0589b09	運義也。以下。雙結會通。	003	運 義 也  以 下  雙 結 會 通  
ZH_X39_0712_003:0589b10	上解即前惡強時長。八齋弱短故。障戒不起。今大邪	003	上 解 即 前 惡 強 時 長  八 齋 弱 短 故  障 戒 不 起  今 大 邪 
ZH_X39_0712_003:0589b11	見斷絕善根。一則邪正相違。二乃惡強善劣。以強障	003	見 斷 絕 善 根  一 則 邪 正 相 違  二 乃 惡 強 善 劣  以 強 障 
ZH_X39_0712_003:0589b12	劣。不違初義。若爾後受惡戒。應失善戒。以惡強故。答	003	劣  不 違 初 義  若 爾 後 受 惡 戒  應 失 善 戒  以 惡 強 故  答 
ZH_X39_0712_003:0589b13	不然。義鈔云。若得形俱戒後。雖受惡律儀。必不失戒。	003	不 然  義 鈔 云  若 得 形 俱 戒 後  雖 受 惡 律 儀  必 不 失 戒  
ZH_X39_0712_003:0589b14	非斷善根故。然心論唯言四種捨。不言受惡戒時捨。	003	非 斷 善 根 故  然 心 論 唯 言 四 種 捨  不 言 受 惡 戒 時 捨  
ZH_X39_0712_003:0589b15	此雖作惡乃可犯戒。不名失戒。若成實善生。受惡失	003	此 雖 作 惡 乃 可 犯 戒  不 名 失 戒  若 成 實 善 生  受 惡 失 
ZH_X39_0712_003:0589b16	善。不同雜心也。互受捨得者。彼論問曰。善戒人作惡	003	善  不 同 雜 心 也  互 受 捨 得 者  彼 論 問 曰  善 戒 人 作 惡 
ZH_X39_0712_003:0589b17	戒人時。何時捨善戒得惡戒耶。答若一說言我即屠	003	戒 人 時  何 時 捨 善 戒 得 惡 戒 耶  答 若 一 說 言 我 即 屠 
ZH_X39_0712_003:0589b18	兒捨善戒。第二三說時即得惡戒。問惡戒自得從他	003	兒 捨 善 戒  第 二 三 說 時 即 得 惡 戒  問 惡 戒 自 得 從 他 
ZH_X39_0712_003:0589b19	受得耶。答自誓便得。不從他受。以順生死隨心即得。	003	受 得 耶  答 自 誓 便 得  不 從 他 受  以 順 生 死 隨 心 即 得  
ZH_X39_0712_003:0589b20	小學。准下是沙彌也。	003	小 學  准 下 是 沙 彌 也  
ZH_X39_0712_003:0589b21	若下。此師先定常塗所判也。今則不爾者。言今論罪	003	若 下  此 師 先 定 常 塗 所 判 也  今 則 不 爾 者  言 今 論 罪 
ZH_X39_0712_003:0589b22	約因果局在一位。此據因時在沙彌。果成在比丘也。	003	約 因 果 局 在 一 位  此 據 因 時 在 沙 彌  果 成 在 比 丘 也  
ZH_X39_0712_003:0589b23	沙下釋所以。	003	沙 下 釋 所 以  
ZH_X39_0712_003:0589b24	我下。言我在沙彌位時雖教。今為比丘時。未行教業。	003	我 下  言 我 在 沙 彌 位 時 雖 教  今 為 比 丘 時  未 行 教 業  
ZH_X39_0712_003:0589c01	理非結重。	003	理 非 結 重  
ZH_X39_0712_003:0589c02	何下。古人自徵。佛下。既曰比丘教殺得夷。反顯沙彌	003	何 下  古 人 自 徵  佛 下  既 曰 比 丘 教 殺 得 夷  反 顯 沙 彌 
ZH_X39_0712_003:0589c03	時教應非犯重。以此校知無任運也。	003	時 教 應 非 犯 重  以 此 校 知 無 任 運 也  
ZH_X39_0712_003:0589c04	乃下。言但可說言違越道理。未可結歸根本。何也。於	003	乃 下  言 但 可 說 言 違 越 道 理  未 可 結 歸 根 本  何 也  於 
ZH_X39_0712_003:0589c05	制教中未聞因時教殺。果成比丘。有駈擯之義。	003	制 教 中 未 聞 因 時 教 殺  果 成 比 丘  有 駈 擯 之 義  
ZH_X39_0712_003:0589c06	受佛戒。即十戒。又下。多論云。出家受十戒。隨破一重。	003	受 佛 戒  即 十 戒  又 下  多 論 云  出 家 受 十 戒  隨 破 一 重  
ZH_X39_0712_003:0589c07	不得受具。同戒者。如因果俱為行殺。豈可先修殺因。	003	不 得 受 具  同 戒 者  如 因 果 俱 為 行 殺  豈 可 先 修 殺 因  
ZH_X39_0712_003:0589c08	後成殺果。而無犯耶。由同一殺業故。須存任運。二師	003	後 成 殺 果  而 無 犯 耶  由 同 一 殺 業 故  須 存 任 運  二 師 
ZH_X39_0712_003:0589c09	中應以後義為正。	003	中 應 以 後 義 為 正  
ZH_X39_0712_003:0589c10	異緣者。望彼身口為異。	003	異 緣 者  望 彼 身 口 為 異  
ZH_X39_0712_003:0589c11	受齋惡止者。即欲受齋者。先止諸惡。若不遮者。不名	003	受 齋 惡 止 者  即 欲 受 齋 者  先 止 諸 惡  若 不 遮 者  不 名 
ZH_X39_0712_003:0589c12	得齋是也。	003	得 齋 是 也  
ZH_X39_0712_003:0589c13	彼下。八齋先無少分戒資。不同此有十戒善因勢力	003	彼 下  八 齋 先 無 少 分 戒 資  不 同 此 有 十 戒 善 因 勢 力 
ZH_X39_0712_003:0589c14	資成故。問上但配盜殺妄三。不說婬者。答以無任運	003	資 成 故  問 上 但 配 盜 殺 妄 三  不 說 婬 者  答 以 無 任 運 
ZH_X39_0712_003:0589c15	故。義鈔云。此中婬戒無教人同犯。故無任運。	003	故  義 鈔 云  此 中 婬 戒 無 教 人 同 犯  故 無 任 運  
ZH_X39_0712_003:0589c17	四分律含注戒本疏發揮記卷第三	003	四 分 律 含 注 戒 本 疏 發 揮 記 卷 第 三 
