segmentnr	original	folio	analyzed
ZH_X14_0292_001:0603a03	楞嚴經擊節自序	001	楞 嚴 經 擊 節 自 序 
ZH_X14_0292_001:0603a05	釋迦老子。播弄唇舌。四十九年。橫說竪說。顯說密說。	001	釋 迦 老 子  播 弄 唇 舌  四 十 九 年  橫 說 竪 說  顯 說 密 說  
ZH_X14_0292_001:0603a06	百般伎倆。皆是弄人的圈套。千樣鉗鎚。無非鍊鋼鐵	001	百 般 伎 倆  皆 是 弄 人 的 圈 套  千 樣 鉗 鎚  無 非 鍊 鋼 鐵 
ZH_X14_0292_001:0603a07	的家風。令人塞在胸中。嘔吐不了。皆成藥病。若是上	001	的 家 風  令 人 塞 在 胸 中  嘔 吐 不 了  皆 成 藥 病  若 是 上 
ZH_X14_0292_001:0603a08	根利智。必須裂開圈套。撲破疑團。從自己胸襟。一一	001	根 利 智  必 須 裂 開 圈 套  撲 破 疑 團  從 自 己 胸 襟  一 一 
ZH_X14_0292_001:0603a09	流出。棄其舊而開其新。始自蓋天蓋地。大凡看教。須	001	流 出  棄 其 舊 而 開 其 新  始 自 蓋 天 蓋 地  大 凡 看 教  須 
ZH_X14_0292_001:0603a10	得真實工夫到家。自有真實受用。參須實參。悟須實	001	得 真 實 工 夫 到 家  自 有 真 實 受 用  參 須 實 參  悟 須 實 
ZH_X14_0292_001:0603a11	悟。宗乘教語。必得如來真旨。莫執文會義。隨語生解。	001	悟  宗 乘 教 語  必 得 如 來 真 旨  莫 執 文 會 義  隨 語 生 解  
ZH_X14_0292_001:0603a12	直透詮旨。契會本心。無師之智現前。天真之道不昧。	001	直 透 詮 旨  契 會 本 心  無 師 之 智 現 前  天 真 之 道 不 昧  
ZH_X14_0292_001:0603a13	消歸自己。冥合無遺。即不見有文字絲毫之相。大涅	001	消 歸 自 己  冥 合 無 遺  即 不 見 有 文 字 絲 毫 之 相  大 涅 
ZH_X14_0292_001:0603a14	槃經云。聞說大涅槃。一字一句。不作字相。不作句相。	001	槃 經 云  聞 說 大 涅 槃  一 字 一 句  不 作 字 相  不 作 句 相  
ZH_X14_0292_001:0603a15	不作文相。不作佛相。不作說相。如是義者。名無相相。	001	不 作 文 相  不 作 佛 相  不 作 說 相  如 是 義 者  名 無 相 相  
ZH_X14_0292_001:0603a16	楞嚴經者。如來縱橫妙辯。吐納虗空。舌底鋒鋩。神奇	001	楞 嚴 經 者  如 來 縱 橫 妙 辯  吐 納 虗 空  舌 底 鋒 鋩  神 奇 
ZH_X14_0292_001:0603a17	變化。綿綿密密。如空谷響。全體是楞嚴大定。全體是	001	變 化  綿 綿 密 密  如 空 谷 響  全 體 是 楞 嚴 大 定  全 體 是 
ZH_X14_0292_001:0603a18	大寂滅海中流出。恣肆汪洋。語言揮灑。如激懸河。埋	001	大 寂 滅 海 中 流 出  恣 肆 汪 洋  語 言 揮 灑  如 激 懸 河  埋 
ZH_X14_0292_001:0603a19	鋒弢頴。每變每奇。莫測其淺深。融心融見。迷者之所	001	鋒 弢 頴  每 變 每 奇  莫 測 其 淺 深  融 心 融 見  迷 者 之 所 
ZH_X14_0292_001:0603a20	忙然。心無是非之域。見無是非之境。觸境即心。是非	001	忙 然  心 無 是 非 之 域  見 無 是 非 之 境  觸 境 即 心  是 非 
ZH_X14_0292_001:0603a21	雙忘也。由是乎真精妙覺明性之中。向發乎如來大	001	雙 忘 也  由 是 乎 真 精 妙 覺 明 性 之 中  向 發 乎 如 來 大 
ZH_X14_0292_001:0603a22	機大用。密權示迹。至聖埀象。豈無為哉。是以克窮精	001	機 大 用  密 權 示 迹  至 聖 埀 象  豈 無 為 哉  是 以 克 窮 精 
ZH_X14_0292_001:0603a23	蘊。即言調而洞徹宗猷。契宗猷而頓明心見。一味之	001	蘊  即 言 調 而 洞 徹 宗 猷  契 宗 猷 而 頓 明 心 見  一 味 之 
ZH_X14_0292_001:0603a24	膏。分河暫起。見無多方。心無邪岐。常觀如來微妙之	001	膏  分 河 暫 起  見 無 多 方  心 無 邪 岐  常 觀 如 來 微 妙 之 
ZH_X14_0292_001:0603b01	辯。大露真心於言表。顯真心於隨緣。示真心於直言。	001	辯  大 露 真 心 於 言 表  顯 真 心 於 隨 緣  示 真 心 於 直 言  
ZH_X14_0292_001:0603b02	皆如來所發乎心。語音變化之法。鼓舞文章之妙。擴	001	皆 如 來 所 發 乎 心  語 音 變 化 之 法  鼓 舞 文 章 之 妙  擴 
ZH_X14_0292_001:0603b03	心見而齊物我。了言說而非實義。則雖酬酢萬變。言	001	心 見 而 齊 物 我  了 言 說 而 非 實 義  則 雖 酬 酢 萬 變  言 
ZH_X14_0292_001:0603b04	動千殊。皆如來自住三摩地中。一經之奧。可以一貫	001	動 千 殊  皆 如 來 自 住 三 摩 地 中  一 經 之 奧  可 以 一 貫 
ZH_X14_0292_001:0603b05	而無遺矣。是以心見之融為蛇畫足。析根析境。能所	001	而 無 遺 矣  是 以 心 見 之 融 為 蛇 畫 足  析 根 析 境  能 所 
ZH_X14_0292_001:0603b06	皆忘。而頑空虗靜之徒。不能隨事隨機。精察如來之妙	001	皆 忘  而 頑 空 虗 靜 之 徒  不 能 隨 事 隨 機  精 察 如 來 之 妙 
ZH_X14_0292_001:0603b07	辯。以致其本然無動之心。空知解而蕩見聞。掃情識	001	辯  以 致 其 本 然 無 動 之 心  空 知 解 而 蕩 見 聞  掃 情 識 
ZH_X14_0292_001:0603b08	而截妄想。天機觸發。萬慮皆空。顯縱奪之奇。行殺活	001	而 截 妄 想  天 機 觸 發  萬 慮 皆 空  顯 縱 奪 之 奇  行 殺 活 
ZH_X14_0292_001:0603b09	之妙。唯一舌變之奇。猶龍神之雨。是故殫智慮。弊精	001	之 妙  唯 一 舌 變 之 奇  猶 龍 神 之 雨  是 故 殫 智 慮  弊 精 
ZH_X14_0292_001:0603b10	力。而莫究其見也。搜玄樞。極法藏。而莫竟其說也。析	001	力  而 莫 究 其 見 也  搜 玄 樞  極 法 藏  而 莫 竟 其 說 也  析 
ZH_X14_0292_001:0603b11	隣虗。創精見。而莫既其心也。夫言一而已矣。特然顯	001	隣 虗  創 精 見  而 莫 既 其 心 也  夫 言 一 而 已 矣  特 然 顯 
ZH_X14_0292_001:0603b12	露。渾然一體。觸境融心。如珠走盤。周流無滯。和聲吐	001	露  渾 然 一 體  觸 境 融 心  如 珠 走 盤  周 流 無 滯  和 聲 吐 
ZH_X14_0292_001:0603b13	露。橫拈倒弄。皆所陳心。豈可字字而求焉。句句而鳩	001	露  橫 拈 倒 弄  皆 所 陳 心  豈 可 字 字 而 求 焉  句 句 而 鳩 
ZH_X14_0292_001:0603b14	焉。趣風傳響。疑滯豁然。莫為文字所障。持循講習者。	001	焉  趣 風 傳 響  疑 滯 豁 然  莫 為 文 字 所 障  持 循 講 習 者  
ZH_X14_0292_001:0603b15	日就支離。而無真實見地。互起根見之疑。如識臭物	001	日 就 支 離  而 無 真 實 見 地  互 起 根 見 之 疑  如 識 臭 物 
ZH_X14_0292_001:0603b16	為栴檀。張瓦礫為南金。是以高明慼額。拊膺而抱痛。	001	為 栴 檀  張 瓦 礫 為 南 金  是 以 高 明 慼 額  拊 膺 而 抱 痛  
ZH_X14_0292_001:0603b17	膏肓痼疾。神醫斂手而傍觀。若以親證雖成。而皆現	001	膏 肓 痼 疾  神 醫 斂 手 而 傍 觀  若 以 親 證 雖 成  而 皆 現 
ZH_X14_0292_001:0603b18	於民生日用。是以功非專。則不能悟。心非悟。則不能	001	於 民 生 日 用  是 以 功 非 專  則 不 能 悟  心 非 悟  則 不 能 
ZH_X14_0292_001:0603b19	以化。悟非真。則不能以通。見非悟。則不能以融。窮變	001	以 化  悟 非 真  則 不 能 以 通  見 非 悟  則 不 能 以 融  窮 變 
ZH_X14_0292_001:0603b20	化於千言。顯一心於萬法。轉辯轉精。愈窮愈妙。皆是	001	化 於 千 言  顯 一 心 於 萬 法  轉 辯 轉 精  愈 窮 愈 妙  皆 是 
ZH_X14_0292_001:0603b21	悟後功為神用。至易至簡。虗圓妙應者也。	001	悟 後 功 為 神 用  至 易 至 簡  虗 圓 妙 應 者 也  
ZH_X14_0292_001:0603c06	楞嚴經擊節	001	楞 嚴 經 擊 節 
ZH_X14_0292_001:0603c08	明　大韶　著	001	明  大 韶  著 
ZH_X14_0292_001:0603c09	於時世尊頂放百寶無畏光明(至)歸來佛所。	001	於 時 世 尊 頂 放 百 寶 無 畏 光 明  至  歸 來 佛 所  
ZH_X14_0292_001:0603c10	如來說法。先表真體。而放光明。化佛跏趺於舌流	001	如 來 說 法  先 表 真 體  而 放 光 明  化 佛 跏 趺 於 舌 流 
ZH_X14_0292_001:0603c11	出神光。宣說呪語。以顯不思議之神變。非識可到	001	出 神 光  宣 說 呪 語  以 顯 不 思 議 之 神 變  非 識 可 到 
ZH_X14_0292_001:0603c12	思議可及也。	001	思 議 可 及 也  
ZH_X14_0292_001:0603c13	阿難見佛頂禮悲泣恨無始來。	001	阿 難 見 佛 頂 禮 悲 泣 恨 無 始 來  
ZH_X14_0292_001:0603c14	觀如來這般大作略。大辯才。大機括。大作用。必有	001	觀 如 來 這 般 大 作 略  大 辯 才  大 機 括  大 作 用  必 有 
ZH_X14_0292_001:0603c15	根本發來。無窮變化。縱奪神奇。而大暢本懷。莫不	001	根 本 發 來  無 窮 變 化  縱 奪 神 奇  而 大 暢 本 懷  莫 不 
ZH_X14_0292_001:0603c16	由最初發起一念。而吞吐長江。激流懸瀑。氣運天	001	由 最 初 發 起 一 念  而 吞 吐 長 江  激 流 懸 瀑  氣 運 天 
ZH_X14_0292_001:0603c17	成。須於文字上。點出如來法眼。光明遍處。語語含	001	成  須 於 文 字 上  點 出 如 來 法 眼  光 明 遍 處  語 語 含 
ZH_X14_0292_001:0603c18	金吐玉。須識玉之真體。放言落筆。靡不貫彼精微。	001	金 吐 玉  須 識 玉 之 真 體  放 言 落 筆  靡 不 貫 彼 精 微  
ZH_X14_0292_001:0603c19	凡言而不自識其主。安知先得乎心之於至正者。	001	凡 言 而 不 自 識 其 主  安 知 先 得 乎 心 之 於 至 正 者  
ZH_X14_0292_001:0603c20	乃可欲推之與天下同之。心於未動。難識於真。動	001	乃 可 欲 推 之 與 天 下 同 之  心 於 未 動  難 識 於 真  動 
ZH_X14_0292_001:0603c21	則神變莫測。變則語之無定。何能識其主乎。真主	001	則 神 變 莫 測  變 則 語 之 無 定  何 能 識 其 主 乎  真 主 
ZH_X14_0292_001:0603c22	未識。安能於文字中辯心辯相。而於水中辯乳。是	001	未 識  安 能 於 文 字 中 辯 心 辯 相  而 於 水 中 辯 乳  是 
ZH_X14_0292_001:0603c23	以纔生念起。華彩便彰。風骨盡露。如游龍振海。雲	001	以 纔 生 念 起  華 彩 便 彰  風 骨 盡 露  如 游 龍 振 海  雲 
ZH_X14_0292_001:0603c24	氣四生。乘時應機。變化千般。其神何所不之。其言	001	氣 四 生  乘 時 應 機  變 化 千 般  其 神 何 所 不 之  其 言 
ZH_X14_0292_001:0604a01	何所不捷。不從思議中流將出來。而顯大機大用。	001	何 所 不 捷  不 從 思 議 中 流 將 出 來  而 顯 大 機 大 用  
ZH_X14_0292_001:0604a02	皆從一念根源發起。至於千念萬念。而為貫華妙	001	皆 從 一 念 根 源 發 起  至 於 千 念 萬 念  而 為 貫 華 妙 
ZH_X14_0292_001:0604a03	旨。殆不可以擬議而生。須從真實地上履去。而為	001	旨  殆 不 可 以 擬 議 而 生  須 從 真 實 地 上 履 去  而 為 
ZH_X14_0292_001:0604a04	無定之念生矣。無定之語流矣。無定之跡現矣。如	001	無 定 之 念 生 矣  無 定 之 語 流 矣  無 定 之 跡 現 矣  如 
ZH_X14_0292_001:0604a05	來之真面目露矣。諸佛心光亦皆如是。眾生本來	001	來 之 真 面 目 露 矣  諸 佛 心 光 亦 皆 如 是  眾 生 本 來 
ZH_X14_0292_001:0604a06	無有二相。是以阿難啟請。十方如來。得成菩提妙	001	無 有 二 相  是 以 阿 難 啟 請  十 方 如 來  得 成 菩 提 妙 
ZH_X14_0292_001:0604a07	奢摩它。三摩禪那。最初方便之要。而為發起之源。	001	奢 摩 它  三 摩 禪 那  最 初 方 便 之 要  而 為 發 起 之 源  
ZH_X14_0292_001:0604a08	世尊便云當初發心。於我法中見何勝相。然則辯	001	世 尊 便 云 當 初 發 心  於 我 法 中 見 何 勝 相  然 則 辯 
ZH_X14_0292_001:0604a09	論如來宗旨。須識法中旨趣。方可機教相扣。而識	001	論 如 來 宗 旨  須 識 法 中 旨 趣  方 可 機 教 相 扣  而 識 
ZH_X14_0292_001:0604a10	其問處。方知答處無訛。是故阿難纔見如來開口	001	其 問 處  方 知 答 處 無 訛  是 故 阿 難 纔 見 如 來 開 口 
ZH_X14_0292_001:0604a11	動舌。問其法中見何勝相。即云我見如來三十二	001	動 舌  問 其 法 中 見 何 勝 相  即 云 我 見 如 來 三 十 二 
ZH_X14_0292_001:0604a12	相。勝妙殊絕。形體映徹。猶如瑠璃。非是欲愛所生。	001	相  勝 妙 殊 絕  形 體 映 徹  猶 如 瑠 璃  非 是 欲 愛 所 生  
ZH_X14_0292_001:0604a13	世尊又云汝等當知。一切眾生。皆由不知此為常	001	世 尊 又 云 汝 等 當 知  一 切 眾 生  皆 由 不 知 此 為 常 
ZH_X14_0292_001:0604a14	住真心。性淨明體。看他兩個。一個指為三十二相。	001	住 真 心  性 淨 明 體  看 他 兩 個  一 個 指 為 三十二相  
ZH_X14_0292_001:0604a15	一個指為常住真心。殊不知皆是如來舌端上。吐	001	一 個 指 為 常 住 真 心  殊 不 知 皆 是 如 來 舌 端 上  吐 
ZH_X14_0292_001:0604a16	出光明。種種變化。真體互融。性相平等。權實雙行。	001	出 光 明  種 種 變 化  真 體 互 融  性 相 平 等  權 實 雙 行  
ZH_X14_0292_001:0604a17	同時啐啄。風稜之露。語脉一貫。還能分別得為相	001	同 時 啐 啄  風 稜 之 露  語 脉 一 貫  還 能 分 別 得 為 相 
ZH_X14_0292_001:0604a18	乎。得為心乎。得成菩提乎。妙奢摩它三摩禪那乎。	001	乎  得 為 心 乎  得 成 菩 提 乎  妙 奢 摩 它 三 摩 禪 那 乎  
ZH_X14_0292_001:0604a19	如來之用神奇。不啻變化之權為妙。須知無變真	001	如 來 之 用 神 奇  不 啻 變 化 之 權 為 妙  須 知 無 變 真 
ZH_X14_0292_001:0604a20	體。皆從一念真源發來。而為三摩禪那。或為三十	001	體  皆 從 一 念 真 源 發 來  而 為 三 摩 禪 那  或 為 三 十 
ZH_X14_0292_001:0604a21	二相。或為常住真心。即此三變其文矣。是故世尊	001	二 相  或 為 常 住 真 心  即 此 三 變 其 文 矣  是 故 世 尊 
ZH_X14_0292_001:0604a22	令其直心酬我。須知法脉真宗。如雞犀之枕。文彩	001	令 其 直 心 酬 我  須 知 法 脉 真 宗  如 雞 犀 之 枕  文 彩 
ZH_X14_0292_001:0604a23	隨緣。立躋神妙。以應萬機。能令此中灑灑。直造如	001	隨 緣  立 躋 神 妙  以 應 萬 機  能 令 此 中 灑 灑  直 造 如 
ZH_X14_0292_001:0604a24	來真實之地那。能應來機之鋒刃那。可謂世尊極	001	來 真 實 之 地 那  能 應 來 機 之 鋒 刃 那  可 謂 世 尊 極 
ZH_X14_0292_001:0604b01	見得徹透。莫不從一念這點血脉。神融骨洽。莫現	001	見 得 徹 透  莫 不 從 一 念 這 點 血 脉  神 融 骨 洽  莫 現 
ZH_X14_0292_001:0604b02	乎隱。莫顯乎微。而為最初方便。故能一滴之水。而	001	乎 隱  莫 顯 乎 微  而 為 最 初 方 便  故 能 一 滴 之 水  而 
ZH_X14_0292_001:0604b03	擾長河為酥酪。得自己之愉快。而貽諸人之愉快	001	擾 長 河 為 酥 酪  得 自 己 之 愉 快  而 貽 諸 人 之 愉 快 
ZH_X14_0292_001:0604b04	那。	001	那  
ZH_X14_0292_001:0604b05	佛告阿難如汝所說真所愛樂(至)實居身內。	001	佛 告 阿 難 如 汝 所 說 真 所 愛 樂  至  實 居 身 內  
ZH_X14_0292_001:0604b06	凡看如來之法。不是死死看定文字穿鑿的。如來	001	凡 看 如來之法  不 是 死 死 看 定 文 字 穿 鑿 的  如 來 
ZH_X14_0292_001:0604b07	是活潑潑地。問阿難當汝發心。緣於三十二相。將	001	是 活 潑 潑 地  問 阿 難 當 汝 發 心  緣 於 三十二相  將 
ZH_X14_0292_001:0604b08	何所見。誰為愛樂。阿難言。如是愛樂。用我心目。佛	001	何 所 見  誰 為 愛 樂  阿 難 言  如 是 愛 樂  用 我 心 目  佛 
ZH_X14_0292_001:0604b09	言如汝所說。真所愛樂。因于心目。若不識知心目	001	言 如 汝 所 說  真 所 愛 樂  因 于 心 目  若 不 識 知 心 目 
ZH_X14_0292_001:0604b10	所在。則不能降伏塵勞。如來點綴極奇。用法極密。	001	所 在  則 不 能 降 伏 塵 勞  如 來 點 綴 極 奇  用 法 極 密  
ZH_X14_0292_001:0604b11	故先鑿開頂上一竅。放出光明。令一切眾生。照見	001	故 先 鑿 開 頂 上 一 竅  放 出 光 明  令 一 切 眾 生  照 見 
ZH_X14_0292_001:0604b12	自家面目。所以道其如汝所說。此一說字。賊之所	001	自 家 面 目  所 以 道 其 如 汝 所 說  此 一 說 字  賊 之 所 
ZH_X14_0292_001:0604b13	在獲矣。心目之處見矣。三十二相明矣。可見如來	001	在 獲 矣  心 目 之 處 見 矣  三十二相 明 矣  可 見 如 來 
ZH_X14_0292_001:0604b14	不從擬議流將出來。而說一大藏不費纖毫之力。	001	不 從 擬 議 流 將 出 來  而 說 一 大 藏 不 費 纖 毫 之 力  
ZH_X14_0292_001:0604b15	唯言說盡千古事業。此說字便是如來大辯才處。	001	唯 言 說 盡 千 古 事 業  此 說 字 便 是 如 來 大 辯 才 處  
ZH_X14_0292_001:0604b16	大機括處。大作用處。大禪定處。出生諸佛處。露十	001	大 機 括 處  大 作 用 處  大 禪 定 處  出 生 諸 佛 處  露 十 
ZH_X14_0292_001:0604b17	方諸佛法身處。見一切眾生本來面目處。徹透一	001	方 諸 佛 法 身 處  見 一 切 眾 生 本 來 面 目 處  徹 透 一 
ZH_X14_0292_001:0604b18	經血脉處。露真見之踪處。故不居於身內。亦非內	001	經 血 脉 處  露 真 見 之 踪 處  故 不 居 於 身 內  亦 非 內 
ZH_X14_0292_001:0604b19	外中間。故無識心分別想相之妄。是諸佛之真相	001	外 中 間  故 無 識 心 分 別 想 相 之 妄  是 諸 佛 之 真 相 
ZH_X14_0292_001:0604b20	一切眾生之本源。是為涅槃元清淨體。清淨妙淨	001	一 切 眾 生 之 本 源  是 為 涅 槃 元 清 淨 體  清 淨 妙 淨 
ZH_X14_0292_001:0604b21	明心者也。眾生悟此。而識自己空劫已前之面目。	001	明 心 者 也  眾 生 悟 此  而 識 自 己 空 劫 已 前 之 面 目  
ZH_X14_0292_001:0604b22	十方諸佛亦皆如是。所以不涉連纖。全無窠臼。學	001	十方諸佛 亦 皆 如 是  所 以 不 涉 連 纖  全 無 窠 臼  學 
ZH_X14_0292_001:0604b23	人若於隨文逐義。迷於真眼。阿難好不伶利。就云	001	人 若 於 隨 文 逐 義  迷 於 真 眼  阿 難 好 不 伶 利  就 云 
ZH_X14_0292_001:0604b24	青蓮華眼。亦在佛面。而十種異生。同將識心。故居	001	青 蓮 華 眼  亦 在 佛 面  而 十 種 異 生  同 將 識 心  故 居 
ZH_X14_0292_001:0604c01	身內。浮根四塵。秪在我面。可謂阿難。點得真妄源	001	身 內  浮 根 四 塵  秪 在 我 面  可 謂 阿 難  點 得 真 妄 源 
ZH_X14_0292_001:0604c02	頭極清。如是方可沂流。直泛如來大寂滅海。而過	001	頭 極 清  如 是 方 可 沂 流  直 泛 如 來 大 寂 滅 海  而 過 
ZH_X14_0292_001:0604c03	七徵八還之關。豈在鈎章棘句。展露言鋒那。	001	七 徵 八 還 之 關  豈 在 鈎 章 棘 句  展 露 言 鋒 那  
ZH_X14_0292_001:0604c04	佛告阿難汝今現坐如來講堂(至)得遠瞻見。	001	佛 告 阿 難 汝 今 現 坐 如 來 講 堂  至  得 遠 瞻 見  
ZH_X14_0292_001:0604c05	釋迦老子。大暢本懷。衡鑑在懸。風雷在握。胸含太	001	釋 迦 老 子  大 暢 本 懷  衡 鑑 在 懸  風 雷 在 握  胸 含 太 
ZH_X14_0292_001:0604c06	虗。縱橫顛倒。奇正詭異。露出自家面目出來。令一	001	虗  縱 橫 顛 倒  奇 正 詭 異  露 出 自 家 面 目 出 來  令 一 
ZH_X14_0292_001:0604c07	切眾生堪騐。還識得在甚麼處。能見如來面目來。	001	切 眾 生 堪 騐  還 識 得 在 甚 麼 處  能 見 如 來 面 目 來  
ZH_X14_0292_001:0604c08	故云直心詶我。心言直故。乃至終始地位。釋迦老	001	故 云 直 心 詶 我  心 言 直 故  乃 至 終 始 地 位  釋 迦 老 
ZH_X14_0292_001:0604c09	子不假擬議吐露出來。但是用到心言直處。就不	001	子 不 假 擬 議 吐 露 出 來  但 是 用 到 心 言 直 處  就 不 
ZH_X14_0292_001:0604c10	識心言真面目。皆從真實地上發來。一念起處理	001	識 心 言 真 面 目  皆 從 真 實 地 上 發 來  一 念 起 處 理 
ZH_X14_0292_001:0604c11	會。毫無假借。舉至賾而無遺。隨應變而無盡。元不	001	會  毫 無 假 借  舉 至 賾 而 無 遺  隨 應 變 而 無 盡  元 不 
ZH_X14_0292_001:0604c12	曾改換真面目處。心無真到。則風飛雷動奮迅激	001	曾 改 換 真 面 目 處  心 無 真 到  則 風 飛 雷 動 奮 迅 激 
ZH_X14_0292_001:0604c13	昂。神變無定。幾微瞬息。即今世尊問曰。汝今堂中。	001	昂  神 變 無 定  幾 微 瞬 息  即 今 世 尊 問 曰  汝 今 堂 中  
ZH_X14_0292_001:0604c14	先何所見。阿難就云。我在堂中。先見如來。畢竟要	001	先 何 所 見  阿 難 就 云  我 在 堂 中  先 見 如 來  畢 竟 要 
ZH_X14_0292_001:0604c15	識阿難在甚麼處。能見如來。決不在於儀容色相	001	識 阿 難 在 甚 麼 處  能 見 如 來  決 不 在 於 儀 容 色 相 
ZH_X14_0292_001:0604c16	之間。趂此追風逐電之舌。點出如來之眼。親見如	001	之 間  趂 此 追 風 逐 電 之 舌  點 出 如 來 之 眼  親 見 如 
ZH_X14_0292_001:0604c17	來面目飛空之象。豈可於眼中之見。而覔如來雲	001	來 面 目 飛 空 之 象  豈 可 於 眼 中 之 見  而 覔 如 來 雲 
ZH_X14_0292_001:0604c18	雷之相耶。可謂阿難甚是伶俐。已親御其所適果	001	雷 之 相 耶  可 謂 阿 難 甚 是 伶 俐  已 親 御 其 所 適 果 
ZH_X14_0292_001:0604c19	如來也。孰能視天下之相。莫不競同焉。故與一切	001	如 來 也  孰 能 視 天 下 之 相  莫 不 競 同 焉  故 與 一 切 
ZH_X14_0292_001:0604c20	眾生平等。一切眾生。各各盡露諸佛之相。學人若	001	眾 生 平 等  一 切 眾 生  各 各 盡 露 諸 佛 之 相  學 人 若 
ZH_X14_0292_001:0604c21	於隨文逐義。不能識如來真面目處。即不能識自	001	於 隨 文 逐 義  不 能 識 如 來 真 面 目 處  即 不 能 識 自 
ZH_X14_0292_001:0604c22	己真面目矣。尚有根見之疑。著乎胸中。未得心言	001	己 真 面 目 矣  尚 有 根 見 之 疑  著 乎 胸 中  未 得 心 言 
ZH_X14_0292_001:0604c23	直處之神化錯過久矣。不能具識如來之眼。如來	001	直 處 之 神 化 錯 過 久 矣  不 能 具 識 如 來 之 眼  如 來 
ZH_X14_0292_001:0604c24	用處血脉不斷者。猶如獨繭抽絲。一根到底。無斷	001	用 處 血 脉 不 斷 者  猶 如 獨 繭 抽 絲  一 根 到 底  無 斷 
ZH_X14_0292_001:0605a01	續處。無隔礙處。如來這個決竅。終不與人道破。須	001	續 處  無 隔 礙 處  如 來 這 個 決 竅  終 不 與 人 道 破  須 
ZH_X14_0292_001:0605a02	得真實自得徹悟這個關棙子。方得如來一大藏	001	得 真 實 自 得 徹 悟 這 個 關 棙 子  方 得 如 來 一 大 藏 
ZH_X14_0292_001:0605a03	教。盡底掀翻。皆入我殻中矣。方識如來千古雄心。	001	教  盡 底 掀 翻  皆 入 我 殻 中 矣  方 識 如 來 千 古 雄 心  
ZH_X14_0292_001:0605a04	傳真相於數十萬言。未嘗有一剩語來。也須是個	001	傳 真 相 於 數 十 萬 言  未 嘗 有 一 剩 語 來  也 須 是 個 
ZH_X14_0292_001:0605a05	人使得。	001	人 使 得  
ZH_X14_0292_001:0605a06	爾時世尊在大眾中舒金色臂(至)無有是處。	001	爾 時 世 尊 在 大 眾 中 舒 金 色 臂  至  無 有 是 處  
ZH_X14_0292_001:0605a07	性無不用。用則便見。即今言其性者多。悟其性者	001	性 無 不 用  用 則 便 見  即 今 言 其 性 者 多  悟 其 性 者 
ZH_X14_0292_001:0605a08	鮮矣。悟則必能真見。見則必知自用。用則方知自	001	鮮 矣  悟 則 必 能 真 見  見 則 必 知 自 用  用 則 方 知 自 
ZH_X14_0292_001:0605a09	心。不假他人之力。故有法身智身之別。身心不同	001	心  不 假 他 人 之 力  故 有 法 身 智 身 之 別  身 心 不 同 
ZH_X14_0292_001:0605a10	之用。前文顯於智體。此文獨顯法身。傳輝寫液。不	001	之 用  前 文 顯 於 智 體  此 文 獨 顯 法 身  傳 輝 寫 液  不 
ZH_X14_0292_001:0605a11	離規矩之外。觀機適務。而識物外之形。如來調獅	001	離 規 矩 之 外  觀 機 適 務  而 識 物 外 之 形  如 來 調 獅 
ZH_X14_0292_001:0605a12	御象。應規入矩。爽爽有一種風味。還識如來在甚	001	御 象  應 規 入 矩  爽 爽 有 一 種 風 味  還 識 如 來 在 甚 
ZH_X14_0292_001:0605a13	麼處見。阿難纔見如來。舒臂摩阿難頂。就云在堂	001	麼 處 見  阿 難 纔 見 如 來  舒 臂 摩 阿 難 頂  就 云 在 堂 
ZH_X14_0292_001:0605a14	不見如來。能見林泉。無有是處。昔崔瑗仕北濟相。	001	不 見 如 來  能 見 林 泉  無 有 是 處  昔 崔 瑗 仕 北 濟 相  
ZH_X14_0292_001:0605a15	善章艸書。媚趣過之。點畫精微。神變無礙。如利金	001	善 章 艸 書  媚 趣 過 之  點 畫 精 微  神 變 無 礙  如 利 金 
ZH_X14_0292_001:0605a16	百鍊。美玉天姿。可謂氷寒於水也。	001	百 鍊  美 玉 天 姿  可 謂 氷 寒 於 水 也  
ZH_X14_0292_001:0605a17	阿難稽首而白佛言我聞如來。	001	阿 難 稽 首 而 白 佛 言 我 聞 如 來  
ZH_X14_0292_001:0605a18	心無不用。用處無不是心者。用則能見其相。不用	001	心 無 不 用  用 處 無 不 是 心 者  用 則 能 見 其 相  不 用 
ZH_X14_0292_001:0605a19	則不能見其形之動相也。心有所動。則形俱運。無	001	則 不 能 見 其 形 之 動 相 也  心 有 所 動  則 形 俱 運  無 
ZH_X14_0292_001:0605a20	有不動之心。心無不動之相。阿難喻如燈光。而照	001	有 不 動 之 心  心 無 不 動 之 相  阿 難 喻 如 燈 光  而 照 
ZH_X14_0292_001:0605a21	室外。世尊就點在歸林宿齋。是為外動之相現矣。	001	室 外  世 尊 就 點 在 歸 林 宿 齋  是 為 外 動 之 相 現 矣  
ZH_X14_0292_001:0605a22	世間所露之心。莫不皆以飲食。而日用之心動乎。	001	世 間 所 露 之 心  莫 不 皆 以 飲 食  而 日 用 之 心 動 乎  
ZH_X14_0292_001:0605a23	飲食之動。用於心。人人皆亦如之。豈非一人食之。	001	飲 食 之 動  用 於 心  人 人 皆 亦 如 之  豈 非 一 人 食 之  
ZH_X14_0292_001:0605a24	眾皆同焉。故與歸林宿齋。同一現其體相。食有四	001	眾 皆 同 焉  故 與 歸 林 宿 齋  同 一 現 其 體 相  食 有 四 
ZH_X14_0292_001:0605b01	種。一粗段及微細食。二觸食。三意思食。四識食。閻	001	種  一 粗 段 及 微 細 食  二 觸 食  三 意 思 食  四 識 食  閻 
ZH_X14_0292_001:0605b02	浮提人。以麫飯腐肉為粗段。按摩澡浴拭膏為微	001	浮 提 人  以 麫 飯 腐 肉 為 粗 段  按 摩 澡 浴 拭 膏 為 微 
ZH_X14_0292_001:0605b03	細食。	001	細 食  
ZH_X14_0292_001:0605b04	阿難白佛言世尊如佛所言不見內故(一章)。	001	阿 難 白 佛 言 世 尊 如 佛 所 言 不 見 內 故  一 章   
ZH_X14_0292_001:0605b05	切不可以阿難為未入道者。你看並無一字虗發。	001	切 不 可 以 阿 難 為 未 入 道 者  你 看 並 無 一 字 虗 發  
ZH_X14_0292_001:0605b06	半隱半露。心與眼根。暗暗發明。阿難言。此了知心。	001	半 隱 半 露  心 與 眼 根  暗 暗 發 明  阿 難 言  此 了 知 心  
ZH_X14_0292_001:0605b07	既不知內。而能見外。如我思忖。潛伏根裏。取琉璃	001	既 不 知 內  而 能 見 外  如 我 思 忖  潛 伏 根 裏  取 琉 璃 
ZH_X14_0292_001:0605b08	碗。合其兩眼。彼根隨見。隨即分別。不見內者。為在	001	碗  合 其 兩 眼  彼 根 隨 見  隨 即 分 別  不 見 內 者  為 在 
ZH_X14_0292_001:0605b09	根故。分明矚外。無障礙者。潛根內故。阿難祗道個	001	根 故  分 明 矚 外  無 障 礙 者  潛 根 內 故  阿 難 祗 道 個 
ZH_X14_0292_001:0605b10	根裏。是為眼根乎。而為舌根乎。彼根隨見者。莫非	001	根 裏  是 為 眼 根 乎  而 為 舌 根 乎  彼 根 隨 見 者  莫 非 
ZH_X14_0292_001:0605b11	眼根乎。隨即分別者。莫非舌根乎。又云。不見內者。	001	眼 根 乎  隨 即 分 別 者  莫 非 舌 根 乎  又 云  不 見 內 者  
ZH_X14_0292_001:0605b12	為在根故。非謂舌根乎。又云分明矚外。無障礙者。	001	為 在 根 故  非 謂 舌 根 乎  又 云 分 明 矚 外  無 障 礙 者  
ZH_X14_0292_001:0605b13	此非眼根。是以阿難所辯心目之處。未嘗有一字	001	此 非 眼 根  是 以 阿 難 所 辯 心 目 之 處  未 嘗 有 一 字 
ZH_X14_0292_001:0605b14	之訛。佛言彼人當以瑠璃籠眼。當見山河。見瑠璃	001	之 訛  佛 言 彼 人 當 以 瑠 璃 籠 眼  當 見 山 河  見 瑠 璃 
ZH_X14_0292_001:0605b15	不。阿難言。實見瑠璃。此非眼見。原非有差。世尊明	001	不  阿 難 言  實 見 瑠 璃  此 非 眼 見  原 非 有 差  世 尊 明 
ZH_X14_0292_001:0605b16	闢其汝心若同瑠璃合者。阿難暗暗露其心目之	001	闢 其 汝 心 若 同 瑠 璃 合 者  阿 難 暗 暗 露 其 心 目 之 
ZH_X14_0292_001:0605b17	處。即今還點得出不。詞鋒景煥。不能程其艶言。非	001	處  即 今 還 點 得 出 不  詞 鋒 景 煥  不 能 程 其 艶 言  非 
ZH_X14_0292_001:0605b18	隨見隨分別之舌根乎。	001	隨 見 隨 分 別 之 舌 根 乎  
ZH_X14_0292_001:0605b19	阿難白佛言世尊我今又作如是思惟(一章)。	001	阿 難 白 佛 言 世 尊 我 今 又 作 如 是 思 惟  一 章   
ZH_X14_0292_001:0605b20	阿難亦以文字變化。而顯心目之處。故云腑臟在	001	阿 難 亦 以 文 字 變 化  而 顯 心 目 之 處  故 云 腑 臟 在 
ZH_X14_0292_001:0605b21	中。竅穴居外。有藏則暗。有竅則明。此竅穴者。非指	001	中  竅 穴 居 外  有 藏 則 暗  有 竅 則 明  此 竅 穴 者  非 指 
ZH_X14_0292_001:0605b22	口門而已。故心露則明。又云開眼見明。名為見外。	001	口 門 而 已  故 心 露 則 明  又 云 開 眼 見 明  名 為 見 外  
ZH_X14_0292_001:0605b23	閉眼見暗。名為見內。此指眼根之處。如來云。既開	001	閉 眼 見 暗  名 為 見 內  此 指 眼 根 之 處  如 來 云  既 開 
ZH_X14_0292_001:0605b24	眼見明。何不見面。見面若成。此了知心。及與眼根。	001	眼 見 明  何 不 見 面  見 面 若 成  此 了 知 心  及 與 眼 根  
ZH_X14_0292_001:0605c01	乃在虗空。若在虗空。即應如來今見汝面。亦是汝	001	乃 在 虗 空  若 在 虗 空  即 應 如 來 今 見 汝 面  亦 是 汝 
ZH_X14_0292_001:0605c02	身。此阿難自見語語不由他人。故開眼見明。何不	001	身  此 阿 難 自 見 語 語 不 由 他 人  故 開 眼 見 明  何 不 
ZH_X14_0292_001:0605c03	見自己之面乎。即自如來語語吐露。皆虗空也。今	001	見 自 己 之 面 乎  即 自 如 來 語 語 吐 露  皆 虗 空 也  今 
ZH_X14_0292_001:0605c04	見汝面。亦是汝身。若汝執言。身眼兩覺。豈有二知	001	見 汝 面  亦 是 汝 身  若 汝 執 言  身 眼 兩 覺  豈 有 二 知 
ZH_X14_0292_001:0605c05	矣。	001	矣  
ZH_X14_0292_001:0605c06	阿難言我常聞佛開示四眾由心生故(一章)。	001	阿 難 言 我 常 聞 佛 開 示 四 眾 由 心 生 故  一 章   
ZH_X14_0292_001:0605c07	搴文囿之菁華。齅大義之薝蔔。是故心生法現。即	001	搴 文 囿 之 菁 華  齅 大 義 之 薝 蔔  是 故 心 生 法 現  即 
ZH_X14_0292_001:0605c08	今檢點那一句是生的心。那一句是現的法。那一	001	今 檢 點 那 一 句 是 生 的 心  那 一 句 是 現 的 法  那 一 
ZH_X14_0292_001:0605c09	句不是心。那一句不是法。見非所生之心。心非所	001	句 不 是 心  那 一 句 不 是 法  見 非 所 生 之 心  心 非 所 
ZH_X14_0292_001:0605c10	見之眼。而眼實能見。其心生即種種法生矣。豈在	001	見 之 眼  而 眼 實 能 見  其 心 生 即 種 種 法 生 矣  豈 在 
ZH_X14_0292_001:0605c11	思惟之體。而隨所合處。而在內外中間十九界七	001	思 惟 之 體  而 隨 所 合 處  而 在 內 外 中 間 十 九 界 七 
ZH_X14_0292_001:0605c12	塵合。	001	塵 合  
ZH_X14_0292_001:0605c13	阿難白佛言世尊我亦聞佛與文殊等。	001	阿 難 白 佛 言 世 尊 我 亦 聞 佛 與 文 殊 等  
ZH_X14_0292_001:0605c14	阿難常占在活潑潑地。如珠走盤。如盤走珠。諸法	001	阿 難 常 占 在 活 潑 潑 地  如 珠 走 盤  如 盤 走 珠  諸 法 
ZH_X14_0292_001:0605c15	王子。談實相時。世尊亦言不在內外中間。既云談	001	王 子  談 實 相 時  世 尊 亦 言 不 在 內 外 中 間  既 云 談 
ZH_X14_0292_001:0605c16	實相時。實相是為何法。而云內外中間。內無所見。	001	實 相 時  實 相 是 為 何 法  而 云 內 外 中 間  內 無 所 見  
ZH_X14_0292_001:0605c17	外無知故。中何為在。表則無定。豈於眼識而分別	001	外 無 知 故  中 何 為 在  表 則 無 定  豈 於 眼 識 而 分 別 
ZH_X14_0292_001:0605c18	乎。而兼二耶。	001	乎  而 兼 二 耶  
ZH_X14_0292_001:0605c19	阿難白佛言世尊我昔見佛與大目連。	001	阿 難 白 佛 言 世 尊 我 昔 見 佛 與 大 目 連  
ZH_X14_0292_001:0605c20	物在則有心在。心不著物。心物皆成。烏有物有則	001	物 在 則 有 心 在  心 不 著 物  心 物 皆 成  烏 有 物 有 則 
ZH_X14_0292_001:0605c21	心在矣。豈有無心之物耶。若物無心。豈能水陸飛	001	心 在 矣  豈 有 無 心 之 物 耶  若 物 無 心  豈 能 水 陸 飛 
ZH_X14_0292_001:0605c22	行。	001	行  
ZH_X14_0292_001:0605c23	爾時阿難在大眾中即從座起。	001	爾 時 阿 難 在 大 眾 中 即 從 座 起  
ZH_X14_0292_001:0605c24	闡提者。以不具信根等故。彌淚車此云邊地。乃闡	001	闡 提 者  以 不 具 信 根 等 故  彌 淚 車 此 云 邊 地  乃 闡 
ZH_X14_0292_001:0606a01	提報生處也。能獲奢摩他。即隳報地也。從面門放	001	提 報 生 處 也  能 獲 奢 摩 他  即 隳 報 地 也  從 面 門 放 
ZH_X14_0292_001:0606a02	種種寶光。即表口門所放之光也。即是涅槃元清	001	種 種 寶 光  即 表 口 門 所 放 之 光 也  即 是 涅 槃 元 清 
ZH_X14_0292_001:0606a03	淨體。而無識心想相。不居身內。不被識精能生諸	001	淨 體  而 無 識 心 想 相  不 居 身 內  不 被 識 精 能 生 諸 
ZH_X14_0292_001:0606a04	緣也。不被遺失元明之體者。唯悟口中言說。而為	001	緣 也  不 被 遺 失 元 明 之 體 者  唯 悟 口 中 言 說  而 為 
ZH_X14_0292_001:0606a05	涅槃真體無識無想。故無妄心分別。若有纖毫識	001	涅 槃 真 體 無 識 無 想  故 無 妄 心 分 別  若 有 纖 毫 識 
ZH_X14_0292_001:0606a06	精一動。則元明之體全體皆妄。雖終日被妄所迷	001	精 一 動  則 元 明 之 體 全 體 皆 妄  雖 終 日 被 妄 所 迷 
ZH_X14_0292_001:0606a07	失元明之體。枉入諸趣。不自覺知。如來舉臂屈指。	001	失 元 明 之 體  枉 入 諸 趣  不 自 覺 知  如 來 舉 臂 屈 指  
ZH_X14_0292_001:0606a08	示其真性。阿難以推窮尋逐。故如來咄之此非汝	001	示 其 真 性  阿 難 以 推 窮 尋 逐  故 如 來 咄 之 此 非 汝 
ZH_X14_0292_001:0606a09	心。	001	心  
ZH_X14_0292_001:0606a10	阿難白佛言世尊我佛寵弟心愛佛故(一章)。	001	阿 難 白 佛 言 世 尊 我 佛 寵 弟 心 愛 佛 故  一 章   
ZH_X14_0292_001:0606a11	心識運變。厥理無恒。解惑相翻。澄神虗照。一念之	001	心 識 運 變  厥 理 無 恒  解 惑 相 翻  澄 神 虗 照  一 念 之 
ZH_X14_0292_001:0606a12	動。勿用於識。無始用得熟故。分別覺觀之時。勿用	001	動  勿 用 於 識  無 始 用 得 熟 故  分 別 覺 觀 之 時  勿 用 
ZH_X14_0292_001:0606a13	識於色香味觸之中。應機如響。猶谷風之隨嘯虎。	001	識 於 色香味觸 之 中  應 機 如 響  猶 谷 風 之 隨 嘯 虎  
ZH_X14_0292_001:0606a14	慶雲之逐騰龍。縱然內守幽閑。亦為法塵分別影	001	慶 雲 之 逐 騰 龍  縱 然 內 守 幽 閑  亦 為 法 塵 分 別 影 
ZH_X14_0292_001:0606a15	事。此二障非為真心。若清淨妙淨明心如虗空。而	001	事  此 二 障 非 為 真 心  若 清 淨 妙 淨 明 心 如 虗 空  而 
ZH_X14_0292_001:0606a16	分別覺觀。有分別性。真汝心矣。九次不成聖果。以	001	分 別 覺 觀  有 分 別 性  真 汝 心 矣  九 次 不 成 聖 果  以 
ZH_X14_0292_001:0606a17	妄想分別未悟真定故。昔庾信唯愛寒山寺碑。人	001	妄想分別 未 悟 真 定 故  昔 庾 信 唯 愛 寒 山 寺 碑  人 
ZH_X14_0292_001:0606a18	問北方何如。信曰唯寒山寺一片石堪共語。	001	問 北 方 何 如  信 曰 唯 寒 山 寺 一 片 石 堪 共 語  
ZH_X14_0292_001:0606a19	阿難聞已重復悲淚五體投地。	001	阿 難 聞 已 重 復 悲 淚 五體投地  
ZH_X14_0292_001:0606a20	阿難之多喻如來從胸湧出之光。以釋阿難。是故	001	阿 難 之 多 喻 如 來 從 胸 湧 出 之 光  以 釋 阿 難  是 故 
ZH_X14_0292_001:0606a21	真見非眼。盲人非是無心。燈光能顯於色。如開道	001	真 見 非 眼  盲 人 非 是 無 心  燈 光 能 顯 於 色  如 開 道 
ZH_X14_0292_001:0606a22	眼之光。唯說之食。能飽於法味。如子而得於父。皆	001	眼 之 光  唯 說 之 食  能 飽 於 法 味  如 子 而 得 於 父  皆 
ZH_X14_0292_001:0606a23	從胸湧出。而惠我三昧矣。	001	從 胸 湧 出  而 惠 我 三 昧 矣  
ZH_X14_0292_001:0606a24	阿難雖復得聞是言與諸大眾。	001	阿 難 雖 復 得 聞 是 言 與 諸 大 眾  
ZH_X14_0292_001:0606b01	世尊如大冶紅爐。而百加煅鍊於眾生。而眾生不	001	世 尊 如 大 冶 紅 爐  而 百 加 煅 鍊 於 眾 生  而 眾 生 不 
ZH_X14_0292_001:0606b02	加煅鍊者。真是眾生。陳那所悟。客塵旅亭。虗空寂	001	加 煅 鍊 者  真 是 眾 生  陳 那 所 悟  客 塵 旅 亭  虗 空 寂 
ZH_X14_0292_001:0606b03	然者。如來以開合舒拳飛光左右。法身所現。無有	001	然 者  如 來 以 開 合 舒 拳 飛 光 左 右  法 身 所 現  無 有 
ZH_X14_0292_001:0606b04	不動之相。念念生滅。安有不動之心。以動豈為是	001	不 動 之 相  念念生滅  安 有 不 動 之 心  以 動 豈 為 是 
ZH_X14_0292_001:0606b05	境。虗空豈得寂然。頭自動搖。心無舒卷。豈能遺失	001	境  虗 空 豈 得 寂 然  頭 自 動 搖  心 無 舒 卷  豈 能 遺 失 
ZH_X14_0292_001:0606b06	而為顛倒行事耶(一卷乞)。	001	而 為 顛 倒 行 事 耶  一 卷 乞   
ZH_X14_0292_001:0606b07	已前七徵文字。三次表顯。初曰頂放百寶光明。次	001	已 前 七 徵 文 字  三 次 表 顯  初 曰 頂 放 百 寶 光 明  次 
ZH_X14_0292_001:0606b08	曰面門所放之光。三曰從胸湧出寶光。皆不離如	001	曰 面 門 所 放 之 光  三 曰 從 胸 湧 出 寶 光  皆 不 離 如 
ZH_X14_0292_001:0606b09	來舌端上。吐出語語。皆是白毫相光。令一切眾生	001	來 舌 端 上  吐 出 語 語  皆 是 白毫相光  令 一 切 眾 生 
ZH_X14_0292_001:0606b10	各各自騐。復引觀河之見。次釋根見不生滅性。如	001	各 各 自 騐  復 引 觀 河 之 見  次 釋 根 見 不 生 滅 性  如 
ZH_X14_0292_001:0606b11	第二月。	001	第 二 月  
ZH_X14_0292_001:0606b12	阿難即從座起禮佛合掌長跪白佛。	001	阿 難 即 從 座 起 禮 佛 合 掌 長 跪 白 佛  
ZH_X14_0292_001:0606b13	伏羲畫八卦。而形其體。軒轅興靈龜而彰其彩。易	001	伏 羲 畫 八 卦  而 形 其 體  軒 轅 興 靈 龜 而 彰 其 彩  易 
ZH_X14_0292_001:0606b14	曰。羣龍無首吉。庖丁不見全牛者。如來以金臂相	001	曰  羣 龍 無 首 吉  庖 丁 不 見 全 牛 者  如 來 以 金 臂 相 
ZH_X14_0292_001:0606b15	輪兜羅綿之正倒。法身現處。人皆忽之。是故色心	001	輪 兜 羅 綿 之 正 倒  法 身 現 處  人 皆 忽 之  是 故 色 心 
ZH_X14_0292_001:0606b16	諸緣。諸所緣法。唯心之所現乎。然發海潮之音。皆	001	諸 緣  諸 所 緣 法  唯 心 之 所 現 乎  然 發 海 潮 之 音  皆 
ZH_X14_0292_001:0606b17	是妙明真精之所現相。豈為晦昧為空。汝身汝心	001	是 妙 明 真 精 之 所 現 相  豈 為 晦 昧 為 空  汝 身 汝 心 
ZH_X14_0292_001:0606b18	同一虗空。如外洎山河虗空大地。咸是妙明真心。	001	同 一 虗 空  如 外 洎 山 河 虗 空 大 地  咸 是 妙 明 真 心  
ZH_X14_0292_001:0606b19	不雜妄想。豈能晦昧耶。	001	不 雜 妄 想  豈 能 晦 昧 耶  
ZH_X14_0292_001:0606b20	阿難承佛悲救深誨垂泣叉手(至)為我宣說。	001	阿 難 承 佛 悲 救 深 誨 垂 泣 叉 手  至  為 我 宣 說  
ZH_X14_0292_001:0606b21	心無緣而不起。法非心而不生。心隨事起。法逐緣	001	心 無 緣 而 不 起  法 非 心 而 不 生  心 隨 事 起  法 逐 緣 
ZH_X14_0292_001:0606b22	生。法亦緣而心亦緣矣。因指見月。因聲得心。聲如	001	生  法 亦 緣 而 心 亦 緣 矣  因 指 見 月  因 聲 得 心  聲 如 
ZH_X14_0292_001:0606b23	旅亭。由分別而見於心。心如緣影。法亦緣矣。不可	001	旅 亭  由 分 別 而 見 於 心  心 如 緣 影  法 亦 緣 矣  不 可 
ZH_X14_0292_001:0606b24	離分別而覔於心。亦不可分別都無。而昧為冥諦。	001	離 分 別 而 覔 於 心  亦 不可分別 都 無  而 昧 為 冥 諦  
ZH_X14_0292_001:0606c01	阿難所悟圓音。為圓滿心地。如來以分別為心。示	001	阿 難 所 悟 圓 音  為 圓 滿 心 地  如 來 以 分 別 為 心  示 
ZH_X14_0292_001:0606c02	其真實用法之幻。須知語為真實之心。	001	其 真 實 用 法 之 幻  須 知 語 為 真 實 之 心  
ZH_X14_0292_001:0606c03	今當示於無所還地(至)名可憐愍。	001	今 當 示 於 無 所 還 地  至  名 可 憐 愍  
ZH_X14_0292_001:0606c04	如來把一見字。如一柄金剛王劍。能斬一切見聞	001	如 來 把 一 見 字  如 一 柄 金 剛 王 劍  能 斬 一 切 見 聞 
ZH_X14_0292_001:0606c05	覺知。能截斷見與見緣。闢其根境相對。掃其內外	001	覺 知  能 截 斷 見 與 見 緣  闢 其 根 境 相 對  掃 其 內 外 
ZH_X14_0292_001:0606c06	中間。塞斷擬議卜度。方可耀神劍之鋒鋩。須格物	001	中 間  塞 斷 擬 議 卜 度  方 可 耀 神 劍 之 鋒 鋩  須 格 物 
ZH_X14_0292_001:0606c07	而致知。如來不意胸中有許多話境。於舌上點綴。	001	而 致 知  如 來 不 意 胸 中 有 許 多 話 境  於 舌 上 點 綴  
ZH_X14_0292_001:0606c08	露其華彩。令人觀之。不離本地風光。布將出來。此	001	露 其 華 彩  令 人 觀 之  不 離 本 地 風 光  布 將 出 來  此 
ZH_X14_0292_001:0606c09	大講堂。洞開東方。日輪升天。則有明曜。諸變化相。	001	大 講 堂  洞 開 東 方  日 輪 升 天  則 有 明 曜  諸 變 化 相  
ZH_X14_0292_001:0606c10	風喉忽轉。前境皆空。孤峰獨翠。唯見如來風骨飄	001	風 喉 忽 轉  前 境 皆 空  孤 峰 獨 翠  唯 見 如 來 風 骨 飄 
ZH_X14_0292_001:0606c11	然。蒼蒼翠靄。如蜻蜓點水。不涉塵滓那。	001	然  蒼 蒼 翠 靄  如 蜻 蜓 點 水  不 涉 塵 滓 那  
ZH_X14_0292_001:0606c12	阿難我雖識此見性無還(至)誰為物象。	001	阿 難 我 雖 識 此 見 性 無 還  至  誰 為 物 象  
ZH_X14_0292_001:0606c13	阿難已具慧眼。見於初禪。阿那律已具天眼。諸菩	001	阿 難 已 具 慧 眼  見 於 初 禪  阿 那 律 已 具 天 眼  諸 菩 
ZH_X14_0292_001:0606c14	薩已明佛眼。眾生祗得肉眼。然則法眼未具難覔	001	薩 已 明 佛 眼  眾 生 祗 得 肉 眼  然 則 法 眼 未 具 難 覔 
ZH_X14_0292_001:0606c15	文中之性。即今如來語中布境。日月之宮。七金之	001	文 中 之 性  即 今 如 來 語 中 布 境  日 月 之 宮  七 金 之 
ZH_X14_0292_001:0606c16	山。雲騰鳥飛。風動塵起。艸木人畜。咸物非汝。即今	001	山  雲 騰 鳥 飛  風 動 塵 起  艸 木 人 畜  咸 物 非 汝  即 今 
ZH_X14_0292_001:0606c17	還能分柝得。誰是我體耶。誰為物象耶。境為誰布。	001	還 能 分 柝 得  誰 是 我 體 耶  誰 為 物 象 耶  境 為 誰 布  
ZH_X14_0292_001:0606c18	物是誰云。孰是境中主。孰為物象中之我。還有人	001	物 是 誰 云  孰 是 境 中 主  孰 為 物 象 中 之 我  還 有 人 
ZH_X14_0292_001:0606c19	能描寫這境象出來。分析得釋迦老子與阿難鼻	001	能 描 寫 這 境 象 出 來  分 析 得 釋 迦 老 子 與 阿 難 鼻 
ZH_X14_0292_001:0606c20	孔。誰為我。誰為他。物與境而並笑。人與象而共談。	001	孔  誰 為 我  誰 為 他  物 與 境 而 並 笑  人 與 象 而 共 談  
ZH_X14_0292_001:0606c21	似揚州人共語便音態露。羅山云。大凡唱教。須會	001	似 揚 州 人 共 語 便 音 態 露  羅 山 云  大 凡 唱 教  須 會 
ZH_X14_0292_001:0606c22	目前生死殺活及識言中真主。可得褒揚殺人刀	001	目 前 生 死 殺 活 及 識 言 中 真 主  可 得 褒 揚 殺 人 刀 
ZH_X14_0292_001:0606c23	活人劍。上古之機鋒。識取今人之面目。	001	活 人 劍  上 古 之 機 鋒  識 取 今 人 之 面 目  
ZH_X14_0292_001:0606c24	阿難極汝見源從日月宮(至)誠汝見性。	001	阿 難 極 汝 見 源 從 日 月 宮  至  誠 汝 見 性  
ZH_X14_0292_001:0607a01	如來津津而不置□胸中不□有許多境象。皆於	001	如 來 津 津 而 不 置  胸 中 不  有 許 多 境 象  皆 於 
ZH_X14_0292_001:0607a02	舌端上露其華彩。令人觀之無地。描之無形。其無	001	舌 端 上 露 其 華 彩  令 人 觀 之 無 地  描 之 無 形  其 無 
ZH_X14_0292_001:0607a03	形之境。露其真相。雲騰鳥飛。風動塵起。樹木山川。	001	形 之 境  露 其 真 相  雲 騰 鳥 飛  風 動 塵 起  樹 木 山 川  
ZH_X14_0292_001:0607a04	草芥人畜之類。同阿難見精所矚。即今學佛之士。	001	草 芥 人 畜 之 類  同 阿 難 見 精 所 矚  即 今 學 佛 之 士  
ZH_X14_0292_001:0607a05	辯論種種之物。何者是物之性。何為同汝之見精	001	辯 論 種 種 之 物  何 者 是 物 之 性  何 為 同 汝 之 見 精 
ZH_X14_0292_001:0607a06	乎。	001	乎  
ZH_X14_0292_001:0607a07	若見是物則汝亦可見吾之見若同見者名為見吾	001	若 見 是 物 則 汝 亦 可 見 吾 之 見 若 同 見 者 名 為 見 吾 
ZH_X14_0292_001:0607a08	(至)取我求實。	001	 至  取 我 求 實  
ZH_X14_0292_001:0607a09	啟心奔繹。如來忽變忽奇。吐石含金。輕搖利吻之	001	啟 心 奔 繹  如 來 忽 變 忽 奇  吐 石 含 金  輕 搖 利 吻 之 
ZH_X14_0292_001:0607a10	舌。追風逐電。絡繹新聲。而決不在於牝牡驪黃之	001	舌  追 風 逐 電  絡 繹 新 聲  而 決 不 在 於 牝 牡 驪 黃 之 
ZH_X14_0292_001:0607a11	間。而聲應氣求之處。亦猶五色之有紅紫。八音之	001	間  而 聲 應 氣 求 之 處  亦 猶 五 色 之 有 紅 紫  八 音 之 
ZH_X14_0292_001:0607a12	有鄭衛。寫圖聲韻。鵠雪須分。描不見之宏詞。辯音	001	有 鄭 衛  寫 圖 聲 韻  鵠 雪 須 分  描 不 見 之 宏 詞  辯 音 
ZH_X14_0292_001:0607a13	聲之體會。不見雲騫。詞鋒景煥。若同見者。名為見	001	聲 之 體 會  不 見 雲 騫  詞 鋒 景 煥  若 同 見 者  名 為 見 
ZH_X14_0292_001:0607a14	吾。此為能見之精。則汝亦可見吾之見。而非物之	001	吾  此 為 能 見 之 精  則 汝 亦 可 見 吾 之 見  而 非 物 之 
ZH_X14_0292_001:0607a15	能見乎。已明見分之精。不可混於不見之地也。若	001	能 見 乎  已 明 見 分 之 精  不 可 混 於 不 見 之 地 也  若 
ZH_X14_0292_001:0607a16	見是物。則汝亦可見吾之見。吾不見時。何不見吾	001	見 是 物  則 汝 亦 可 見 吾 之 見  吾 不 見 時  何 不 見 吾 
ZH_X14_0292_001:0607a17	不見之處。此非見精可比也。乃如來吐出不見之	001	不 見 之 處  此 非 見 精 可 比 也  乃 如 來 吐 出 不 見 之 
ZH_X14_0292_001:0607a18	地來。與一切人尋見。而能見不見於如來口中重	001	地 來  與 一 切 人 尋 見  而 能 見 不 見 於 如 來 口 中 重 
ZH_X14_0292_001:0607a19	重布見。故如來示不見之時。而一切人不能見者。	001	重 布 見  故 如 來 示 不 見 之 時  而 一 切 人 不 能 見 者  
ZH_X14_0292_001:0607a20	而無能見之人。豈無不見之地乎。然則有見之能	001	而 無 能 見 之 人  豈 無 不 見 之 地 乎  然 則 有 見 之 能 
ZH_X14_0292_001:0607a21	觀。而非不見之能見。若能見於不見之地。則知能	001	觀  而 非 不 見 之 能 見  若 能 見 於 不 見 之 地  則 知 能 
ZH_X14_0292_001:0607a22	見之見非見。不見之見而為見也。若不見之見。而	001	見 之 見 非 見  不 見 之 見 而 為 見 也  若 不 見 之 見  而 
ZH_X14_0292_001:0607a23	能見之。自然非彼不見之相。而還見之乎。是以露	001	能 見 之  自 然 非 彼 不 見 之 相  而 還 見 之 乎  是 以 露 
ZH_X14_0292_001:0607a24	出個不見之地來。而分別見不見之相。而不見分	001	出 個 不 見 之 地 來  而 分 別 見 不 見 之 相  而 不 見 分 
ZH_X14_0292_001:0607b01	別於見。其同見者何物。其不見者為誰。云何既云	001	別 於 見  其 同 見 者 何 物  其 不 見 者 為 誰  云 何 既 云 
ZH_X14_0292_001:0607b02	不見。而誰為見乎。而能分別見不見之相。既云同	001	不 見  而 誰 為 見 乎  而 能 分 別 見 不 見 之 相  既 云 同 
ZH_X14_0292_001:0607b03	見。而又不能分別見相。故云若不見吾不見之地。	001	見  而 又 不 能 分 別 見 相  故 云 若 不 見 吾 不 見 之 地  
ZH_X14_0292_001:0607b04	自然非物之能見也。阿難不悟能見之見。而見於	001	自 然 非 物 之 能 見 也  阿 難 不 悟 能 見 之 見  而 見 於 
ZH_X14_0292_001:0607b05	如來不見之地。豈可以不見之地。而為能見之見	001	如 來 不 見 之 地  豈 可 以 不 見 之 地  而 為 能 見 之 見 
ZH_X14_0292_001:0607b06	者乎。若能見不見之地。云何非汝耶。是以覺範曰。	001	者 乎  若 能 見 不 見 之 地  云 何 非 汝 耶  是 以 覺 範 曰  
ZH_X14_0292_001:0607b07	世尊開示見不見之相。即當了知真性。不當更求	001	世 尊 開 示 見 不 見 之 相  即 當 了 知 真 性  不 當 更 求 
ZH_X14_0292_001:0607b08	分別也。又則汝今見物之時。汝既見物。物亦見汝。	001	分 別 也  又 則 汝 今 見 物 之 時  汝 既 見 物  物 亦 見 汝  
ZH_X14_0292_001:0607b09	體性紛雜。而不知世尊融心之秘語混見而明心。	001	體 性 紛 雜  而 不 知 世 尊 融 心 之 秘 語 混 見 而 明 心  
ZH_X14_0292_001:0607b10	又曰。若汝見時。見性周徧。非汝而誰耶。昔趙簡子	001	又 曰  若 汝 見 時  見 性 周 徧  非 汝 而 誰 耶  昔 趙 簡 子 
ZH_X14_0292_001:0607b11	有臣曰周舍。立於門下三日。簡子使問之。對曰。願	001	有 臣 曰 周 舍  立 於 門 下 三 日  簡 子 使 問 之  對 曰  願 
ZH_X14_0292_001:0607b12	為諤諤之臣。筆墨摻牘從君之過。簡子居則與之	001	為 諤 諤 之 臣  筆 墨 摻 牘 從 君 之 過  簡 子 居 則 與 之 
ZH_X14_0292_001:0607b13	居。出則與之出。居無幾何。而周舍死。後與大夫。飲	001	居  出 則 與 之 出  居 無 幾 何  而 周 舍 死  後 與 大 夫  飲 
ZH_X14_0292_001:0607b14	於洪波之臺。酒酣。簡子涕泣。諸大夫皆出走。曰臣	001	於 洪 波 之 臺  酒 酣  簡 子 涕 泣  諸 大 夫 皆 出 走  曰 臣 
ZH_X14_0292_001:0607b15	有罪。而不自知。簡子曰。大夫皆無罪。昔日商紂默	001	有 罪  而 不 自 知  簡 子 曰  大 夫 皆 無 罪  昔 日 商 紂 默 
ZH_X14_0292_001:0607b16	默而亡。武王諤諤而昌。今自周舍而死。吾未甞聞	001	默 而 亡  武 王 諤 諤 而 昌  今 自 周 舍 而 死  吾 未 甞 聞 
ZH_X14_0292_001:0607b17	吾過也。吾亡無日矣。是以寡人泣也。	001	吾 過 也  吾 亡 無 日 矣  是 以 寡 人 泣 也  
ZH_X14_0292_001:0607b18	阿難白佛言世尊若此見性必我非餘(一章)。	001	阿 難 白 佛 言 世 尊 若 此 見 性 必 我 非 餘  一 章   
ZH_X14_0292_001:0607b19	此心之分用。各有其處。運法之岐。身心各別。阿難	001	此 心 之 分 用  各 有 其 處  運 法 之 岐  身 心 各 別  阿 難 
ZH_X14_0292_001:0607b20	疑見體既能周徧。空體而能舒縮乎。而夾令斷絕	001	疑 見 體 既 能 周 徧  空 體 而 能 舒 縮 乎  而 夾 令 斷 絕 
ZH_X14_0292_001:0607b21	乎。世尊云。諸塵各屬前塵。見有舒縮。空體無定。無	001	乎  世 尊 云  諸 塵 各 屬 前 塵  見 有 舒 縮  空 體 無 定  無 
ZH_X14_0292_001:0607b22	定之空。能方能圓。隨器而現。但除器方。空體無方。	001	定 之 空  能 方 能 圓  隨 器 而 現  但 除 器 方  空 體 無 方  
ZH_X14_0292_001:0607b23	不應更除虗空方相所在。一切眾生迷己為物。若	001	不 應 更 除 虗 空 方 相 所 在  一 切 眾 生 迷 己 為 物  若 
ZH_X14_0292_001:0607b24	能轉物而為誰乎。易云。羣龍無首吉。晉文公逐麋	001	能 轉 物 而 為 誰 乎  易 云  羣 龍 無 首 吉  晉 文 公 逐 麋 
ZH_X14_0292_001:0607c01	而失之。問農夫老古曰。吾麋何在。老古以足指曰	001	而 失 之  問 農 夫 老 古 曰  吾 麋 何 在  老 古 以 足 指 曰 
ZH_X14_0292_001:0607c02	如是往。公曰寡人問子以足指何也。老古振衣而	001	如 是 往  公 曰 寡 人 問 子 以 足 指 何 也  老 古 振 衣 而 
ZH_X14_0292_001:0607c03	起曰。一不意人君如此也。虎豹之居也。厭閑而近	001	起 曰  一 不 意 人 君 如 此 也  虎 豹 之 居 也  厭 閑 而 近 
ZH_X14_0292_001:0607c04	人故得。魚鱉之居也。厭深而之淺故得。諸侯厭眾	001	人 故 得  魚 鱉 之 居 也  厭 深 而 之 淺 故 得  諸 侯 厭 眾 
ZH_X14_0292_001:0607c05	而亡其國。於是文公恐歸。遇欒武子。子曰獵得獸	001	而 亡 其 國  於 是 文 公 恐 歸  遇 欒 武 子  子 曰 獵 得 獸 
ZH_X14_0292_001:0607c06	乎。而有悅色。文公曰。寡人而失之。得善言故有悅	001	乎  而 有 悅 色  文 公 曰  寡 人 而 失 之  得 善 言 故 有 悅 
ZH_X14_0292_001:0607c07	色。子曰。其人安在乎。曰吾未與來也。子曰居上位	001	色  子 曰  其 人 安 在 乎  曰 吾 未 與 來 也  子 曰 居 上 位 
ZH_X14_0292_001:0607c08	而不恤其下驕也。緩令急誅暴也。取人之言而棄	001	而 不 恤 其 下 驕 也  緩 令 急 誅 暴 也  取 人 之 言 而 棄 
ZH_X14_0292_001:0607c09	其身盜也。文公曰還載考古與俱歸。	001	其 身 盜 也  文 公 曰 還 載 考 古 與 俱 歸  
ZH_X14_0292_001:0607c10	阿難白佛言世尊若此見精必我妙性(至)開發未悟。	001	阿 難 白 佛 言 世 尊 若 此 見 精 必 我 妙 性  至  開 發 未 悟  
ZH_X14_0292_001:0607c11	阿難分別用處之幽微。而辯身心之妙用。見精既	001	阿 難 分 別 用 處 之 幽 微  而 辯 身 心 之 妙 用  見 精 既 
ZH_X14_0292_001:0607c12	非我體。身心復是何物。即今身心分別有實。彼見	001	非 我 體  身 心 復 是 何 物  即 今 身 心 分 別 有 實  彼 見 
ZH_X14_0292_001:0607c13	實無分別。何故云物能見我。見既非心。身心復是	001	實 無 分 別  何 故 云 物 能 見 我  見 既 非 心  身 心 復 是 
ZH_X14_0292_001:0607c14	何物。向下發明身心。	001	何 物  向 下 發 明 身 心  
ZH_X14_0292_001:0607c15	佛告阿難今汝所言見在汝前。	001	佛 告 阿 難 今 汝 所 言 見 在 汝 前  
ZH_X14_0292_001:0607c16	如來弄這許多圈套。瞞昧天下人。疑殺天下人。遊	001	如 來 弄 這 許 多 圈 套  瞞 昧 天 下 人  疑 殺 天 下 人  遊 
ZH_X14_0292_001:0607c17	戲語中之景。描摹舌上乾坤。融今貫古。踢海搏空。	001	戲 語 中 之 景  描 摹 舌 上 乾 坤  融 今 貫 古  踢 海 搏 空  
ZH_X14_0292_001:0607c18	露出個無影中之手眼。萬象裏析出精明。橫手所	001	露 出 個 無 影 中 之 手 眼  萬 象 裏 析 出 精 明  橫 手 所 
ZH_X14_0292_001:0607c19	指。橫口所陳。是見非見而融心。即樹非樹而呈見。	001	指  橫 口 所 陳  是 見 非 見 而 融 心  即 樹 非 樹 而 呈 見  
ZH_X14_0292_001:0607c20	即今陰者是林。明者是日。礙者是壁。通者是空。是	001	即 今 陰 者 是 林  明 者 是 日  礙 者 是 壁  通 者 是 空  是 
ZH_X14_0292_001:0607c21	萬象中析出精明耶。是指端上剖出精見耶。是見	001	萬 象 中 析 出 精 明 耶  是 指 端 上 剖 出 精 見 耶  是 見 
ZH_X14_0292_001:0607c22	精明元耶。古德云。海底泥牛銜月走。巖前石虎抱	001	精 明 元 耶  古 德 云  海 底 泥 牛 銜 月 走  巖 前 石 虎 抱 
ZH_X14_0292_001:0607c23	兒眠。鉄蛇鑽入金剛眼。崑崙騎象鷺鷥牽。高峰云。	001	兒 眠  鉄 蛇 鑽 入 金 剛 眼  崑 崙 騎 象 鷺 鷥 牽  高 峰 云  
ZH_X14_0292_001:0607c24	內有一句能縱能奪。能殺能活。有人檢點得出。一	001	內 有 一 句 能 縱 能 奪  能 殺 能 活  有 人 檢 點 得 出  一 
ZH_X14_0292_001:0608a01	生參學事畢。即今陰者是林。明者是日。礙者是壁。	001	生 參 學 事 畢  即 今 陰 者 是 林  明 者 是 日  礙 者 是 壁  
ZH_X14_0292_001:0608a02	通者是空。內有一句。能縱能活。能殺能奪。若人檢	001	通 者 是 空  內 有 一 句  能 縱 能 活  能 殺 能 奪  若 人 檢 
ZH_X14_0292_001:0608a03	點得出。許諸人具一隻眼。覺範云。以是意而推之。	001	點 得 出  許 諸 人 具 一 隻 眼  覺 範 云  以 是 意 而 推 之  
ZH_X14_0292_001:0608a04	眾生日用皆平等究竟覺。於是中無毫髮為緣為	001	眾 生 日 用 皆 平 等 究 竟 覺  於 是 中 無 毫 髮 為 緣 為 
ZH_X14_0292_001:0608a05	對。緣對且不可得。何從從有生死哉。所謂真語如	001	對  緣 對 且 不 可 得  何 從 從 有 生 死 哉  所 謂 真 語 如 
ZH_X14_0292_001:0608a06	所如說五語真妄一如而已。世尊每曰如大火聚。	001	所 如 說 五 語 真 妄 一 如 而 已  世 尊 每 曰 如大火聚  
ZH_X14_0292_001:0608a07	謂是故也。世尊之法施。可謂不貲。既以密說。而又	001	謂 是 故 也  世 尊 之 法 施  可 謂 不 貲  既 以 密 說  而 又 
ZH_X14_0292_001:0608a08	正言。若樹即見。復云何樹。此密說也。於其自住三	001	正 言  若 樹 即 見  復 云 何 樹  此 密 說 也  於 其 自 住 三 
ZH_X14_0292_001:0608a09	摩地中。見與見緣。此正言也。深味而細觀之。兩者	001	摩 地 中  見 與 見 緣  此 正 言 也  深 味 而 細 觀 之  兩 者 
ZH_X14_0292_001:0608a10	同一寂滅。何以知之。以樹見不可分故。世尊意令	001	同 一 寂 滅  何 以 知 之  以 樹 見 不 可 分 故  世 尊 意 令 
ZH_X14_0292_001:0608a11	阿難自悟明之。然觀覺範亦止說一邊。亦未盡釋	001	阿 難 自 悟 明 之  然 觀 覺 範 亦 止 說 一 邊  亦 未 盡 釋 
ZH_X14_0292_001:0608a12	經中之旨。此身心同運。豈不見經文中。汝可微細	001	經 中 之 旨  此 身 心 同 運  豈 不 見 經 文 中  汝 可 微 細 
ZH_X14_0292_001:0608a13	披剝萬象。析出精明。淨妙見元。指陳示我。又云舉	001	披 剝 萬 象  析 出 精 明  淨 妙 見 元  指 陳 示 我  又 云 舉 
ZH_X14_0292_001:0608a14	手所指縱目所觀。與其真見同共發明。即今細細分	001	手 所 指 縱 目 所 觀  與 其 真 見 同 共 發 明  即 今 細 細 分 
ZH_X14_0292_001:0608a15	析。孰為析出精明。孰是剖出精見。孰為舉手所指。	001	析  孰 為 析 出 精 明  孰 是 剖 出 精 見  孰 為 舉 手 所 指  
ZH_X14_0292_001:0608a16	不可混亂。不可分岐。全體作用。尤分境見之疑。析	001	不 可 混 亂  不 可 分 岐  全 體 作 用  尤 分 境 見 之 疑  析 
ZH_X14_0292_001:0608a17	出精明。然為體用之分。一經精華。此篇更奇。變化	001	出 精 明  然 為 體 用 之 分  一 經 精 華  此 篇 更 奇  變 化 
ZH_X14_0292_001:0608a18	無窮。神妙莫測。精微玄奧。如孫武之用兵。殺活自	001	無 窮  神 妙 莫 測  精 微 玄 奧  如 孫 武 之 用 兵  殺 活 自 
ZH_X14_0292_001:0608a19	由。縱橫無礙。旋轉乾坤之手眼。鬼神莫測之樞機。	001	由  縱 橫 無 礙  旋 轉 乾 坤 之 手 眼  鬼 神 莫 測 之 樞 機  
ZH_X14_0292_001:0608a20	神彩煥然。總饒真趣。	001	神 彩 煥 然  總 饒 真 趣  
ZH_X14_0292_001:0608a21	子夏問孔子曰。顏回之為人奚若。子曰。回之仁賢	001	子 夏 問 孔 子 曰  顏 回 之 為 人 奚 若  子 曰  回 之 仁 賢 
ZH_X14_0292_001:0608a22	於丘也。曰子貢之為人奚若。子曰。賜之辨賢於丘	001	於 丘 也  曰 子 貢 之 為 人 奚 若  子 曰  賜 之 辨 賢 於 丘 
ZH_X14_0292_001:0608a23	也。曰子路之為人奚若。子曰。由之勇賢於丘也。曰	001	也  曰 子 路 之 為 人 奚 若  子 曰  由 之 勇 賢 於 丘 也  曰 
ZH_X14_0292_001:0608a24	子張之為人奚若。子曰師之莊賢於丘也。子夏避	001	子 張 之 為 人 奚 若  子 曰 師 之 莊 賢 於 丘 也  子 夏 避 
ZH_X14_0292_001:0608b01	席而問曰。然則四子者何為事夫子。曰居吾語汝。	001	席 而 問 曰  然 則 四 子 者 何 為 事 夫 子  曰 居 吾 語 汝  
ZH_X14_0292_001:0608b02	夫回能仁而不能反。賜能辨而不能訥。由能勇而	001	夫 回 能 仁 而 不 能 反  賜 能 辨 而 不 能 訥  由 能 勇 而 
ZH_X14_0292_001:0608b03	不能怯。師能莊而不能同。兼四子之有以易吾。吾	001	不 能 怯  師 能 莊 而 不 能 同  兼 四 子 之 有 以 易 吾  吾 
ZH_X14_0292_001:0608b04	弗許也。此其所以事吾而不貳也。	001	弗 許 也  此 其 所 以 事 吾 而 不 貳 也  
ZH_X14_0292_001:0608b05	文殊師利法王子愍諸四眾在大眾中(至)有是非是。	001	文 殊 師 利 法 王 子 愍 諸 四 眾 在 大 眾 中  至  有 是 非 是  
ZH_X14_0292_001:0608b06	水中之乳難辯。語中之心難分。殊曰。大眾不悟如	001	水 中 之 乳 難 辯  語 中 之 心 難 分  殊 曰  大 眾 不 悟 如 
ZH_X14_0292_001:0608b07	來發明二種精見。色空是義。故有驚怖。物象見精。	001	來 發 明 二 種 精 見  色 空 是 義  故 有 驚 怖  物 象 見 精  
ZH_X14_0292_001:0608b08	元是何物。於其中間。無是非是。世尊弄這許多圈	001	元 是 何 物  於其中間  無 是 非 是  世 尊 弄 這 許 多 圈 
ZH_X14_0292_001:0608b09	套。一場敗缺。却被文殊覰破漏逗。識出根源。世尊	001	套  一 場 敗 缺  却 被 文 殊 覰 破 漏 逗  識 出 根 源  世 尊 
ZH_X14_0292_001:0608b10	被問。如老鼠入牛角。無有轉身處。實情吐露於文	001	被 問  如 老 鼠 入 牛 角  無 有 轉 身 處  實 情 吐 露 於 文 
ZH_X14_0292_001:0608b11	殊面前。此是十方如來。諸大菩薩。自住三摩地中。	001	殊 面 前  此 是 十 方 如 來  諸 大 菩 薩  自 住 三 摩 地 中  
ZH_X14_0292_001:0608b12	若是并所想相。如虗空華。本無所有。可見如來千	001	若 是 并 所 想 相  如 虗 空 華  本 無 所 有  可 見 如 來 千 
ZH_X14_0292_001:0608b13	言活句。皆是作聲。肝膓盡吐。融貫一心。風驚霧起。	001	言 活 句  皆 是 作 聲  肝 膓 盡 吐  融 貫 一 心  風 驚 霧 起  
ZH_X14_0292_001:0608b14	馳蕩不休。香象所負。非驢所堪。是故鴉鳴鵲噪。皆	001	馳 蕩 不 休  香 象 所 負  非 驢 所 堪  是 故 鴉 鳴 鵲 噪  皆 
ZH_X14_0292_001:0608b15	讀楞嚴。松濤谷響。分心分見。會見歸心。劍去久矣。	001	讀 楞 嚴  松 濤 谷 響  分 心 分 見  會 見 歸 心  劍 去 久 矣  
ZH_X14_0292_001:0608b16	覔見尋心。新羅鷂過。若非文殊檢點。則被釋迦老	001	覔 見 尋 心  新 羅 鷂 過  若 非 文 殊 檢 點  則 被 釋 迦 老 
ZH_X14_0292_001:0608b17	子幻到未來劫有甚了期。說到於此不覺絕倒。抱	001	子 幻 到 未 來 劫 有 甚 了 期  說 到 於 此 不 覺 絕 倒  抱 
ZH_X14_0292_001:0608b18	玉者聯肩。握珠者踵武耳。	001	玉 者 聯 肩  握 珠 者 踵 武 耳  
ZH_X14_0292_001:0608b19	文殊吾今問汝如汝文殊更有文殊是文殊者為無	001	文 殊 吾 今 問 汝 如 汝 文 殊 更 有 文 殊 是 文 殊 者 為 無 
ZH_X14_0292_001:0608b20	文殊(至)出指非指。	001	文 殊  至  出 指 非 指  
ZH_X14_0292_001:0608b21	還識得世尊這個問頭。落在甚麼處。疑殺天下人。	001	還 識 得 世 尊 這 個 問 頭  落 在 甚 麼 處  疑 殺 天 下 人  
ZH_X14_0292_001:0608b22	如汝文殊。更有文殊。是文殊者。為無文殊。文殊答	001	如 汝 文 殊  更 有 文 殊  是 文 殊 者  為 無 文 殊  文 殊 答 
ZH_X14_0292_001:0608b23	曰。如是世尊。我真文殊。無是文殊。何以故。若有是	001	曰  如 是 世 尊  我 真 文 殊  無 是 文 殊  何 以 故  若 有 是 
ZH_X14_0292_001:0608b24	者。則二文殊矣。然我今日。非無文殊。於中實無是	001	者  則 二 文 殊 矣  然 我 今 日  非 無 文 殊  於 中 實 無 是 
ZH_X14_0292_001:0608c01	非二相。然則世尊所問。如汝等四句語。及文殊所	001	非 二 相  然 則 世 尊 所 問  如 汝 等 四 句 語  及 文 殊 所 
ZH_X14_0292_001:0608c02	答真文殊。無是非二相。即今於中檢點。孰是孰非。	001	答 真 文 殊  無 是 非 二 相  即 今 於 中 檢 點  孰 是 孰 非  
ZH_X14_0292_001:0608c03	孰真孰假。可謂文殊點出眼來覰看。即今文殊現	001	孰 真 孰 假  可 謂 文 殊 點 出 眼 來 覰 看  即 今 文 殊 現 
ZH_X14_0292_001:0608c04	在。何故如來有此一問。文殊有此所答。若謂文殊	001	在  何 故 如 來 有 此 一 問  文 殊 有 此 所 答  若 謂 文 殊 
ZH_X14_0292_001:0608c05	即真。不別如來所問。若謂文殊即非。亦要辯明於	001	即 真  不 別 如 來 所 問  若 謂 文 殊 即 非  亦 要 辯 明 於 
ZH_X14_0292_001:0608c06	如來。世尊不致空自喪身失命。檢點將來。若道鼻	001	如 來  世 尊 不 致 空 自 喪 身 失 命  檢 點 將 來  若 道 鼻 
ZH_X14_0292_001:0608c07	孔元非兩樣。即今如來自如來。文殊自文殊。若謂	001	孔 元 非 兩 樣  即 今 如 來 自 如 來  文 殊 自 文 殊  若 謂 
ZH_X14_0292_001:0608c08	是一。如來不可謂文殊。文殊不可謂如來也。分別	001	是 一  如 來 不 可 謂 文 殊  文 殊 不 可 謂 如 來 也  分 別 
ZH_X14_0292_001:0608c09	分別看。不可文殊作如來。如來作文殊也。亦不可	001	分 別 看  不 可 文 殊 作 如 來  如 來 作 文 殊 也  亦 不 可 
ZH_X14_0292_001:0608c10	以筆尖頭上點出文殊。亦不可謂。如來口中露出	001	以 筆 尖 頭 上 點 出 文 殊  亦 不 可 謂  如 來 口 中 露 出 
ZH_X14_0292_001:0608c11	文殊之相。離此二途。任爾道看。昔高峰已悟拖死	001	文 殊 之 相  離 此 二 途  任 爾 道 看  昔 高 峰 已 悟 拖 死 
ZH_X14_0292_001:0608c12	屍句。雪巖云。日間浩浩時還作得主麼。答云作得	001	屍 句  雪 巖 云  日 間 浩 浩 時 還 作 得 主 麼  答 云 作 得 
ZH_X14_0292_001:0608c13	主。睡夢中作得主。答云作得主。正睡無夢無想。無	001	主  睡 夢 中 作 得 主  答 云 作 得 主  正 睡 無 夢 無 想  無 
ZH_X14_0292_001:0608c14	見無聞。主在甚麼處。到這裏直得無言可對。無理	001	見 無 聞  主 在 甚 麼 處  到 這 裏 直 得 無 言 可 對  無 理 
ZH_X14_0292_001:0608c15	可申。五歲方破疑團。覺範曰離是非相無增語故。	001	可 申  五 歲 方 破 疑 團  覺 範 曰 離 是 非 相 無 增 語 故  
ZH_X14_0292_001:0608c16	如一真精妙覺明性之中。離是非二見。無剩語故。	001	如 一 真 精 妙 覺 明 性 之 中  離 是 非 二 見  無 剩 語 故  
ZH_X14_0292_001:0608c17	如來揀定是非是義。昭然示之。如塗毒鼓。遠近聞	001	如 來 揀 定 是 非 是 義  昭 然 示 之  如 塗 毒 鼓  遠 近 聞 
ZH_X14_0292_001:0608c18	者皆喪。出是非是。結擇精見色空是非是義也。昔	001	者 皆 喪  出 是 非 是  結 擇 精 見 色 空 是 非 是 義 也  昔 
ZH_X14_0292_001:0608c19	夏馥以聲名。為中官所忌。遂被誣陷。詔下州郡。捕	001	夏 馥 以 聲 名  為 中 官 所 忌  遂 被 誣 陷  詔 下 州 郡  捕 
ZH_X14_0292_001:0608c20	為黨魁。馥乃自翦鬚變形。為冶家傭。親突煙炭。形	001	為 黨 魁  馥 乃 自 翦 鬚 變 形  為 冶 家 傭  親 突 煙 炭  形 
ZH_X14_0292_001:0608c21	貌毀瘁。弟靜於涅陽市遇馥不識。聞其言聲。乃覺	001	貌 毀 瘁  弟 靜 於 涅 陽 市 遇 馥 不 識  聞 其 言 聲  乃 覺 
ZH_X14_0292_001:0608c22	而拜之。	001	而 拜 之  
ZH_X14_0292_001:0608c23	阿難白佛言世尊誠如法王所說。	001	阿 難 白 佛 言 世 尊 誠 如 法 王 所 說  
ZH_X14_0292_001:0608c24	阿難疑外道。亦談真我。徧滿十方。常說自然。有何	001	阿 難 疑 外 道  亦 談 真 我  徧 滿 十 方  常 說 自 然  有 何 
ZH_X14_0292_001:0609a01	差別。復請開示。世尊即以分別明暗空塞之見。而	001	差 別  復 請 開 示  世 尊 即 以 分 別 明 暗 空 塞 之 見  而 
ZH_X14_0292_001:0609a02	為自然耶。因緣耶。見性耶。阿難可於明暗空塞之	001	為 自 然 耶  因 緣 耶  見 性 耶  阿 難 可 於 明 暗 空 塞 之 
ZH_X14_0292_001:0609a03	間。一一分明指出因緣自然見性來看。何者是精	001	間  一 一 分 明 指 出 因 緣 自 然 見 性 來 看  何 者 是 精 
ZH_X14_0292_001:0609a04	覺妙明之體。所放光明。而照見空塞明暗乎。還是	001	覺 妙 明 之 體  所放光明  而 照 見 空 塞 明 暗 乎  還 是 
ZH_X14_0292_001:0609a05	明暗空塞而分別因緣自然乎。文殊一日令善財	001	明 暗 空 塞 而 分 別 因 緣 自 然 乎  文 殊 一 日 令 善 財 
ZH_X14_0292_001:0609a06	採藥。是藥者採將來。善財徧觀大地。無不是藥者。	001	採 藥  是 藥 者 採 將 來  善 財 徧 觀 大 地  無 不 是 藥 者  
ZH_X14_0292_001:0609a07	却來白曰。無有不是藥者。殊曰。是藥者採將來。善	001	却 來 白 曰  無 有 不 是 藥 者  殊 曰  是 藥 者 採 將 來  善 
ZH_X14_0292_001:0609a08	財遂於地上拈一莖艸。度與文殊。殊接得在手。呈	001	財 遂 於 地 上 拈 一 莖 艸  度 與 文 殊  殊 接 得 在 手  呈 
ZH_X14_0292_001:0609a09	起示眾曰。此藥亦能殺人。亦能活人。	001	起 示 眾 曰  此 藥 亦 能 殺 人  亦 能 活 人  
ZH_X14_0292_001:0609a10	阿難白佛言世尊必妙覺性。	001	阿 難 白 佛 言 世 尊 必 妙 覺 性  
ZH_X14_0292_001:0609a11	釋迦老子鼓兩片皮。終日與人分見分心。把數千	001	釋 迦 老 子 鼓 兩 片 皮  終 日 與 人 分 見 分 心  把 數 千 
ZH_X14_0292_001:0609a12	言。融作一見。塞斷一切人咽喉。令人囫圇吞吐。前	001	言  融 作 一 見  塞 斷 一 切 人 咽 喉  令 人 囫 圇 吞 吐  前 
ZH_X14_0292_001:0609a13	說吾不見時。何不見吾不見之處。今說見見之時。	001	說 吾 不 見 時  何 不 見 吾 不 見 之 處  今 說 見 見 之 時  
ZH_X14_0292_001:0609a14	見非是見。或謂三種光。四種見。而得於見。然則境	001	見 非 是 見  或 謂 三 種 光  四 種 見  而 得 於 見  然 則 境 
ZH_X14_0292_001:0609a15	無能動之見。見無能動之心。心有能觀之功為見。	001	無 能 動 之 見  見 無 能 動 之 心  心 有 能 觀 之 功 為 見  
ZH_X14_0292_001:0609a16	見無能動之相為影。影為心之所露。見為心之分	001	見 無 能 動 之 相 為 影  影 為 心 之 所 露  見 為 心 之 分 
ZH_X14_0292_001:0609a17	別。故能露於境者分別。能分別於見者為心。心中	001	別  故 能 露 於 境 者 分 別  能 分 別 於 見 者 為 心  心 中 
ZH_X14_0292_001:0609a18	不可無動。動則不可無心。故有可觀之跡。而有能觀	001	不 可 無 動  動 則 不 可 無 心  故 有 可 觀 之 跡  而 有 能 觀 
ZH_X14_0292_001:0609a19	之影。象跡圓音。豈無能觀之見。而見境中之象。以	001	之 影  象 跡 圓 音  豈 無 能 觀 之 見  而 見 境 中 之 象  以 
ZH_X14_0292_001:0609a20	心融見。以見融心。豈可以思議心。而格不思議之	001	心 融 見  以 見 融 心  豈 可 以 思 議 心  而 格 不 思 議 之 
ZH_X14_0292_001:0609a21	語乎。謂之見見之時。是故見中分見。而融不思議	001	語 乎  謂 之 見 見 之 時  是 故 見 中 分 見  而 融 不 思 議 
ZH_X14_0292_001:0609a22	之見者。故曰見非是見。不可混於可觀之見也。彼	001	之 見 者  故 曰 見 非 是 見  不 可 混 於 可 觀 之 見 也  彼 
ZH_X14_0292_001:0609a23	此相離。故曰見猶離見。見之所不能及者。還為誰	001	此 相 離  故 曰 見 猶 離 見  見 之 所 不 能 及 者  還 為 誰 
ZH_X14_0292_001:0609a24	耶。可於此處分別看。宿習忽現。不覺淋漓滿紙。昔	001	耶  可 於 此 處 分 別 看  宿 習 忽 現  不 覺 淋 漓 滿 紙  昔 
ZH_X14_0292_001:0609b01	索虗靜。不應州郡之命。太守陰澹常造焉。經日忘	001	索 虗 靜  不 應 州 郡 之 命  太 守 陰 澹 常 造 焉  經 日 忘 
ZH_X14_0292_001:0609b02	返。退而歎曰。世人之所有餘者性中富貴也。而目	001	返  退 而 歎 曰  世 人 之 所 有 餘 者 性 中 富 貴 也  而 目 
ZH_X14_0292_001:0609b03	好五色。耳玩音聲。先生棄眾人之所收。收眾人之	001	好 五 色  耳 玩 音 聲  先 生 棄 眾 人 之 所 收  收 眾 人 之 
ZH_X14_0292_001:0609b04	所棄。味無味於恍惚之際。兼重玄於眾妙之內。宅	001	所 棄  味 無 味 於 恍 惚 之 際  兼 重 玄 於 眾 妙 之 內  宅 
ZH_X14_0292_001:0609b05	不彌畝。而志忽九州。形居塵俗。而棲心天外。雖黔	001	不 彌 畝  而 志 忽 九 州  形 居 塵 俗  而 棲 心 天 外  雖 黔 
ZH_X14_0292_001:0609b06	婁之高遠。莊生之不顧。蔑以加也。遂諡為玄居先	001	婁 之 高 遠  莊 生 之 不 顧  蔑 以 加 也  遂 諡 為 玄 居 先 
ZH_X14_0292_001:0609b07	生。	001	生  
ZH_X14_0292_001:0609b08	阿難白佛言世尊如佛世尊(一章)。	001	阿 難 白 佛 言 世 尊 如 佛 世 尊  一 章   
ZH_X14_0292_001:0609b09	如來云。我四十九年。未嘗曾說一字。即今一見而	001	如 來 云  我 四 十 九 年  未 嘗 曾 說 一 字  即 今 一 見 而 
ZH_X14_0292_001:0609b10	說千言。最初云。若不識知心目所在。則不能降伏	001	說 千 言  最 初 云  若 不 識 知 心 目 所 在  則 不 能 降 伏 
ZH_X14_0292_001:0609b11	塵勞。已經細細分析。見中之心。心中之見。於中可	001	塵 勞  已 經 細 細 分 析  見 中 之 心  心 中 之 見  於 中 可 
ZH_X14_0292_001:0609b12	與一一拈將出來。誰為見中之心。誰是心中之見。	001	與 一 一 拈 將 出 來  誰 為 見 中 之 心  誰 是 心 中 之 見  
ZH_X14_0292_001:0609b13	釋迦老子惑亂人心。終日分心分見。及至於今。又	001	釋 迦 老 子 惑 亂 人 心  終 日 分 心 分 見  及 至 於 今  又 
ZH_X14_0292_001:0609b14	說個妄見分別。由二顛倒。當處發生。當業輪轉。燈	001	說 個 妄 見 分 別  由 二 顛 倒  當 處 發 生  當 業 輪 轉  燈 
ZH_X14_0292_001:0609b15	光圓影。皆屬眚觀。見病為影。揑所成故。此喻見之	001	光 圓 影  皆 屬 眚 觀  見 病 為 影  揑 所 成 故  此 喻 見 之 
ZH_X14_0292_001:0609b16	不明。揑所成故。前後自語相違。然則若非見而能	001	不 明  揑 所 成 故  前 後 自語相違  然 則 若 非 見 而 能 
ZH_X14_0292_001:0609b17	融於心。安得見如來嘵嘵之辯。而懸解於文字之	001	融 於 心  安 得 見 如 來 嘵 嘵 之 辯  而 懸 解 於 文 字 之 
ZH_X14_0292_001:0609b18	外。脫於文字之表。如來家活大。門戶大。法性寬。波	001	外  脫 於 文 字 之 表  如 來 家 活 大  門 戶 大  法 性 寬  波 
ZH_X14_0292_001:0609b19	瀾濶。為一大爐鞴。終日烹佛烹祖。煅鍊一切眾生。	001	瀾 濶  為 一 大 爐 鞴  終 日 烹 佛 烹 祖  煅 鍊 一 切 眾 生  
ZH_X14_0292_001:0609b20	故以一見字為一金剛王劍。縱橫殺活。斬砍自由。	001	故 以 一 見 字 為 一 金 剛 王 劍  縱 橫 殺 活  斬 砍 自 由  
ZH_X14_0292_001:0609b21	如淮陰破楚。連下七十餘城。莫敢當其鋒利者。如	001	如 淮 陰 破 楚  連 下 七 十 餘 城  莫 敢 當 其 鋒 利 者  如 
ZH_X14_0292_001:0609b22	來以一見而融數千之語。點綴文詞。揑見融心。伎	001	來 以 一 見 而 融 數 千 之 語  點 綴 文 詞  揑 見 融 心  伎 
ZH_X14_0292_001:0609b23	倆纔盡。直如太虗纖雲。了無所有。皆是一切眾生。	001	倆 纔 盡  直 如 太 虗 纖 雲  了 無 所 有  皆 是 一 切 眾 生  
ZH_X14_0292_001:0609b24	當處出生。當業輪轉。復以二喻以釋於見。別業同	001	當 處 出 生  當 業 輪 轉  復 以 二 喻 以 釋 於 見  別 業 同 
ZH_X14_0292_001:0609c01	分。目眚燈光。以見病為眚。見亦非病。以揑見故為	001	分  目 眚 燈 光  以 見 病 為 眚  見 亦 非 病  以 揑 見 故 為 
ZH_X14_0292_001:0609c02	眚。若離燈見。眚影皆空。見與見緣。覺見俱為眚故。	001	眚  若 離 燈 見  眚 影 皆 空  見 與 見 緣  覺 見 俱 為 眚 故  
ZH_X14_0292_001:0609c03	是以若能分別覺緣。此實為之真見。見眚俱消。燈	001	是 以 若 能 分 別 覺 緣  此 實 為 之 真 見  見 眚 俱 消  燈 
ZH_X14_0292_001:0609c04	影皆滅。故曰覺非眚中。真見元不在覺。揑見之妄	001	影 皆 滅  故 曰 覺 非 眚 中  真 見 元 不 在 覺  揑 見 之 妄 
ZH_X14_0292_001:0609c05	已空。不祥元無見故。是以十類眾生。唯認見聞覺	001	已 空  不 祥 元 無 見 故  是 以 十 類 眾 生  唯 認 見 聞 覺 
ZH_X14_0292_001:0609c06	知。不悟分別覺緣。彼見真精。性非根見。根見之疑	001	知  不 悟 分 別 覺 緣  彼 見 真 精  性 非 根 見  根 見 之 疑 
ZH_X14_0292_001:0609c07	以釋。如來獨露融心之辯。巧說密說如海水之一	001	以 釋  如 來 獨 露 融 心 之 辯  巧 說 密 說 如 海 水 之 一 
ZH_X14_0292_001:0609c08	滴。為濤為瀾。為波為淵。觀其吐納。如夙將登壇。而	001	滴  為 濤 為 瀾  為 波 為 淵  觀 其 吐 納  如 夙 將 登 壇  而 
ZH_X14_0292_001:0609c09	極風雲之思。餘霞散綺。初蕋之含芳。皆如來辭諺	001	極 風 雲 之 思  餘 霞 散 綺  初 蕋 之 含 芳  皆 如 來 辭 諺 
ZH_X14_0292_001:0609c10	之述。豈有妄能和合於生死耶。揑見如幻影。生死	001	之 述  豈 有 妄 能 和 合 於 生 死 耶  揑 見 如 幻 影  生 死 
ZH_X14_0292_001:0609c11	如空華。無妄而能合和。自能分別為真見耳。	001	如 空 華  無 妄 而 能 合 和  自 能 分 別 為 真 見 耳  
ZH_X14_0292_001:0609c12	阿難汝雖先悟本覺妙明性非因緣。	001	阿 難 汝 雖 先 悟 本 覺 妙 明 性 非 因 緣  
ZH_X14_0292_001:0609c13	如來云。未嘗與明暗通塞和合。未嘗不與明暗通	001	如 來 云  未 嘗 與 明 暗 通 塞 和 合  未 嘗 不 與 明 暗 通 
ZH_X14_0292_001:0609c14	塞和合。亦是兩頭語。通身露出於明暗通塞之上。	001	塞 和 合  亦 是 兩 頭 語  通 身 露 出 於 明 暗 通 塞 之 上  
ZH_X14_0292_001:0609c15	而分別明暗通塞者誰。故入明暗通塞。而諦觀誰	001	而 分 別 明 暗 通 塞 者 誰  故 入 明 暗 通 塞  而 諦 觀 誰 
ZH_X14_0292_001:0609c16	為是見。而念念分別通塞明暗耶。趙州和尚。一日	001	為 是 見  而 念 念 分 別 通 塞 明 暗 耶  趙 州 和 尚  一 日 
ZH_X14_0292_001:0609c17	在東司上。見文遠過。遂喚云文遠。遠應喏。州云東	001	在 東 司 上  見 文 遠 過  遂 喚 云 文 遠  遠 應 喏  州 云 東 
ZH_X14_0292_001:0609c18	司上不可與你說佛法。	001	司 上 不 可 與 你 說 佛 法  
ZH_X14_0292_001:0609c19	阿難汝猶未明一切浮塵諸幻化相當處出生隨處	001	阿 難 汝 猶 未 明 一 切 浮 塵 諸 幻 化 相 當 處 出 生 隨 處 
ZH_X14_0292_001:0609c20	滅盡幻妄稱相。	001	滅 盡 幻 妄 稱 相  
ZH_X14_0292_001:0609c21	釋迦老子。與阿難問答。數千轉語。阿難不能下一	001	釋 迦 老 子  與 阿 難 問 答  數 千 轉 語  阿 難 不 能 下 一 
ZH_X14_0292_001:0609c22	轉語。截斷老和尚舌根。塞住咽喉。直說到未來劫。	001	轉 語  截 斷 老 和 尚 舌 根  塞 住 咽 喉  直 說 到 未 來 劫  
ZH_X14_0292_001:0609c23	有甚了期。被仰山道如來禪。祖師禪。禪到於今。總	001	有 甚 了 期  被 仰 山 道 如 來 禪  祖 師 禪  禪 到 於 今  總 
ZH_X14_0292_001:0609c24	是一切眾生咽喉中。流出來的。浮塵諸幻化相。當	001	是 一 切 眾 生 咽 喉 中  流 出 來 的  浮 塵 諸 幻 化 相  當 
ZH_X14_0292_001:0610a01	處出生。隨處滅盡。窮盡五陰。六入十二處十八界	001	處 出 生  隨 處 滅 盡  窮 盡 五 陰  六 入 十 二 處 十 八 界 
ZH_X14_0292_001:0610a02	還知這兩句說的。盡底欣翻。已前數千語句。令一	001	還 知 這 兩 句 說 的  盡 底 欣 翻  已 前 數 千 語 句  令 一 
ZH_X14_0292_001:0610a03	切眾生無不喪身失命。釋迦老子揑見尋心。弄一	001	切 眾 生 無 不 喪 身 失 命  釋 迦 老 子 揑 見 尋 心  弄 一 
ZH_X14_0292_001:0610a04	切人。七顛八倒。雖然如是。佳餚弗食。焉知其味。至	001	切 人  七 顛 八 倒  雖 然 如 是  佳 餚 弗 食  焉 知 其 味  至 
ZH_X14_0292_001:0610a05	道弗學。安識其深。古人道覿面相呈。猶是鈍漢。口	001	道 弗 學  安 識 其 深  古 人 道 覿 面 相 呈  猶 是 鈍 漢  口 
ZH_X14_0292_001:0610a06	喃喃地。不消一钁。會麼。不是禪。不是道。不是佛。不	001	喃 喃 地  不 消 一 钁  會 麼  不 是 禪  不 是 道  不 是 佛  不 
ZH_X14_0292_001:0610a07	是法。是甚麼靈鋒寶劍。常露現前。亦能殺人。亦能	001	是 法  是 甚 麼 靈 鋒 寶 劍  常 露 現 前  亦 能 殺 人  亦 能 
ZH_X14_0292_001:0610a08	活人。若能操持。一任操持。若也出場。定當須箇漢	001	活 人  若 能 操 持  一 任 操 持  若 也 出 場  定 當 須 箇 漢 
ZH_X14_0292_001:0610a09	始得。梵語塞健陀。此云陰。又云蘊鉢羅吠奢。此云	001	始 得  梵 語 塞 健 陀  此 云 陰  又 云 蘊 鉢 羅 吠 奢  此 云 
ZH_X14_0292_001:0610a10	入。阿也怛那此云處。駄都此云界。以其能盖覆真	001	入  阿 也 怛 那 此 云 處  駄 都 此 云 界  以 其 能 盖 覆 真 
ZH_X14_0292_001:0610a11	性曰陰。根取塵曰入。根塵相生而成曰處。根塵識	001	性 曰 陰  根 取 塵 曰 入  根 塵 相 生 而 成 曰 處  根 塵 識 
ZH_X14_0292_001:0610a12	三互相因而立曰界。然陰入與處界。皆非實有。故	001	三 互 相 因 而 立 曰 界  然 陰 入 與 處 界  皆 非 實 有  故 
ZH_X14_0292_001:0610a13	下文一一破之。若知陰入處界生滅去來本如來	001	下 文 一 一 破 之  若 知 陰 入 處 界 生 滅 去 來 本 如 來 
ZH_X14_0292_001:0610a14	藏妙真如性。則迷悟生死了不可得。	001	藏 妙 真 如 性  則 迷 悟 生 死 了 不 可 得  
