segmentnr	original	folio	analyzed
ZH_X68_1319_018:0696a15	御製後序	018	御 製 後 序 
ZH_X68_1319_018:0696a16	朕少年時喜閱內典。惟慕有為佛事。於諸公案總以	018	朕 少 年 時 喜 閱 內 典  惟 慕 有 為 佛 事  於 諸 公 案 總 以 
ZH_X68_1319_018:0696a17	解路推求。心輕禪宗。謂如來正教不應如是。	018	解 路 推 求  心 輕 禪 宗  謂 如 來 正 教 不 應 如 是  
ZH_X68_1319_018:0696a18	聖祖勅封灌頂普慧廣慈大國師章嘉呼土克圖剌	018	聖 祖 勅 封 灌 頂 普 慧 廣 慈 大 國 師 章 嘉 呼 土 克 圖 剌 
ZH_X68_1319_018:0696a19	麻。乃真再來人。實大善知識也。梵行精純。圓通無礙。	018	麻  乃 真 再 來 人  實 大 善 知 識 也  梵 行 精 純  圓 通 無 礙  
ZH_X68_1319_018:0696a20	西藏．蒙古．中外諸土之所歸依。僧俗萬眾之所欽仰。	018	西 藏  蒙 古  中 外 諸 土 之 所 歸 依  僧 俗 萬 眾 之 所 欽 仰  
ZH_X68_1319_018:0696a21	藩邸清閒。時接茶話者十餘載。得其善權方便。因知	018	藩 邸 清 閒  時 接 茶 話 者 十 餘 載  得 其 善權方便  因 知 
ZH_X68_1319_018:0696a22	究竟此事。　壬辰春正月。延僧坐七。二十．二十一隨喜	018	究 竟 此 事   壬 辰 春 正 月  延 僧 坐 七  二 十  二 十 一 隨 喜 
ZH_X68_1319_018:0696a23	同坐兩日。共五枝香。即洞達本來。方知惟此一事實	018	同 坐 兩 日  共 五 枝 香  即 洞 達 本 來  方 知 惟 此 一 事 實 
ZH_X68_1319_018:0696a24	之理。然自知未造究竟。而迦陵音乃踊躍讚嘆。遂謂	018	之 理  然 自 知 未 造 究 竟  而 迦 陵 音 乃 踊 躍 讚 嘆  遂 謂 
ZH_X68_1319_018:0696b01	已徹元微。儱侗稱許。叩問章嘉。乃曰。若王所見。如針	018	已 徹 元 微  儱 侗 稱 許  叩 問 章 嘉  乃 曰  若 王 所 見  如 針 
ZH_X68_1319_018:0696b02	破紙窗。從隙窺天。雖云見天。然天體廣大。針隙中之	018	破 紙 窗  從 隙 窺 天  雖 云 見 天  然 天 體 廣 大  針 隙 中 之 
ZH_X68_1319_018:0696b03	見。可謂徧見乎。佛法無邊。當勉進步。朕聞斯語。深洽	018	見  可 謂 徧 見 乎  佛 法 無 邊  當 勉 進 步  朕 聞 斯 語  深 洽 
ZH_X68_1319_018:0696b04	朕意。　二月中。復結制於集雲堂。著力參求。十四日晚。	018	朕 意   二 月 中  復 結 制 於 集 雲 堂  著 力 參 求  十 四 日 晚  
ZH_X68_1319_018:0696b05	經行次。出得一身透汗。桶底當下脫落。始知實有重	018	經 行 次  出 得 一 身 透 汗  桶 底 當 下 脫 落  始 知 實 有 重 
ZH_X68_1319_018:0696b06	關之理。乃復問證章嘉。章嘉國師云。王今見處雖進	018	關 之 理  乃 復 問 證 章 嘉  章 嘉 國 師 云  王 今 見 處 雖 進 
ZH_X68_1319_018:0696b07	一步。譬猶出在庭院中觀天矣。然天體無盡。究未悉	018	一 步  譬 猶 出 在 庭 院 中 觀 天 矣  然 天 體 無 盡  究 未 悉 
ZH_X68_1319_018:0696b08	見。法體無量。當更加勇猛精進云云。　朕將章嘉示語	018	見  法 體 無 量  當 更 加 勇猛精進 云 云   朕 將 章 嘉 示 語 
ZH_X68_1319_018:0696b09	問之迦陵音。則茫然不解其意。但支吾云。此不過剌	018	問 之 迦 陵 音  則 茫 然 不 解 其 意  但 支 吾 云  此 不 過 剌 
ZH_X68_1319_018:0696b10	麻教回途工夫之論。更有何事。而朕諦信章嘉之垂	018	麻 教 回 途 工 夫 之 論  更 有 何 事  而 朕 諦 信 章 嘉 之 垂 
ZH_X68_1319_018:0696b11	示。而不然性音之妄可。仍勤提撕。恰至明年癸巳之	018	示  而 不 然 性 音 之 妄 可  仍 勤 提 撕  恰 至 明 年 癸 巳 之 
ZH_X68_1319_018:0696b12	正月二十一日。復堂中靜坐。無意中忽蹋末後一關。	018	正 月 二 十 一 日  復 堂 中 靜 坐  無 意 中 忽 蹋 末 後 一 關  
ZH_X68_1319_018:0696b13	方達三身四智合一之理。物我一如本空之道。慶快	018	方 達 三 身 四 智 合 一 之 理  物 我 一 如 本 空 之 道  慶 快 
ZH_X68_1319_018:0696b14	平生。　詣章嘉所禮謝。國師望見。即曰。王得大自在矣。	018	平 生   詣 章 嘉 所 禮 謝  國 師 望 見  即 曰  王 得 大 自 在 矣  
ZH_X68_1319_018:0696b15	朕進問更有事也無。國師乃笑。展手云。更有何事耶。	018	朕 進 問 更 有 事 也 無  國 師 乃 笑  展 手 云  更 有 何 事 耶  
ZH_X68_1319_018:0696b16	復用手從外向身揮云。不過尚有恁麼之理。然易事	018	復 用 手 從 外 向 身 揮 云  不 過 尚 有 恁 麼 之 理  然 易 事 
ZH_X68_1319_018:0696b17	耳。此朕平生參究因緣。　章嘉呼土克圖國師剌麻實	018	耳  此 朕 平 生 參 究 因 緣   章 嘉 呼 土 克 圖 國 師 剌 麻 實 
ZH_X68_1319_018:0696b18	為朕證明恩師也。其他禪侶輩不過曾在朕藩邸往	018	為 朕 證 明 恩 師 也  其 他 禪 侶 輩 不 過 曾 在 朕 藩 邸 往 
ZH_X68_1319_018:0696b19	來。壬辰癸巳間坐七時。曾與法會耳。迦陵性音之得	018	來  壬 辰 癸 巳 間 坐 七 時  曾 與 法 會 耳  迦 陵 性 音 之 得 
ZH_X68_1319_018:0696b20	見朕也。乃朕初欲隨喜結七。因柏林方丈年老。問及	018	見 朕 也  乃 朕 初 欲 隨 喜 結 七  因 柏 林 方 丈 年 老  問 及 
ZH_X68_1319_018:0696b21	都中堂頭。僉云。只有千佛音禪師。乃命召至。既見。問	018	都 中 堂 頭  僉 云  只 有 千 佛 音 禪 師  乃 命 召 至  既 見  問 
ZH_X68_1319_018:0696b22	難甚久。其伎倆未能令朕發一疑情。迫窘詰屈。但云。	018	難 甚 久  其 伎 倆 未 能 令 朕 發 一 疑 情  迫 窘 詰 屈  但 云  
ZH_X68_1319_018:0696b23	王爺解路過於大慧杲。貧衲實無計柰何矣。　朕笑云。	018	王 爺 解 路 過 於 大 慧 杲  貧 衲 實 無 計 柰 何 矣   朕 笑 云  
ZH_X68_1319_018:0696b24	汝等只管打七。余且在傍隨喜。　爾時醒發因緣已具	018	汝 等 只 管 打 七  余 且 在 傍 隨 喜   爾 時 醒 發 因 緣 已 具 
ZH_X68_1319_018:0696c01	述如左。若謂性音默用神力。能令朕五枝香了明此	018	述 如 左  若 謂 性 音 默 用 神 力  能 令 朕 五 枝 香 了 明 此 
ZH_X68_1319_018:0696c02	事。何得奔波一生。開堂數處而不能得一人。妄付十	018	事  何 得 奔 波 一 生  開 堂 數 處 而 不 能 得 一 人  妄 付 十 
ZH_X68_1319_018:0696c03	數庸徒耶。　向後性音惟勸朕研辨五家宗旨。朕問。五	018	數 庸 徒 耶   向 後 性 音 惟 勸 朕 研 辨 五 家 宗 旨  朕 問  五 
ZH_X68_1319_018:0696c04	家宗旨如何研辨。　音云。宗旨須待口傳。　朕意是何言	018	家 宗 旨 如 何 研 辨   音 云  宗 旨 須 待 口 傳   朕 意 是 何 言 
ZH_X68_1319_018:0696c05	歟。口傳耳受豈是拈花別傳之旨。堂堂丈夫豈肯拾	018	歟  口 傳 耳 受 豈 是 拈 花 別 傳 之 旨  堂 堂 丈 夫 豈 肯 拾 
ZH_X68_1319_018:0696c06	人涕唾。從茲棄置語錄。不復再覽者二十年。此府中	018	人 涕 唾  從 茲 棄 置 語 錄  不 復 再 覽 者 二 十 年  此 府 中 
ZH_X68_1319_018:0696c07	宮中人人之所盡知者。　夫五家宗旨。同是曹溪一味。	018	宮 中 人 人 之 所 盡 知 者   夫 五 家 宗 旨  同 是 曹 溪 一 味  
ZH_X68_1319_018:0696c08	不過權移更換面目接人。究之皆是無義味語。所為	018	不 過 權 移 更 換 面 目 接 人  究 之 皆 是 無 義 味 語  所 為 
ZH_X68_1319_018:0696c09	毒藥醍醐攪成一器。黃金瓦礫融作一團。用處無差。	018	毒 藥 醍 醐 攪 成 一 器  黃 金 瓦 礫 融 作 一 團  用 處 無 差  
ZH_X68_1319_018:0696c10	拈來有準。並皆一代之宗師。百世之模楷。柰庸流不	018	拈 來 有 準  並 皆 一 代 之 宗 師  百 世 之 模 楷  柰 庸 流 不 
ZH_X68_1319_018:0696c11	了自心。累他塗污有分。鼓動識情。橫生法執。謬加穿	018	了 自 心  累 他 塗 污 有 分  鼓 動 識 情  橫 生 法 執  謬 加 穿 
ZH_X68_1319_018:0696c12	鑿。取笑傍觀。明眼人前不堪舉似。因見性音諄諄於	018	鑿  取 笑 傍 觀  明 眼 人 前 不 堪 舉 似  因 見 性 音 諄 諄 於 
ZH_X68_1319_018:0696c13	此。是乃逐語分宗。齊文定旨也。甚輕其未能了徹。如	018	此  是 乃 逐 語 分 宗  齊 文 定 旨 也  甚 輕 其 未 能 了 徹  如 
ZH_X68_1319_018:0696c14	使性音明知之。而勸朕於此打之遶。更是何心行也。	018	使 性 音 明 知 之  而 勸 朕 於 此 打 之 遶  更 是 何 心 行 也  
ZH_X68_1319_018:0696c15	則其限於見地可知矣。如達摩傳衣偈云。一花開五	018	則 其 限 於 見 地 可 知 矣  如 達 摩 傳 衣 偈 云  一 花 開 五 
ZH_X68_1319_018:0696c16	葉。結果自然成。後世附會其說。以為五葉者。五宗也。	018	葉  結 果 自 然 成  後 世 附 會 其 說  以 為 五 葉 者  五 宗 也  
ZH_X68_1319_018:0696c17	夫傳衣止於曹溪。則是從慧可而下五世矣。因震旦	018	夫 傳 衣 止 於 曹 溪  則 是 從 慧 可 而 下 五 世 矣  因 震 旦 
ZH_X68_1319_018:0696c18	信心已熟。法周沙界。衣乃爭端。不復用以表信。達摩．	018	信 心 已 熟  法 周 沙 界  衣 乃 爭 端  不 復 用 以 表 信  達 摩  
ZH_X68_1319_018:0696c19	黃梅之言具在。由可至能。豈非五葉。後來萬派同源。	018	黃 梅 之 言 具 在  由 可 至 能  豈 非 五 葉  後 來 萬 派 同 源  
ZH_X68_1319_018:0696c20	豈非結果自然成耶。何得以五宗當之。　且傳衣公案。	018	豈 非 結 果 自 然 成 耶  何 得 以 五 宗 當 之   且 傳 衣 公 案  
ZH_X68_1319_018:0696c21	世多囫圇吞棗。全未明白。世尊至多子塔前。命摩訶	018	世 多 囫 圇 吞 棗  全 未 明 白  世 尊 至 多 子 塔 前  命 摩 訶 
ZH_X68_1319_018:0696c22	迦葉分座令坐。以僧伽黎圍之。遂告曰。吾以正法眼	018	迦 葉 分 座 令 坐  以 僧 伽 黎 圍 之  遂 告 曰  吾 以 正 法 眼 
ZH_X68_1319_018:0696c23	藏密付於汝。汝當護持。繼又告迦葉。吾將金縷僧伽	018	藏 密 付 於 汝  汝 當 護 持  繼 又 告 迦 葉  吾 將 金 縷 僧 伽 
ZH_X68_1319_018:0696c24	黎衣傳付於汝。轉授補處。至慈氏佛出世。勿令朽壞。	018	黎 衣 傳 付 於 汝  轉 授 補 處  至 慈 氏 佛 出 世  勿 令 朽 壞  
ZH_X68_1319_018:0697a01	世尊所分之座。究是何座。僧伽黎究是何物。如云即	018	世 尊 所 分 之 座  究 是 何 座  僧 伽 黎 究 是 何 物  如 云 即 
ZH_X68_1319_018:0697a02	是此金縷僧伽黎衣。從迦葉傳至六祖者。豈有自周	018	是 此 金 縷 僧 伽 黎 衣  從 迦 葉 傳 至 六 祖 者  豈 有 自 周 
ZH_X68_1319_018:0697a03	昭王至梁武帝時尚不朽壞。即屬異寶。不可思議。便	018	昭 王 至 梁 武 帝 時 尚 不 朽 壞  即 屬 異 寶  不可思議  便 
ZH_X68_1319_018:0697a04	能常存世間。又與正法眼藏有何交涉。且自六祖以	018	能 常 存 世 間  又 與 正 法 眼 藏 有 何 交 涉  且 自 六 祖 以 
ZH_X68_1319_018:0697a05	後。何以又復消泯。世尊明言至慈氏佛出世。勿令朽	018	後  何 以 又 復 消 泯  世 尊 明 言 至 慈 氏 佛 出 世  勿 令 朽 
ZH_X68_1319_018:0697a06	壞。乃未至唐時即已無存。豈世尊妄語誑語耶。且以	018	壞  乃 未 至 唐 時 即 已 無 存  豈 世 尊 妄 語 誑 語 耶  且 以 
ZH_X68_1319_018:0697a07	僧伽黎圍迦葉者。又是何意。　總之。未悟正法眼藏。從	018	僧 伽 黎 圍 迦 葉 者  又 是 何 意   總 之  未 悟 正 法 眼 藏  從 
ZH_X68_1319_018:0697a08	何推測。人必明取僧伽黎定然留得到慈氏出世之	018	何 推 測  人 必 明 取 僧 伽 黎 定 然 留 得 到 慈 氏 出 世 之 
ZH_X68_1319_018:0697a09	故。然後可與論傳衣之事。何得支離穿鑿。妄定宗旨。	018	故  然 後 可 與 論 傳 衣 之 事  何 得 支 離 穿 鑿  妄 定 宗 旨  
ZH_X68_1319_018:0697a10	更以五宗牽合附會耶。況五宗前後參差。亦非一時。	018	更 以 五 宗 牽 合 附 會 耶  況 五 宗 前 後 參 差  亦 非 一 時  
ZH_X68_1319_018:0697a11	即五宗所明。同是大圓覺性。宗若有五。性亦當有五	018	即 五 宗 所 明  同 是 大 圓 覺 性  宗 若 有 五  性 亦 當 有 五 
ZH_X68_1319_018:0697a12	矣。古人專為勦情絕見。惟恐一門路熟。又復情見熾	018	矣  古 人 專 為 勦 情 絕 見  惟 恐 一 門 路 熟  又 復 情 見 熾 
ZH_X68_1319_018:0697a13	然。是以別出一番手眼。使人悟取。眾生心不能緣於	018	然  是 以 別 出 一 番 手 眼  使 人 悟 取  眾 生 心 不 能 緣 於 
ZH_X68_1319_018:0697a14	般若之上。今乃轉以情見分別之。埋沒古人不少。　朕	018	般 若 之 上  今 乃 轉 以 情 見 分 別 之  埋 沒 古 人 不 少   朕 
ZH_X68_1319_018:0697a15	既深明本旨。只圖真實以辦平生。豈肯被伊牽絆葛	018	既 深 明 本 旨  只 圖 真 實 以 辦 平 生  豈 肯 被 伊 牽 絆 葛 
ZH_X68_1319_018:0697a16	藤窠也。因一年之後。自清涼山回。宗教兩不拈提。迨	018	藤 窠 也  因 一 年 之 後  自 清 涼 山 回  宗 教 兩 不 拈 提  迨 
ZH_X68_1319_018:0697a17	即位以來。十年不見一僧。未嘗涉及禪之一字。蓋此	018	即 位 以 來  十 年 不 見 一 僧  未 嘗 涉 及 禪 之 一 字  蓋 此 
ZH_X68_1319_018:0697a18	事。實明者少。逐塊之流。徒勞延佇。求名之輩。更長業	018	事  實 明 者 少  逐 塊 之 流  徒 勞 延 佇  求 名 之 輩  更 長 業 
ZH_X68_1319_018:0697a19	緣。而世間井底蛙又必妄生議論。朕愍諸有情無知	018	緣  而 世 間 井 底 蛙 又 必 妄 生 議 論  朕 愍 諸 有 情 無 知 
ZH_X68_1319_018:0697a20	愚陋。恐其因此造諸謗般若大罪孽。不談之意。良非	018	愚 陋  恐 其 因 此 造 諸 謗 般 若 大 罪 孽  不 談 之 意  良 非 
ZH_X68_1319_018:0697a21	偶然。　今見去聖日遠。宗風掃地。正法眼藏垂絕如綫。	018	偶 然   今 見 去 聖 日 遠  宗 風 掃 地  正 法 眼 藏 垂 絕 如 綫  
ZH_X68_1319_018:0697a22	又不忍當朕世而聽其滔滔日下也。乃選輯從上宗	018	又 不 忍 當 朕 世 而 聽 其 滔 滔 日 下 也  乃 選 輯 從 上 宗 
ZH_X68_1319_018:0697a23	師喫緊為人之語刊示天下後世。使之擺脫生死根	018	師 喫 緊 為 人 之 語 刊 示 天 下 後 世  使 之 擺 脫 生 死 根 
ZH_X68_1319_018:0697a24	塵。掀翻輪迴陷穽。學者當知。朕今此舉。實為佛祖慧	018	塵  掀 翻 輪 迴 陷 穽  學 者 當 知  朕 今 此 舉  實 為 佛 祖 慧 
ZH_X68_1319_018:0697b01	命所繫。不惜眉毛拖地。非與十方常住行脚秉拂之	018	命 所 繫  不 惜 眉 毛 拖 地  非 與 十 方 常 住 行 脚 秉 拂 之 
ZH_X68_1319_018:0697b02	徒較論見地短長。朕此選出。莫又緝緝聚頭。妄論是	018	徒 較 論 見 地 短 長  朕 此 選 出  莫 又 緝 緝 聚 頭  妄 論 是 
ZH_X68_1319_018:0697b03	何宗派。却與朕莫交涉在。　天下宗徒能為自己一大	018	何 宗 派  却 與 朕 莫 交 涉 在   天 下 宗 徒 能 為 自 己 一 大 
ZH_X68_1319_018:0697b04	事勇猛精進。如救頭然。立雪不寒。斷臂無痛。自然黑	018	事 勇猛精進  如 救 頭 然  立 雪 不 寒  斷 臂 無 痛  自 然 黑 
ZH_X68_1319_018:0697b05	漆桶攔空撲破。玉麒麟就地勒回。那時方省得朕此	018	漆 桶 攔 空 撲 破  玉 麒 麟 就 地 勒 回  那 時 方 省 得 朕 此 
ZH_X68_1319_018:0697b06	一番話墮無量慈悲。如或此心不真不誠。不苦不切。	018	一 番 話 墮 無 量 慈 悲  如 或 此 心 不 真 不 誠  不 苦 不 切  
ZH_X68_1319_018:0697b07	但從語言文字放出見聞覺知。任情卜度。細意推求。	018	但 從 語 言 文 字 放 出 見聞覺知  任 情 卜 度  細 意 推 求  
ZH_X68_1319_018:0697b08	此一則是臨濟宗。那一則是曹洞派。起模畫樣。滯相	018	此 一 則 是 臨 濟 宗  那 一 則 是 曹 洞 派  起 模 畫 樣  滯 相 
ZH_X68_1319_018:0697b09	執緣。以此求契求證。所為將空塞空。徒使朕與從上	018	執 緣  以 此 求 契 求 證  所 為 將 空 塞 空  徒 使 朕 與 從 上 
ZH_X68_1319_018:0697b10	諸古德百千方便。亦如取聲鎖向匣中。吹網欲令氣	018	諸 古 德 百 千 方 便  亦 如 取 聲 鎖 向 匣 中  吹 網 欲 令 氣 
ZH_X68_1319_018:0697b11	滿耳。豈不鈍置人耶。　朕在藩邸時亦以本分事接人。	018	滿 耳  豈 不 鈍 置 人 耶   朕 在 藩 邸 時 亦 以 本 分 事 接 人  
ZH_X68_1319_018:0697b12	不無漏逗。所有語句並已刊入圓明居士語錄卷內。	018	不 無 漏 逗  所 有 語 句 並 已 刊 入 圓 明 居 士 語 錄 卷 內  
ZH_X68_1319_018:0697b13	此外並無一則機緣流布人世。況朕身居帝王之位。	018	此 外 並 無 一 則 機 緣 流 布 人 世  況 朕 身 居 帝 王 之 位  
ZH_X68_1319_018:0697b14	口宣佛祖之心。天下後世理障深重者。必以教外別	018	口 宣 佛 祖 之 心  天 下 後 世 理 障 深 重 者  必 以 教 外 別 
ZH_X68_1319_018:0697b15	傳之旨未經周公．孔子評定。懷疑而不肯信。然此其	018	傳 之 旨 未 經 周 公  孔 子 評 定  懷 疑 而 不 肯 信  然 此 其 
ZH_X68_1319_018:0697b16	為害猶淺。若夫外託禪宗。心希榮利之輩。必有千般	018	為 害 猶 淺  若 夫 外 託 禪 宗  心 希 榮 利 之 輩  必 有 千 般 
ZH_X68_1319_018:0697b17	誑惑。百種聱訛。或曾在藩邸望見顏色。或曾於法侶	018	誑 惑  百 種 聱 訛  或 曾 在 藩 邸 望 見 顏 色  或 曾 於 法 侶 
ZH_X68_1319_018:0697b18	傳述緒言。便如骨巖木陳之流。揑飾妄詞。私相紀載。	018	傳 述 緒 言  便 如 骨 巖 木 陳 之 流  揑 飾 妄 詞  私 相 紀 載  
ZH_X68_1319_018:0697b19	以無為有。恣意矜誇。刊刻流行。煽惑觀聽。此等之人。	018	以 無 為 有  恣 意 矜 誇  刊 刻 流 行  煽 惑 觀 聽  此 等 之 人  
ZH_X68_1319_018:0697b20	既為佛法所不容。更為國法所宜禁。發覺之日。即以	018	既 為 佛 法 所 不 容  更 為 國 法 所 宜 禁  發 覺 之 日  即 以 
ZH_X68_1319_018:0697b21	詐為制書律論。　朕今此舉。實以教外別傳將墜於地。	018	詐 為 制 書 律 論   朕 今 此 舉  實 以 教 外 別 傳 將 墜 於 地  
ZH_X68_1319_018:0697b22	不得已而為此。至於宗門能殺能活。能縱能奪之趣。	018	不 得 已 而 為 此  至 於 宗 門 能 殺 能 活  能 縱 能 奪 之 趣  
ZH_X68_1319_018:0697b23	皆由宗師所參不謬。所悟無垠。如千里駒。隨意舉步	018	皆 由 宗 師 所 參 不 謬  所 悟 無 垠  如 千 里 駒  隨 意 舉 步 
ZH_X68_1319_018:0697b24	便是追風逐日。其不可及者。皆其所不自知。苟存一	018	便 是 追 風 逐 日  其 不 可 及 者  皆 其 所 不 自 知  苟 存 一 
ZH_X68_1319_018:0697c01	與奪自在。擒縱無偏之見於八識田內。則人法不空。	018	與 奪 自 在  擒 縱 無 偏 之 見 於 八 識 田 內  則 人 法 不 空  
ZH_X68_1319_018:0697c02	能所交接。其與魔外有何分別。　茲選之有正集．外集．	018	能 所 交 接  其 與 魔 外 有 何 分 別   茲 選 之 有 正 集  外 集  
ZH_X68_1319_018:0697c03	前集．後集。而又諄諄提示。各序其旨於篇端者。專欲	018	前 集  後 集  而 又 諄 諄 提 示  各 序 其 旨 於 篇 端 者  專 欲 
ZH_X68_1319_018:0697c04	學人真參實悟。各得本分正知正見。如象渡河。脚踏	018	學 人 真 參 實 悟  各 得 本 分 正 知 正 見  如 象 渡 河  脚 踏 
ZH_X68_1319_018:0697c05	實地。便能超出三界。而一一具足六度萬行。切莫仍	018	實 地  便 能 超出三界  而 一 一 具 足 六 度 萬 行  切 莫 仍 
ZH_X68_1319_018:0697c06	向此中轉求口頭滑利也。此事不由語言文字分迷	018	向 此 中 轉 求 口 頭 滑 利 也  此 事 不 由 語 言 文 字 分 迷 
ZH_X68_1319_018:0697c07	悟。豈由語言文字定是非。已悟已證者。有語有句。固	018	悟  豈 由 語 言 文 字 定 是 非  已 悟 已 證 者  有 語 有 句  固 
ZH_X68_1319_018:0697c08	能為人解粘去縛。若平生無一則機緣語句傳世者。	018	能 為 人 解 粘 去 縛  若 平 生 無 一 則 機 緣 語 句 傳 世 者  
ZH_X68_1319_018:0697c09	豈得遂謂未悟未證乎。如西天四七。所垂言句甚少。	018	豈 得 遂 謂 未 悟 未 證 乎  如 西 天 四 七  所 垂 言 句 甚 少  
ZH_X68_1319_018:0697c10	東土二三。惟達摩．曹溪尚傳語句。璨大師尚有信心	018	東 土 二 三  惟 達 摩  曹 溪 尚 傳 語 句  璨 大 師 尚 有 信 心 
ZH_X68_1319_018:0697c11	銘一篇。其他二祖．四祖並無一語垂後。豈皆是未悟	018	銘 一 篇  其 他 二 祖  四 祖 並 無 一 語 垂 後  豈 皆 是 未 悟 
ZH_X68_1319_018:0697c12	未證人也。應知何在。　語錄之流傳與否。乃近代宗徒	018	未 證 人 也  應 知 何 在   語 錄 之 流 傳 與 否  乃 近 代 宗 徒 
ZH_X68_1319_018:0697c13	動輒拾取他人涕唾。陳襴葛藤。串合彌縫。偷作自己	018	動 輒 拾 取 他 人 涕 唾  陳 襴 葛 藤  串 合 彌 縫  偷 作 自 己 
ZH_X68_1319_018:0697c14	法語。災棃禍棗。誑惑人家男女。其口頭實能滑利者。	018	法 語  災 棃 禍 棗  誑 惑 人 家 男 女  其 口 頭 實 能 滑 利 者  
ZH_X68_1319_018:0697c15	便鳴鐘擊板。豎拂擎拳。彼建立則我掃蕩。彼掃蕩則	018	便 鳴 鐘 擊 板  豎 拂 擎 拳  彼 建 立 則 我 掃 蕩  彼 掃 蕩 則 
ZH_X68_1319_018:0697c16	我建立。各出妄見爭持。大家一場懡[怡-台+羅]。禮拜者。作出	018	我 建 立  各 出 妄 見 爭 持  大 家 一 場 懡 [怡台羅]  禮 拜 者  作 出 
ZH_X68_1319_018:0697c17	身之活路。棒喝者。成漂墮之黑風。如此心行。稱曰度	018	身 之 活 路  棒 喝 者  成 漂 墮 之 黑 風  如 此 心 行  稱 曰 度 
ZH_X68_1319_018:0697c18	人。佛祖門庭豈不污辱。　又如古人契證無差。每有拈．	018	人  佛 祖 門 庭 豈 不 污 辱   又 如 古 人 契 證 無 差  每 有 拈  
ZH_X68_1319_018:0697c19	代．偈．頌以相印合。今則不然。不於契證處自了自心。	018	代  偈  頌 以 相 印 合  今 則 不 然  不 於 契 證 處 自 了 自 心  
ZH_X68_1319_018:0697c20	但於公案上盲拈瞎頌。剽竊成語。差排牽合。為可解	018	但 於 公 案 上 盲 拈 瞎 頌  剽 竊 成 語  差 排 牽 合  為 可 解 
ZH_X68_1319_018:0697c21	不可解之語。作若通若不通之文。千七百則皆可通	018	不 可 解 之 語  作 若 通 若 不 通 之 文  千 七 百 則 皆 可 通 
ZH_X68_1319_018:0697c22	融。百千萬言無非活套。以此為拈．代．偈．頌。豈不塗污	018	融  百 千 萬 言 無 非 活 套  以 此 為 拈  代  偈  頌  豈 不 塗 污 
ZH_X68_1319_018:0697c23	古人。誤累自己。有何交涉。虗費鑽研。　夫講師詮解教	018	古 人  誤 累 自 己  有 何 交 涉  虗 費 鑽 研   夫 講 師 詮 解 教 
ZH_X68_1319_018:0697c24	典。何嘗不同於如來之語。而不得謂傳如來之心者。	018	典  何 嘗 不 同 於 如 來 之 語  而 不 得 謂 傳 如 來 之 心 者  
ZH_X68_1319_018:0698a01	以心宗非語言文字所可傳。故曰教外別傳。今將教	018	以 心 宗 非 語 言 文 字 所 可 傳  故 曰 教 外 別 傳  今 將 教 
ZH_X68_1319_018:0698a02	外別傳所有公案作文字。則是又成一教外別傳之	018	外 別 傳 所 有 公 案 作 文 字  則 是 又 成 一 教 外 別 傳 之 
ZH_X68_1319_018:0698a03	教典矣。況文字邊事。欲其工妙。亦非聚數十年心力	018	教 典 矣  況 文 字 邊 事  欲 其 工 妙  亦 非 聚 數 十 年 心 力 
ZH_X68_1319_018:0698a04	不能到家。至作得文字好。則此數十年不究本分。可	018	不 能 到 家  至 作 得 文 字 好  則 此 數 十 年 不 究 本 分  可 
ZH_X68_1319_018:0698a05	知教外別傳只是本分二字。安可離却而為此門庭	018	知 教 外 別 傳 只 是 本 分 二 字  安 可 離 却 而 為 此 門 庭 
ZH_X68_1319_018:0698a06	以外事。拈．代．偈．頌四者。頌最為後。學人於頌古切用	018	以 外 事  拈  代  偈  頌 四 者  頌 最 為 後  學 人 於 頌 古 切 用 
ZH_X68_1319_018:0698a07	工夫。遂漸至宗風日墜。此端一開。盡向文字邊作活	018	工 夫  遂 漸 至 宗 風 日 墜  此 端 一 開  盡 向 文 字 邊 作 活 
ZH_X68_1319_018:0698a08	計。趙州所呵枝蔓上生枝蔓。正為此輩。　至乃子孫。稍	018	計  趙 州 所 呵 枝 蔓 上 生 枝 蔓  正 為 此 輩   至 乃 子 孫  稍 
ZH_X68_1319_018:0698a09	得世榮。便欲將祖父言句夤緣入藏。不思千古自有	018	得 世 榮  便 欲 將 祖 父 言 句 夤 緣 入 藏  不 思 千 古 自 有 
ZH_X68_1319_018:0698a10	明眼人。豈得欺盡謾盡。夫本為利益將來。流芳百世。	018	明 眼 人  豈 得 欺 盡 謾 盡  夫 本 為 利 益 將 來  流 芳 百 世  
ZH_X68_1319_018:0698a11	夤緣入藏。而乃忘其貽誤後人。遺臭萬年也。何苦夤	018	夤 緣 入 藏  而 乃 忘 其 貽 誤 後 人  遺 臭 萬 年 也  何 苦 夤 
ZH_X68_1319_018:0698a12	緣。自貽伊戚。平素一無所事。喫得飯飽。長連床上三	018	緣  自 貽 伊 戚  平 素 一 無 所 事  喫 得 飯 飽  長 連 床 上 三 
ZH_X68_1319_018:0698a13	三五五握管伸紙。商量作一部好語錄垂後。縱使句	018	三 五 五 握 管 伸 紙  商 量 作 一 部 好 語 錄 垂 後  縱 使 句 
ZH_X68_1319_018:0698a14	句如初祖所說。亦乃餿羮餲飯。與靈覺有何交涉。況	018	句 如 初 祖 所 說  亦 乃 餿 羮 餲 飯  與 靈 覺 有 何 交 涉  況 
ZH_X68_1319_018:0698a15	此實非學問之所能及。思慮之所能到。何苦造大罪	018	此 實 非 學 問 之 所 能 及  思 慮 之 所 能 到  何 苦 造 大 罪 
ZH_X68_1319_018:0698a16	孽同於謗佛。古人云。佛法不怕爛却。又云。但得成佛。	018	孽 同 於 謗 佛  古 人 云  佛 法 不 怕 爛 却  又 云  但 得 成 佛  
ZH_X68_1319_018:0698a17	不愁不會說法。朕願天下宗徒。參則實參。悟則實悟。	018	不 愁 不 會 說 法  朕 願 天 下 宗 徒  參 則 實 參  悟 則 實 悟  
ZH_X68_1319_018:0698a18	此是菩提道場。其中無求名利處。於此尚不無污染。	018	此 是 菩提道場  其 中 無 求 名 利 處  於 此 尚 不 無 污 染  
ZH_X68_1319_018:0698a19	可見從初發心便非真實為生死出家也。若為名利。	018	可 見 從 初 發 心 便 非 真 實 為 生 死 出 家 也  若 為 名 利  
ZH_X68_1319_018:0698a20	何如耕農。作一孝弟力田之民。不然應試。作一科舉	018	何 如 耕 農  作 一 孝 弟 力 田 之 民  不 然 應 試  作 一 科 舉 
ZH_X68_1319_018:0698a21	文學之士。留此宗門。以待真正發心參學之人。免致	018	文 學 之 士  留 此 宗 門  以 待 真 正 發 心 參 學 之 人  免 致 
ZH_X68_1319_018:0698a22	塗污佛祖之慧命。　朕閱指月錄．正法眼藏．禪宗正脈．	018	塗 污 佛 祖 之 慧 命   朕 閱 指 月 錄  正 法 眼 藏  禪 宗 正 脈  
ZH_X68_1319_018:0698a23	教外別傳諸書。所選古德機緣語句。皆錯雜不倫。至	018	教 外 別 傳 諸 書  所 選 古 德 機 緣 語 句  皆 錯 雜 不 倫  至 
ZH_X68_1319_018:0698a24	於迦陵音所選宗統一絲者。尤為乖謬。古人語句。專	018	於 迦 陵 音 所 選 宗 統 一 絲 者  尤 為 乖 謬  古 人 語 句  專 
ZH_X68_1319_018:0698b01	為開人迷雲。後人選輯。專為垂諸久遠。今乃挨門逐	018	為 開 人 迷 雲  後 人 選 輯  專 為 垂 諸 久 遠  今 乃 挨 門 逐 
ZH_X68_1319_018:0698b02	戶拾取剩遺。或珠或璣。或金或鍮。或絲或布。或柴或	018	戶 拾 取 剩 遺  或 珠 或 璣  或 金 或 鍮  或 絲 或 布  或 柴 或 
ZH_X68_1319_018:0698b03	草。或瓦或礫。或垢或膩。一家強收一物入籠中。更自	018	草  或 瓦 或 礫  或 垢 或 膩  一 家 強 收 一 物 入 籠 中  更 自 
ZH_X68_1319_018:0698b04	誇曰秉公。何庸愚之甚也。但圖人人有分。個個不遺。	018	誇 曰 秉 公  何 庸 愚 之 甚 也  但 圖 人 人 有 分  個 個 不 遺  
ZH_X68_1319_018:0698b05	紛紜雜陳。撩亂錯出。蝌斗與神龍並游。野狐與師子	018	紛 紜 雜 陳  撩 亂 錯 出  蝌 斗 與 神 龍 並 游  野 狐 與 師 子 
ZH_X68_1319_018:0698b06	齊吼。飽參者尚或一時目迷。況初學之人。豈不觀之	018	齊 吼  飽 參 者 尚 或 一 時 目 迷  況 初 學 之 人  豈 不 觀 之 
ZH_X68_1319_018:0698b07	而愈惑。求之而愈遠。其為毒害。奚可勝言。此選朕近	018	而 愈 惑  求 之 而 愈 遠  其 為 毒 害  奚 可 勝 言  此 選 朕 近 
ZH_X68_1319_018:0698b08	日方見。未料性音昏憒卑鄙至於此極也。至於取本	018	日 方 見  未 料 性 音 昏 憒 卑 鄙 至 於 此 極 也  至 於 取 本 
ZH_X68_1319_018:0698b09	朝開堂說法之衲僧平生所有亂統。各各人編一則。	018	朝 開 堂 說 法 之 衲 僧 平 生 所 有 亂 統  各 各 人 編 一 則  
ZH_X68_1319_018:0698b10	錯雜不堪。謂之宗統一絲。直接西天四七。東土二三。	018	錯 雜 不 堪  謂 之 宗 統 一 絲  直 接 西 天 四 七  東 土 二 三  
ZH_X68_1319_018:0698b11	真令人笑之齒冷。若然。則禪宗之統。實危如一絲也。	018	真 令 人 笑 之 齒 冷  若 然  則 禪 宗 之 統  實 危 如 一 絲 也  
ZH_X68_1319_018:0698b12	其意不過取媚同門參學之徒。俾惑其選錄伊祖父	018	其 意 不 過 取 媚 同 門 參 學 之 徒  俾 惑 其 選 錄 伊 祖 父 
ZH_X68_1319_018:0698b13	言句入集。以為榮華。此何異世間澆薄士子。彼此標	018	言 句 入 集  以 為 榮 華  此 何 異 世 間 澆 薄 士 子  彼 此 標 
ZH_X68_1319_018:0698b14	榜選刻文字。自稱名士乎。噫。可為宗風太息流涕者	018	榜 選 刻 文 字  自 稱 名 士 乎  噫  可 為 宗 風 太 息 流 涕 者 
ZH_X68_1319_018:0698b15	矣。　如朕於涌泉欣．天衣懷．韶國師等古德語句。寶之	018	矣   如 朕 於 涌 泉 欣  天 衣 懷  韶 國 師 等 古 德 語 句  寶 之 
ZH_X68_1319_018:0698b16	如摩尼夜光。赤刀大貝。而諸書所載極少。徧求不可	018	如 摩 尼 夜 光  赤 刀 大 貝  而 諸 書 所 載 極 少  徧 求 不 可 
ZH_X68_1319_018:0698b17	復得。蓋瞿汝稷輩。自然皆是性音心行。既雜取下等	018	復 得  蓋 瞿 汝 稷 輩  自 然 皆 是 性 音 心 行  既 雜 取 下 等 
ZH_X68_1319_018:0698b18	語句。又畏繁多。自然將真正師範至言轉播棄之而	018	語 句  又 畏 繁 多  自 然 將 真 正 師 範 至 言 轉 播 棄 之 而 
ZH_X68_1319_018:0698b19	不惜。歷年既久。漸以無傳。良可歎惋。因念從上古德	018	不 惜  歷 年 既 久  漸 以 無 傳  良 可 歎 惋  因 念 從 上 古 德 
ZH_X68_1319_018:0698b20	不肯以佛法當人情。一任香火歇絕。不妄付拂者。其	018	不 肯 以 佛 法 當 人 情  一 任 香 火 歇 絕  不 妄 付 拂 者  其 
ZH_X68_1319_018:0698b21	與盲傳盲受。祇圖支派蕃衍之人。高下相去。天地懸	018	與 盲 傳 盲 受  祇 圖 支 派 蕃 衍 之 人  高 下 相 去  天 地 懸 
ZH_X68_1319_018:0698b22	隔。　夫慧命絕續。正同父子。但與身體髮膚之稟受。其	018	隔   夫 慧 命 絕 續  正 同 父 子  但 與 身 體 髮 膚 之 稟 受  其 
ZH_X68_1319_018:0698b23	理相不可強同。雖瓣香所承。定不容昧。但如朕所採	018	理 相 不 可 強 同  雖 瓣 香 所 承  定 不 容 昧  但 如 朕 所 採 
ZH_X68_1319_018:0698b24	語句中諸禪師。現在已無法嗣者。天下宗徒之祖父	018	語 句 中 諸 禪 師  現 在 已 無 法 嗣 者  天 下 宗 徒 之 祖 父 
ZH_X68_1319_018:0698c01	豈得不從此摸著鼻孔。是則亦為伊祖父生身之所	018	豈 得 不 從 此 摸 著 鼻 孔  是 則 亦 為 伊 祖 父 生 身 之 所 
ZH_X68_1319_018:0698c02	自也。凡為嗣續。正當飲水思源。柰何各立門庭。同於	018	自 也  凡 為 嗣 續  正 當 飲 水 思 源  柰 何 各 立 門 庭  同 於 
ZH_X68_1319_018:0698c03	世間種族。趙甲之家不祀錢乙之祖。橫分畛域。各守	018	世 間 種 族  趙 甲 之 家 不 祀 錢 乙 之 祖  橫 分 畛 域  各 守 
ZH_X68_1319_018:0698c04	封疆。況伊輩盲傳盲受。並未大死大活。有何法乳。所	018	封 疆  況 伊 輩 盲 傳 盲 受  並 未 大 死 大 活  有 何 法 乳  所 
ZH_X68_1319_018:0698c05	報何恩。倘從此選中諸禪師垂示處得個入頭。是乃	018	報 何 恩  倘 從 此 選 中 諸 禪 師 垂 示 處 得 個 入 頭  是 乃 
ZH_X68_1319_018:0698c06	瓣香法乳之恩。理宜酬答者也。如或未能。則姑如先	018	瓣 香 法 乳 之 恩  理 宜 酬 答 者 也  如 或 未 能  則 姑 如 先 
ZH_X68_1319_018:0698c07	聖先賢列祀學宮之例。使人人致敬。要亦未為不可。	018	聖 先 賢 列 祀 學 宮 之 例  使 人 人 致 敬  要 亦 未 為 不 可  
ZH_X68_1319_018:0698c08	天下叢林古剎衲子。除各自供養伊本支祖父外。應	018	天 下 叢 林 古 剎 衲 子  除 各 自 供 養 伊 本 支 祖 父 外  應 
ZH_X68_1319_018:0698c09	將從來拔萃古德一一設位於堂。朝夕供養禮拜。使	018	將 從 來 拔 萃 古 德 一 一 設 位 於 堂  朝 夕 供 養 禮 拜  使 
ZH_X68_1319_018:0698c10	其香火絕而復續。徧滿震旦。不但為後世真參實學	018	其 香 火 絕 而 復 續  徧 滿 震 旦  不 但 為 後 世 真 參 實 學 
ZH_X68_1319_018:0698c11	者勸。亦報本酬源之正舉。再者。從上祖師設呵佛罵	018	者 勸  亦 報 本 酬 源 之 正 舉  再 者  從 上 祖 師 設 呵 佛 罵 
ZH_X68_1319_018:0698c12	祖之路。蓋為學人聖見不除。則觸途成礙。苟不向脚	018	祖 之 路  蓋 為 學 人 聖 見 不 除  則 觸 途 成 礙  苟 不 向 脚 
ZH_X68_1319_018:0698c13	跟下。如斬一握絲。一斬一齊斷。則見相橫前。仍沿此	018	跟 下  如 斬 一 握 絲  一 斬 一 齊 斷  則 見 相 橫 前  仍 沿 此 
ZH_X68_1319_018:0698c14	岸。　夫如來直指靈鑑心體。不特破根塵相對之妄。亦	018	岸   夫 如 來 直 指 靈 鑑 心 體  不 特 破 根 塵 相 對 之 妄  亦 
ZH_X68_1319_018:0698c15	乃破離妄絕對之真。真妄兩途。皆眾生無始以來之	018	乃 破 離 妄 絕 對 之 真  真 妄 兩 途  皆 眾 生 無 始 以 來 之 
ZH_X68_1319_018:0698c16	見病。大善知識透天透地。泯妄泯真。是以掃空生佛	018	見 病  大 善 知 識 透 天 透 地  泯 妄 泯 真  是 以 掃 空 生 佛 
ZH_X68_1319_018:0698c17	之虗華。蕩盡妄真之閒說。喫緊為人。無柰立此呵佛	018	之 虗 華  蕩 盡 妄 真 之 閒 說  喫 緊 為 人  無 柰 立 此 呵 佛 
ZH_X68_1319_018:0698c18	罵祖之說。所謂以慈悲之故。而有落草之談也。其實	018	罵 祖 之 說  所 謂 以 慈 悲 之 故  而 有 落 草 之 談 也  其 實 
ZH_X68_1319_018:0698c19	水月道場。空花萬行中。此等語言何處安著。如德山	018	水 月 道 場  空 花 萬 行 中  此 等 語 言 何 處 安 著  如 德 山 
ZH_X68_1319_018:0698c20	鑒。平生語句都無可取。一味狂見恣肆。乃性音選宗	018	鑒  平 生 語 句 都 無 可 取  一 味 狂 見 恣 肆  乃 性 音 選 宗 
ZH_X68_1319_018:0698c21	統一絲。採其二條內。一條載去前後語言。專錄其辱	018	統 一 絲  採 其 二 條 內  一 條 載 去 前 後 語 言  專 錄 其 辱 
ZH_X68_1319_018:0698c22	罵佛祖不堪之詞。如市井無賴小人詬誶。實令人驚	018	罵 佛 祖 不 堪 之 詞  如 市 井 無 賴 小 人 詬 誶  實 令 人 驚 
ZH_X68_1319_018:0698c23	訝。不解其是何心行。將以此開示學人耶。是何為耶。	018	訝  不 解 其 是 何 心 行  將 以 此 開 示 學 人 耶  是 何 為 耶  
ZH_X68_1319_018:0698c24	近世宗徒未踏門庭。先決堤岸。一腔私意。唯恐若不	018	近 世 宗 徒 未 踏 門 庭  先 決 堤 岸  一 腔 私 意  唯 恐 若 不 
ZH_X68_1319_018:0699a01	呵佛罵祖。則非宗門。強作解事。學人饒舌。狐行象跡。	018	呵 佛 罵 祖  則 非 宗 門  強 作 解 事  學 人 饒 舌  狐 行 象 跡  
ZH_X68_1319_018:0699a02	鴞學鳳音。是何言歟。是何言歟。　釋子既以佛祖為祖	018	鴞 學 鳳 音  是 何 言 歟  是 何 言 歟   釋 子 既 以 佛 祖 為 祖 
ZH_X68_1319_018:0699a03	父。豈得信口譏訶。譬如家之逆子。國之逆臣。豈有不	018	父  豈 得 信 口 譏 訶  譬 如 家 之 逆 子  國 之 逆 臣  豈 有 不 
ZH_X68_1319_018:0699a04	人神共嫉。天地不容者。閻羅面前刀山劍樹。專為此	018	人 神 共 嫉  天 地 不 容 者  閻 羅 面 前 刀 山 劍 樹  專 為 此 
ZH_X68_1319_018:0699a05	輩而設。極宜猛省。如南泉願牧水牯牛公案最為下	018	輩 而 設  極 宜 猛 省  如 南 泉 願 牧 水 牯 牛 公 案 最 為 下 
ZH_X68_1319_018:0699a06	品。因南泉願頗有本分之語。是以朕未加訶斥。而性	018	品  因 南 泉 願 頗 有 本 分 之 語  是 以 朕 未 加 訶 斥  而 性 
ZH_X68_1319_018:0699a07	音則於其他語句概置不錄。所錄二條。其一即是此	018	音 則 於 其 他 語 句 概 置 不 錄  所 錄 二 條  其 一 即 是 此 
ZH_X68_1319_018:0699a08	條。具此凡眼。有何聖見可除。輒敢見人呵佛罵祖。便	018	條  具 此 凡 眼  有 何 聖 見 可 除  輒 敢 見 人 呵 佛 罵 祖  便 
ZH_X68_1319_018:0699a09	生歡喜採輯。鴟鼠嗜糞。斯之謂矣。又如大慧杲云今	018	生 歡 喜 採 輯  鴟 鼠 嗜 糞  斯 之 謂 矣  又 如 大 慧 杲 云 今 
ZH_X68_1319_018:0699a10	時宗師為人。入室三五徧。辨白不出。却教他說悟處。	018	時 宗 師 為 人  入 室 三 五 徧  辨 白 不 出  却 教 他 說 悟 處  
ZH_X68_1319_018:0699a11	若恁麼地。如何為人等語。此論大誤。從來如永嘉一	018	若 恁 麼 地  如 何 為 人 等 語  此 論 大 誤  從 來 如 永 嘉 一 
ZH_X68_1319_018:0699a12	宿覺之類。祇因當時但知教乘。初闡禪宗。所以一言	018	宿 覺 之 類  祇 因 當 時 但 知 教 乘  初 闡 禪 宗  所 以 一 言 
ZH_X68_1319_018:0699a13	半語漏逗本分。皆胸襟流出。便可印合。　自唐季以後。	018	半 語 漏 逗 本 分  皆 胸 襟 流 出  便 可 印 合   自 唐 季 以 後  
ZH_X68_1319_018:0699a14	古德垂示流布海內。人人捃摭攘竊。預備應機。若不	018	古 德 垂 示 流 布 海 內  人 人 捃 摭 攘 竊  預 備 應 機  若 不 
ZH_X68_1319_018:0699a15	入室細扣。知其是何心行。朕亦頗能為人。然實不能	018	入 室 細 扣  知 其 是 何 心 行  朕 亦 頗 能 為 人  然 實 不 能 
ZH_X68_1319_018:0699a16	不令入室三五徧而即悉其底蘊。開堂說法。臨機問	018	不 令 入 室 三 五 徧 而 即 悉 其 底 蘊  開 堂 說 法  臨 機 問 
ZH_X68_1319_018:0699a17	答。固不可無。若止憑一二語以定虗實。此盲傳盲受	018	答  固 不 可 無  若 止 憑 一 二 語 以 定 虗 實  此 盲 傳 盲 受 
ZH_X68_1319_018:0699a18	之根。大慧杲悞人謬論。叢林當為炯戒。況大慧杲既	018	之 根  大 慧 杲 悞 人 謬 論  叢 林 當 為 炯 戒  況 大 慧 杲 既 
ZH_X68_1319_018:0699a19	具如此眼目。所談奇妙法何耶。所得英俊才誰耶。朕	018	具 如 此 眼 目  所 談 奇 妙 法 何 耶  所 得 英 俊 才 誰 耶  朕 
ZH_X68_1319_018:0699a20	實深嘗上乘圓頓甘露之味。非依牆摸壁。率意之亂	018	實 深 嘗 上 乘 圓 頓 甘 露 之 味  非 依 牆 摸 壁  率 意 之 亂 
ZH_X68_1319_018:0699a21	統。既知之無疑。豈忍不報佛祖深恩。因不辭話墮。竭	018	統  既 知 之 無 疑  豈 忍 不 報 佛 祖 深 恩  因 不 辭 話 墮  竭 
ZH_X68_1319_018:0699a22	力為宗門一番整頓。所冀天下禪僧改往修來。英靈	018	力 為 宗 門 一 番 整 頓  所 冀 天 下 禪 僧 改 往 修 來  英 靈 
ZH_X68_1319_018:0699a23	輩出。如朕所選中諸禪師者。唱導十方。使如來正教	018	輩 出  如 朕 所 選 中 諸 禪 師 者  唱 導 十 方  使 如 來 正 教 
ZH_X68_1319_018:0699a24	有振興之象。是則朕之深願。如爾等僧徒仍執迷不	018	有 振 興 之 象  是 則 朕 之 深 願  如 爾 等 僧 徒 仍 執 迷 不 
ZH_X68_1319_018:0699b01	悟。將朕一片慈悲全不領受。仍以無明緇素人我心	018	悟  將 朕 一 片 慈 悲 全 不 領 受  仍 以 無 明 緇 素 人 我 心 
ZH_X68_1319_018:0699b02	會取。如世尊所說三藏十二分。一例束之高閣。則宗	018	會 取  如 世 尊 所 說 三 藏 十 二 分  一 例 束 之 高 閣  則 宗 
ZH_X68_1319_018:0699b03	風之衰。朕亦無如之何矣。選輯既竣。書此以為後序。	018	風 之 衰  朕 亦 無 如 之 何 矣  選 輯 既 竣  書 此 以 為 後 序  
ZH_X68_1319_018:0699b04	雍正十一年癸丑九月朔日	018	雍 正 十 一 年 癸 丑 九 月 朔 日 
ZH_X68_1319_018:0699b06	御選歷代禪師語錄後集下	018	御 選 歷 代 禪 師 語 錄 後 集 下 
ZH_X68_1319_018:0699b07	雪竇重顯禪師	018	雪 竇 重 顯 禪 師 
ZH_X68_1319_018:0699b08	師造智門。即伸問曰。不起一念。云何有過。門召師近	018	師 造 智 門  即 伸 問 曰  不 起 一 念  云 何 有 過  門 召 師 近 
ZH_X68_1319_018:0699b09	前。師纔近前。門以拂子驀口打。師擬開口。門又打。師	018	前  師 纔 近 前  門 以 拂 子 驀 口 打  師 擬 開 口  門 又 打  師 
ZH_X68_1319_018:0699b10	豁然開悟。留止五年。盡得其道。乃復徧參。	018	豁 然 開 悟  留 止 五 年  盡 得 其 道  乃 復 徧 參  
ZH_X68_1319_018:0699b11	師到大龍為知客。一日。問曰。語者默者不是。非語非	018	師 到 大 龍 為 知 客  一 日  問 曰  語 者 默 者 不 是  非 語 非 
ZH_X68_1319_018:0699b12	默更非。總是總不是拈却。大用現前。時人知有。未審	018	默 更 非  總 是 總 不 是 拈 却  大 用 現 前  時 人 知 有  未 審 
ZH_X68_1319_018:0699b13	大龍如何。　龍曰。子有如是見解。　師曰。這老漢瓦解冰	018	大 龍 如 何   龍 曰  子 有 如 是 見 解   師 曰  這 老 漢 瓦 解 冰 
ZH_X68_1319_018:0699b14	消。　龍曰。放你三十棒。師禮拜歸眾。　龍却喚。適來問話	018	消   龍 曰  放 你 三 十 棒  師 禮 拜 歸 眾   龍 却 喚  適 來 問 話 
ZH_X68_1319_018:0699b15	底僧來。師便出。　龍曰。老僧因甚麼瓦解冰消。　師曰。轉	018	底 僧 來  師 便 出   龍 曰  老 僧 因 甚 麼 瓦 解 冰 消   師 曰  轉 
ZH_X68_1319_018:0699b16	見敗闕。　龍作色曰。尀耐。尀耐。師休去。　後舉似南嶽雅	018	見 敗 闕   龍 作 色 曰  尀 耐  尀 耐  師 休 去   後 舉 似 南 嶽 雅 
ZH_X68_1319_018:0699b17	和尚。雅曰。大龍何不與本分草料。　師曰。和尚更須行	018	和 尚  雅 曰  大 龍 何 不 與 本 分 草 料   師 曰  和 尚 更 須 行 
ZH_X68_1319_018:0699b18	脚。	018	脚  
ZH_X68_1319_018:0699b19	問羅漢林曰。法爾不爾。如何指南。　林曰。只為法爾不	018	問 羅 漢 林 曰  法 爾 不 爾  如 何 指 南   林 曰  只 為 法 爾 不 
ZH_X68_1319_018:0699b20	爾。　師曰。大眾記取某甲話頭。拂衣歸眾。　林下堂。却令	018	爾   師 曰  大 眾 記 取 某 甲 話 頭  拂 衣 歸 眾   林 下 堂  却 令 
ZH_X68_1319_018:0699b21	侍者請師至方丈。問。上座適來不肯老僧那。　師曰。和	018	侍 者 請 師 至 方 丈  問  上 座 適 來 不 肯 老 僧 那   師 曰  和 
ZH_X68_1319_018:0699b22	尚當代宗匠。焉敢不肯。　林曰。你為甚拂衣歸眾。　師曰。	018	尚 當 代 宗 匠  焉 敢 不 肯   林 曰  你 為 甚 拂 衣 歸 眾   師 曰  
ZH_X68_1319_018:0699b23	還許某甲說道理也無。　師曰。你說看。師拍一拍下去。	018	還 許 某 甲 說 道 理 也 無   師 曰  你 說 看  師 拍 一 拍 下 去  
ZH_X68_1319_018:0699b24	僧問。遠離翠峰祖席。已臨雪竇道場。未審是一是二。	018	僧 問  遠 離 翠 峰 祖 席  已 臨 雪 竇 道 場  未 審 是 一 是 二  
ZH_X68_1319_018:0699c01	　師曰。馬無千里謾追風。　曰。恁麼則雲散家家月。　師曰。	018	 師 曰  馬 無 千 里 謾 追 風   曰  恁 麼 則 雲 散 家 家 月   師 曰  
ZH_X68_1319_018:0699c02	龍頭蛇尾漢。	018	龍 頭 蛇 尾 漢  
ZH_X68_1319_018:0699c03	師問新到。甚處人。僧提起坐具。　師曰。蝦跳不出斗。　僧	018	師 問 新 到  甚 處 人  僧 提 起 坐 具   師 曰  蝦 跳 不 出 斗   僧 
ZH_X68_1319_018:0699c04	曰。[跳-兆+孛]跳。師便打。　僧曰。更[跳-兆+孛]跳。　師又打。僧便走。師喚回。	018	曰  [跳兆孛]跳師便打僧曰更[跳兆孛] 跳   師 又 打  僧 便 走  師 喚 回  
ZH_X68_1319_018:0699c05	僧作禮曰。觸忤和尚。　師曰。我要這話行。你又走作甚	018	僧 作 禮 曰  觸 忤 和 尚   師 曰  我 要 這 話 行  你 又 走 作 甚 
ZH_X68_1319_018:0699c06	麼。　僧曰。已徧天下了也。師復打五棒。　僧曰。有諸方在。	018	麼   僧 曰  已 徧 天 下 了 也  師 復 打 五 棒   僧 曰  有 諸 方 在  
ZH_X68_1319_018:0699c07	　師曰。你只管喫棒。　師又喚第二底近前來。問。甚處人。	018	 師 曰  你 只 管 喫 棒   師 又 喚 第 二 底 近 前 來  問  甚 處 人  
ZH_X68_1319_018:0699c08	　僧曰。鼎州人。　師曰。敗也。　僧曰。青天白日。　師曰。兩重公	018	 僧 曰  鼎 州 人   師 曰  敗 也   僧 曰  青 天 白 日   師 曰  兩 重 公 
ZH_X68_1319_018:0699c09	案。　僧曰。恰是。　師以拄杖指曰。你擬[跳-兆+孛]跳。僧擬議。師亦	018	案   僧 曰  恰 是   師 以 拄 杖 指 曰  你 擬 [跳兆孛] 跳  僧 擬 議  師 亦 
ZH_X68_1319_018:0699c10	打五棒。　參頭曰。這僧喫棒與某甲不同。　師一時喚近	018	打 五 棒   參 頭 曰  這 僧 喫 棒 與 某 甲 不 同   師 一 時 喚 近 
ZH_X68_1319_018:0699c11	前。僧珍重便走。師隨後與一拄杖。	018	前  僧 珍 重 便 走  師 隨 後 與 一 拄 杖  
ZH_X68_1319_018:0699c12	問僧。名甚麼。　云。義懷。　師云。何不名懷義。　云。當時致得。	018	問 僧  名 甚 麼   云  義 懷   師 云  何 不 名 懷 義   云  當 時 致 得  
ZH_X68_1319_018:0699c13	　師云。誰與汝安著。　云。某甲受戒來十年也。　師云。行脚	018	 師 云  誰 與 汝 安 著   云  某 甲 受 戒 來 十 年 也   師 云  行 脚 
ZH_X68_1319_018:0699c14	費却多小草鞋。　云。和尚莫謾人好。　師云。我也沒量罪	018	費 却 多 小 草 鞋   云  和 尚 莫 謾 人 好   師 云  我 也 沒 量 罪 
ZH_X68_1319_018:0699c15	過。汝作麼生。僧無語。　師云。脫空謾語漢。便打。	018	過  汝 作 麼 生  僧 無 語   師 云  脫 空 謾 語 漢  便 打  
ZH_X68_1319_018:0699c16	僧問。猿抱子歸青嶂裏。鳥銜花落碧巖前。古人意旨	018	僧 問  猿 抱 子 歸 青 嶂 裏  鳥 銜 花 落 碧 巖 前  古 人 意 旨 
ZH_X68_1319_018:0699c17	如何。　曰。夾山猶在。　曰。和尚如何。　曰。依稀似曲纔堪聽。	018	如 何   曰  夾 山 猶 在   曰  和 尚 如 何   曰  依 稀 似 曲 纔 堪 聽  
ZH_X68_1319_018:0699c18	又被風吹別調中。　僧却問。如何是翠峰境。　曰。春至桃	018	又 被 風 吹 別 調 中   僧 却 問  如 何 是 翠 峰 境   曰  春 至 桃 
ZH_X68_1319_018:0699c19	花亦滿溪。僧禮拜。　師曰。山僧今日敗闕。有人點檢得	018	花 亦 滿 溪  僧 禮 拜   師 曰  山 僧 今 日 敗 闕  有 人 點 檢 得 
ZH_X68_1319_018:0699c20	出。許他頂門上具一隻眼。便下座。	018	出  許 他 頂 門 上 具 一 隻 眼  便 下 座  
ZH_X68_1319_018:0699c21	宗首座到。方擬人事。師約住云。既知信之韜略。便須	018	宗 首 座 到  方 擬 人 事  師 約 住 云  既 知 信 之 韜 略  便 須 
ZH_X68_1319_018:0699c22	拱手歸降。　宗云。今日敗闕。　師云。劍刃未施。賊身已露。	018	拱 手 歸 降   宗 云  今 日 敗 闕   師 云  劍 刃 未 施  賊 身 已 露  
ZH_X68_1319_018:0699c23	　宗云。氣急殺人。　師云。敗將不斬。　宗云。是。　師云。禮拜著。	018	 宗 云  氣 急 殺 人   師 云  敗 將 不 斬   宗 云  是   師 云  禮 拜 著  
ZH_X68_1319_018:0699c24	　宗云。三十年後有人舉在。　師云。已放你過。	018	 宗 云  三 十 年 後 有 人 舉 在   師 云  已 放 你 過  
ZH_X68_1319_018:0700a01	與數僧遊山次。見牯牛舉頭。師問。牯牛舉頭作甚麼。	018	與 數 僧 遊 山 次  見 牯 牛 舉 頭  師 問  牯 牛 舉 頭 作 甚 麼  
ZH_X68_1319_018:0700a02	　僧云。怕和尚穿却。　師不肯。自云。看入草底。	018	 僧 云  怕 和 尚 穿 却   師 不 肯  自 云  看 入 草 底  
ZH_X68_1319_018:0700a03	首座寫真。師曰。既是首座。為甚麼却有兩箇。　曰。爭之	018	首 座 寫 真  師 曰  既 是 首 座  為 甚 麼 却 有 兩 箇   曰  爭 之 
ZH_X68_1319_018:0700a04	不足。　師曰。你問我。我與你道。　座擬問。師曰。雪竇門下。	018	不 足   師 曰  你 問 我  我 與 你 道   座 擬 問  師 曰  雪 竇 門 下  
ZH_X68_1319_018:0700a05	雪峰欽山主	018	雪 峰 欽 山 主 
ZH_X68_1319_018:0700a06	上堂。昨日一。今日二。不用思量。快須瞥地。不瞥地。蹉	018	上 堂  昨 日 一  今 日 二  不 用 思 量  快 須 瞥 地  不 瞥 地  蹉 
ZH_X68_1319_018:0700a07	過平生沒巴鼻。咄。	018	過 平 生 沒 巴 鼻  咄  
ZH_X68_1319_018:0700a08	洞山曉聰禪師	018	洞 山 曉 聰 禪 師 
ZH_X68_1319_018:0700a09	師遊方時。在雲居作燈頭。見僧說泗州大聖近日在	018	師 遊 方 時  在 雲 居 作 燈 頭  見 僧 說 泗 州 大 聖 近 日 在 
ZH_X68_1319_018:0700a10	揚州出現。有設問曰。既是泗州大聖。為甚麼却向揚	018	揚 州 出 現  有 設 問 曰  既 是 泗 州 大 聖  為 甚 麼 却 向 揚 
ZH_X68_1319_018:0700a11	州出現。　師曰。君子愛財。取之以道。　後僧舉似蓮花峰	018	州 出 現   師 曰  君 子 愛 財  取 之 以 道   後 僧 舉 似 蓮 花 峰 
ZH_X68_1319_018:0700a12	祥庵主。主大驚曰。雲門兒孫猶在。中夜望雲居拜之。	018	祥 庵 主  主 大 驚 曰  雲 門 兒 孫 猶 在  中 夜 望 雲 居 拜 之  
ZH_X68_1319_018:0700a13	師嘗負柴上山。路逢一僧問。山上有柴。何故向山下	018	師 嘗 負 柴 上 山  路 逢 一 僧 問  山 上 有 柴  何 故 向 山 下 
ZH_X68_1319_018:0700a14	擔柴。　師放柴於地曰。會麼。　曰。不會。　師曰。我要燒。	018	擔 柴   師 放 柴 於 地 曰  會 麼   曰  不 會   師 曰  我 要 燒  
ZH_X68_1319_018:0700a15	發供養主。示眾云。住持之道。勞他十方高人。且實際	018	發 供 養 主  示 眾 云  住 持 之 道  勞 他 十 方 高 人  且 實 際 
ZH_X68_1319_018:0700a16	理地。不受一塵。佛事門中。不捨一法。蓋為清眾之故。	018	理 地  不 受 一 塵  佛 事 門 中  不 捨 一 法  蓋 為 清 眾 之 故  
ZH_X68_1319_018:0700a17	所以忘勞。然盡大地作一胡餅。天下人盡得喫。惟有	018	所 以 忘 勞  然 盡 大 地 作 一 胡 餅  天 下 人 盡 得 喫  惟 有 
ZH_X68_1319_018:0700a18	深沙神不得喫。怒發將蒺藜杖打一棒。瓦解冰消。	018	深 沙 神 不 得 喫  怒 發 將 蒺 藜 杖 打 一 棒  瓦 解 冰 消  
ZH_X68_1319_018:0700a19	師手植萬松於東嶺。而恒誦金剛般若經。山中人因	018	師 手 植 萬 松 於 東 嶺  而 恒 誦 金 剛 般 若 經  山 中 人 因 
ZH_X68_1319_018:0700a20	名其嶺曰金剛。方植松。而寶禪師至。時親自五祖來。	018	名 其 嶺 曰 金 剛  方 植 松  而 寶 禪 師 至  時 親 自 五 祖 來  
ZH_X68_1319_018:0700a21	師問。上嶺一句作麼生道。　寶曰。氣急殺人。　師拄钁呵	018	師 問  上 嶺 一 句 作 麼 生 道   寶 曰  氣 急 殺 人   師 拄 钁 呵 
ZH_X68_1319_018:0700a22	曰。從何得此隨語生解阿師。見問上嶺。便言氣急。佛	018	曰  從 何 得 此 隨 語 生 解 阿 師  見 問 上 嶺  便 言 氣 急  佛 
ZH_X68_1319_018:0700a23	法却成流布。　寶請代語。師曰。氣喘殺人。	018	法 却 成 流 布   寶 請 代 語  師 曰  氣 喘 殺 人  
ZH_X68_1319_018:0700a24	逍遙問。嶺在此。金剛在何處。　師指曰。此一株是老僧	018	逍 遙 問  嶺 在 此  金 剛 在 何 處   師 指 曰  此 一 株 是 老 僧 
ZH_X68_1319_018:0700b01	親栽。	018	親 栽  
ZH_X68_1319_018:0700b02	因事示眾。天晴葢却屋。乘乾刈却禾。早輸王稅了。鼓	018	因 事 示 眾  天 晴 葢 却 屋  乘 乾 刈 却 禾  早 輸 王 稅 了  鼓 
ZH_X68_1319_018:0700b03	腹唱巴歌。	018	腹 唱 巴 歌  
ZH_X68_1319_018:0700b04	金陵天寶和尚	018	金 陵 天 寶 和 尚 
ZH_X68_1319_018:0700b05	僧問。如何是和尚家風。　師曰。列半作三。　曰。學人未曉。	018	僧 問  如 何 是 和 尚 家 風   師 曰  列 半 作 三   曰  學 人 未 曉  
ZH_X68_1319_018:0700b06	　師曰。鼻孔針筒。	018	 師 曰  鼻 孔 針 筒  
ZH_X68_1319_018:0700b07	清涼泰欽法燈禪師	018	清 涼 泰 欽 法 燈 禪 師 
ZH_X68_1319_018:0700b08	師在眾日。性豪逸。不事事。眾易之。法眼獨契重。法眼	018	師 在 眾 日  性 豪 逸  不 事 事  眾 易 之  法 眼 獨 契 重  法 眼 
ZH_X68_1319_018:0700b09	一日問眾曰。虎項金鈴是誰解得。眾無對。　師適至。法	018	一 日 問 眾 曰  虎 項 金 鈴 是 誰 解 得  眾 無 對   師 適 至  法 
ZH_X68_1319_018:0700b10	眼舉前語問。師曰。繫者解得。　法眼曰。汝輩輕渠不得。	018	眼 舉 前 語 問  師 曰  繫 者 解 得   法 眼 曰  汝 輩 輕 渠 不 得  
ZH_X68_1319_018:0700b11	上堂。有僧出禮拜。師曰。道者。前時謝汝請我。將甚麼	018	上 堂  有 僧 出 禮 拜  師 曰  道 者  前 時 謝 汝 請 我  將 甚 麼 
ZH_X68_1319_018:0700b12	與汝好。　僧擬問次。師曰。將謂相悉。却成不委。	018	與 汝 好   僧 擬 問 次  師 曰  將 謂 相 悉  却 成 不 委  
ZH_X68_1319_018:0700b13	報恩慧明禪師	018	報 恩 慧 明 禪 師 
ZH_X68_1319_018:0700b14	一日。有新到參。師問。近離甚處。　曰。都城。　師曰。上座離	018	一 日  有 新 到 參  師 問  近 離 甚 處   曰  都 城   師 曰  上 座 離 
ZH_X68_1319_018:0700b15	都城到此山。則都城少上座。此間剩上座。剩則心外	018	都 城 到 此 山  則 都 城 少 上 座  此 間 剩 上 座  剩 則 心 外 
ZH_X68_1319_018:0700b16	有法。少則心法不周。說得道理即住。不會即去。僧無	018	有 法  少 則 心 法 不 周  說 得 道 理 即 住  不 會 即 去  僧 無 
ZH_X68_1319_018:0700b17	對。	018	對  
ZH_X68_1319_018:0700b18	資巖長老問。如何是現前三昧。　師曰。還聞麼。　巖曰。某	018	資 巖 長 老 問  如 何 是 現 前 三 昧   師 曰  還 聞 麼   巖 曰  某 
ZH_X68_1319_018:0700b19	甲不患聾。　師曰。果然患聾。	018	甲 不 患 聾   師 曰  果 然 患 聾  
ZH_X68_1319_018:0700b20	師尋遷天台山白沙卓庵。有朋彥上座博學強記。來	018	師 尋 遷 天 台 山 白 沙 卓 庵  有 朋 彥 上 座 博 學 強 記  來 
ZH_X68_1319_018:0700b21	訪師。敵論宗乘。師曰。言多去道轉遠。今有事借問。祇	018	訪 師  敵 論 宗 乘  師 曰  言 多 去 道 轉 遠  今 有 事 借 問  祇 
ZH_X68_1319_018:0700b22	如從上諸聖及諸先德。還有不悟者也無。　彥曰。若是	018	如 從 上 諸 聖 及 諸 先 德  還 有 不 悟 者 也 無   彥 曰  若 是 
ZH_X68_1319_018:0700b23	諸聖先德。豈有不悟者哉。　師曰。一人發真歸源。十方	018	諸 聖 先 德  豈 有 不 悟 者 哉   師 曰  一 人 發 真 歸 源  十 方 
ZH_X68_1319_018:0700b24	虗空悉皆消殞。今天台山嶷然。如何得消殞去。彥無	018	虗 空 悉 皆 消 殞  今 天 台 山 嶷 然  如 何 得 消 殞 去  彥 無 
ZH_X68_1319_018:0700c01	對。	018	對  
ZH_X68_1319_018:0700c02	雲居清錫禪師	018	雲 居 清 錫 禪 師 
ZH_X68_1319_018:0700c03	有廖天使入院。見供養法眼真。乃問曰。真前是什麼	018	有 廖 天 使 入 院  見 供 養 法 眼 真  乃 問 曰  真 前 是 什 麼 
ZH_X68_1319_018:0700c04	果子。　師曰。假果子。　廖曰。既是假果子。何以將供養真。	018	果 子   師 曰  假 果 子   廖 曰  既 是 假 果 子  何 以 將 供 養 真  
ZH_X68_1319_018:0700c05	　師曰。也祇要天使識假。	018	 師 曰  也 祇 要 天 使 識 假  
ZH_X68_1319_018:0700c06	羅漢院智依禪師	018	羅 漢 院 智 依 禪 師 
ZH_X68_1319_018:0700c07	師問僧。今夏在甚麼處。　僧曰。在無言上座處。　師曰。還	018	師 問 僧  今 夏 在 甚 麼 處   僧 曰  在 無 言 上 座 處   師 曰  還 
ZH_X68_1319_018:0700c08	曾問訊他否。　僧曰。也曾問訊。　師曰。無言作麼生問得。	018	曾 問 訊 他 否   僧 曰  也 曾 問 訊   師 曰  無 言 作 麼 生 問 得  
ZH_X68_1319_018:0700c09	　僧曰。若得無言。甚麼處不問得。　師喝曰。恰似問老兄。	018	 僧 曰  若 得 無 言  甚 麼 處 不 問 得   師 喝 曰  恰 似 問 老 兄  
ZH_X68_1319_018:0700c10	師與彥端長老喫餅餤。端曰。百種千般。其體不二。　師	018	師 與 彥 端 長 老 喫 餅 餤  端 曰  百 種 千 般  其 體 不 二   師 
ZH_X68_1319_018:0700c11	曰。作麼生是不二體。端拈起餅餤。　師曰。祇守百種千	018	曰  作 麼 生 是 不 二 體  端 拈 起 餅 餤   師 曰  祇 守 百 種 千 
ZH_X68_1319_018:0700c12	般。　端曰。也是和尚見處。　師曰。汝也是羅公詠梳頭樣。	018	般   端 曰  也 是 和 尚 見 處   師 曰  汝 也 是 羅 公 詠 梳 頭 樣  
ZH_X68_1319_018:0700c13	上堂。盡十方世界。無一微塵許法與汝作見聞覺知。	018	上 堂  盡 十方世界  無 一 微 塵 許 法 與 汝 作 見聞覺知  
ZH_X68_1319_018:0700c14	還信麼。然雖如此。也須悟始得。莫將為等閒。不見道。	018	還 信 麼  然 雖 如 此  也 須 悟 始 得  莫 將 為 等 閒  不 見 道  
ZH_X68_1319_018:0700c15	單明自己。不悟目前。此人祇具一隻眼。還會麼。　僧問。	018	單 明 自 己  不 悟 目 前  此 人 祇 具 一 隻 眼  還 會 麼   僧 問  
ZH_X68_1319_018:0700c16	纖塵不立。為甚麼好醜現前。　師曰。分明記取。別處問	018	纖 塵 不 立  為 甚 麼 好 醜 現 前   師 曰  分 明 記 取  別 處 問 
ZH_X68_1319_018:0700c17	人。	018	人  
ZH_X68_1319_018:0700c18	報恩玄則禪師	018	報 恩 玄 則 禪 師 
ZH_X68_1319_018:0700c19	上堂。諸上座盡有常圓之月。各懷無價之珍。所以月	018	上 堂  諸 上 座 盡 有 常 圓 之 月  各 懷 無 價 之 珍  所 以 月 
ZH_X68_1319_018:0700c20	在雲中。雖明而不照。智隱惑內。雖真而不通。無事。久	018	在 雲 中  雖 明 而 不 照  智 隱 惑 內  雖 真 而 不 通  無 事  久 
ZH_X68_1319_018:0700c21	立。	018	立  
ZH_X68_1319_018:0700c22	僧問。如何是不動尊。　師曰。飛飛颺颺。	018	僧 問  如 何 是 不 動 尊   師 曰  飛 飛 颺 颺  
ZH_X68_1319_018:0700c23	寶塔紹巖禪師	018	寶 塔 紹 巖 禪 師 
ZH_X68_1319_018:0700c24	吳越王命師開法。上堂云。今日大王施張法筵。致請	018	吳 越 王 命 師 開 法  上 堂 云  今 日 大 王 施 張 法 筵  致 請 
ZH_X68_1319_018:0701a01	山僧。祇圖諸仁者明心。此外別無道理。諸仁者還明	018	山 僧  祇 圖 諸 仁 者 明 心  此 外 別 無 道 理  諸 仁 者 還 明 
ZH_X68_1319_018:0701a02	心也未。莫不是語言談笑時。凝然杜默時。參尋知識	018	心 也 未  莫 不 是 語 言 談 笑 時  凝 然 杜 默 時  參 尋 知 識 
ZH_X68_1319_018:0701a03	時。道伴商略時。觀山玩水時。耳目絕對時。是汝心否。	018	時  道 伴 商 略 時  觀 山 玩 水 時  耳 目 絕 對 時  是 汝 心 否  
ZH_X68_1319_018:0701a04	如上所解。盡為魔魅所攝。豈曰明心。更有一類人。離	018	如 上 所 解  盡 為 魔 魅 所 攝  豈 曰 明 心  更 有 一 類 人  離 
ZH_X68_1319_018:0701a05	身中妄想外。別認徧十方世界。含日月。包太虗。謂是	018	身 中 妄 想 外  別 認 徧 十方世界  含 日 月  包 太 虗  謂 是 
ZH_X68_1319_018:0701a06	本來真心。斯亦外道所計。非明心也。諸仁者要會麼。	018	本 來 真 心  斯 亦 外 道 所 計  非 明 心 也  諸 仁 者 要 會 麼  
ZH_X68_1319_018:0701a07	心無是者。亦無不是者。汝擬執認。其可得乎。	018	心 無 是 者  亦 無 不 是 者  汝 擬 執 認  其 可 得 乎  
ZH_X68_1319_018:0701a08	棲賢圓禪師	018	棲 賢 圓 禪 師 
ZH_X68_1319_018:0701a09	上堂。出得僧堂門。見五老峰。一生參學事畢。何用更	018	上 堂  出 得 僧 堂 門  見 五 老 峰  一 生 參 學 事 畢  何 用 更 
ZH_X68_1319_018:0701a10	到這裏來。雖然如此。也勞上座一轉了也。珍重。	018	到 這 裏 來  雖 然 如 此  也 勞 上 座 一 轉 了 也  珍 重  
ZH_X68_1319_018:0701a11	石霜慈明禪師	018	石 霜 慈 明 禪 師 
ZH_X68_1319_018:0701a12	師謁唐明嵩禪師。嵩謂師曰。楊大年內翰知見高。入	018	師 謁 唐 明 嵩 禪 師  嵩 謂 師 曰  楊 大 年 內 翰 知 見 高  入 
ZH_X68_1319_018:0701a13	道穩實。子不可不見。　師乃往見大年。年問曰。對面不	018	道 穩 實  子 不 可 不 見   師 乃 往 見 大 年  年 問 曰  對 面 不 
ZH_X68_1319_018:0701a14	相識。千里却同風。　師曰。近奉山門請。　年曰。真箇脫空。	018	相 識  千 里 却 同 風   師 曰  近 奉 山 門 請   年 曰  真 箇 脫 空  
ZH_X68_1319_018:0701a15	　師曰。前月離唐明。　年曰。適來悔相問。　師曰。作家。年便	018	 師 曰  前 月 離 唐 明   年 曰  適 來 悔 相 問   師 曰  作 家  年 便 
ZH_X68_1319_018:0701a16	喝。　師曰。恰是。年復喝。　師以手劃一劃。年吐舌曰。真是	018	喝   師 曰  恰 是  年 復 喝   師 以 手 劃 一 劃  年 吐 舌 曰  真 是 
ZH_X68_1319_018:0701a17	龍象。　師曰。是何言歟。　年喚客司。點茶來。元來是屋裏	018	龍 象   師 曰  是 何 言 歟   年 喚 客 司  點 茶 來  元 來 是 屋 裏 
ZH_X68_1319_018:0701a18	人。　師曰。也不消得。　茶罷。又問。如何是上座為人一句。	018	人   師 曰  也 不 消 得   茶 罷  又 問  如 何 是 上 座 為 人 一 句  
ZH_X68_1319_018:0701a19	　師曰。切。　年曰。與麼則長裙新婦拖泥走。　師曰。誰得似	018	 師 曰  切   年 曰  與 麼 則 長 裙 新 婦 拖 泥 走   師 曰  誰 得 似 
ZH_X68_1319_018:0701a20	內翰。　年曰。作家。作家。　師曰。放你二十棒。　年拊膝曰。這	018	內 翰   年 曰  作 家  作 家   師 曰  放 你 二 十 棒   年 拊 膝 曰  這 
ZH_X68_1319_018:0701a21	裏是甚麼所在。　師拍掌曰。也不得放過。　年大笑。又問。	018	裏 是 甚 麼 所 在   師 拍 掌 曰  也 不 得 放 過   年 大 笑  又 問  
ZH_X68_1319_018:0701a22	記得唐明當時悟底因緣麼。　師曰。唐明問首山。如何	018	記 得 唐 明 當 時 悟 底 因 緣 麼   師 曰  唐 明 問 首 山  如 何 
ZH_X68_1319_018:0701a23	是佛法的的大意。山曰。楚王城畔。汝水東流。　年曰。祇	018	是 佛 法 的 的 大 意  山 曰  楚 王 城 畔  汝 水 東 流   年 曰  祇 
ZH_X68_1319_018:0701a24	如此語。意旨如何。　師曰。水上挂燈毬。　年曰。與麼則孤	018	如 此 語  意 旨 如 何   師 曰  水 上 挂 燈 毬   年 曰  與 麼 則 孤 
ZH_X68_1319_018:0701b01	負古人去也。　師曰。內翰疑則別參。　年曰。三脚蝦蟆跳	018	負 古 人 去 也   師 曰  內 翰 疑 則 別 參   年 曰  三 脚 蝦 蟆 跳 
ZH_X68_1319_018:0701b02	上天。　師曰。一任[跳-兆+孛]跳。年乃大笑。館於齋中。	018	上 天   師 曰  一 任 [跳兆孛] 跳  年 乃 大 笑  館 於 齋 中  
ZH_X68_1319_018:0701b03	師謁李督尉。公聞謁。使童子問曰。道得即與上座相	018	師 謁 李 督 尉  公 聞 謁  使 童 子 問 曰  道 得 即 與 上 座 相 
ZH_X68_1319_018:0701b04	見。　師曰。今日特來相看。　又令童子。曰。碑文刊白字。當	018	見   師 曰  今 日 特 來 相 看   又 令 童 子  曰  碑 文 刊 白 字  當 
ZH_X68_1319_018:0701b05	道種青松。　師曰。不因今日節。餘日定難逢。　童又出曰。	018	道 種 青 松   師 曰  不 因 今 日 節  餘 日 定 難 逢   童 又 出 曰  
ZH_X68_1319_018:0701b06	都尉言。與麼則與上座相見去也。　師曰。脚頭。脚底。　公	018	都 尉 言  與 麼 則 與 上 座 相 見 去 也   師 曰  脚 頭  脚 底   公 
ZH_X68_1319_018:0701b07	乃出。坐定。問曰。我聞西河有金毛獅子。是否。　師曰。甚	018	乃 出  坐 定  問 曰  我 聞 西 河 有 金 毛 獅 子  是 否   師 曰  甚 
ZH_X68_1319_018:0701b08	處得這消息。公便喝。　師曰。野干鳴。公又喝。　師曰。恰是。	018	處 得 這 消 息  公 便 喝   師 曰  野 干 鳴  公 又 喝   師 曰  恰 是  
ZH_X68_1319_018:0701b09	公大笑。　師辭。公問。如何是上座臨行一句。　師曰。好將	018	公 大 笑   師 辭  公 問  如 何 是 上 座 臨 行 一 句   師 曰  好 將 
ZH_X68_1319_018:0701b10	息。　公曰。何異諸方。　師曰。都尉又作麼生。　公曰。放上座	018	息   公 曰  何 異 諸 方   師 曰  都 尉 又 作 麼 生   公 曰  放 上 座 
ZH_X68_1319_018:0701b11	二十棒。　師曰。專為流通。公又喝。　師曰。瞎。　公曰。好去。師	018	二 十 棒   師 曰  專 為 流 通  公 又 喝   師 曰  瞎   公 曰  好 去  師 
ZH_X68_1319_018:0701b12	應喏喏。　自是往來楊李之門。以法為友。　久之。辭還河	018	應 喏 喏   自 是 往 來 楊 李 之 門  以 法 為 友   久 之  辭 還 河 
ZH_X68_1319_018:0701b13	東。年曰。有一語寄與唐明。得麼。　師曰。明月照見夜行	018	東  年 曰  有 一 語 寄 與 唐 明  得 麼   師 曰  明 月 照 見 夜 行 
ZH_X68_1319_018:0701b14	人。　年曰。却不相當。　師曰。更深猶自可。午後更愁人。　年	018	人   年 曰  却 不 相 當   師 曰  更 深 猶 自 可  午 後 更 愁 人   年 
ZH_X68_1319_018:0701b15	曰。開寶寺前金剛。近日因甚麼汗出。　師曰。知。　年曰。上	018	曰  開 寶 寺 前 金 剛  近 日 因 甚 麼 汗 出   師 曰  知   年 曰  上 
ZH_X68_1319_018:0701b16	座臨行。豈無為人底句。　師曰。重疊關山路。　年曰。與麼	018	座 臨 行  豈 無 為 人 底 句   師 曰  重 疊 關 山 路   年 曰  與 麼 
ZH_X68_1319_018:0701b17	則隨上座去也。師噓一聲。　年曰。真獅子兒。大獅子吼。	018	則 隨 上 座 去 也  師 噓 一 聲   年 曰  真 獅 子 兒  大 獅 子 吼  
ZH_X68_1319_018:0701b18	　師曰。放去又收來。　年曰。適來失脚蹋倒。又得家童扶	018	 師 曰  放 去 又 收 來   年 曰  適 來 失 脚 蹋 倒  又 得 家 童 扶 
ZH_X68_1319_018:0701b19	起。　師曰。有甚麼了期。年大笑。　師還唐明。	018	起   師 曰  有 甚 麼 了 期  年 大 笑   師 還 唐 明  
ZH_X68_1319_018:0701b20	謁神鼎諲禪師。鼎。首山高弟。望尊一時。衲子非人類	018	謁 神 鼎 諲 禪 師  鼎  首 山 高 弟  望 尊 一 時  衲 子 非 人 類 
ZH_X68_1319_018:0701b21	精奇。無敢登其門者。門弟子氣吞諸方。師髮長不翦。	018	精 奇  無 敢 登 其 門 者  門 弟 子 氣 吞 諸 方  師 髮 長 不 翦  
ZH_X68_1319_018:0701b22	敝衣楚音。通謁稱法姪。一眾大笑。鼎遣童子問。長老	018	敝 衣 楚 音  通 謁 稱 法 姪  一 眾 大 笑  鼎 遣 童 子 問  長 老 
ZH_X68_1319_018:0701b23	誰之嗣。　師仰視屋曰。親見汾陽來。　鼎杖而出。顧見頎	018	誰 之 嗣   師 仰 視 屋 曰  親 見 汾 陽 來   鼎 杖 而 出  顧 見 頎 
ZH_X68_1319_018:0701b24	然。問曰。汾州有西河師子。是否。　師指其後。高叫曰。屋	018	然  問 曰  汾 州 有 西 河 師 子  是 否   師 指 其 後  高 叫 曰  屋 
ZH_X68_1319_018:0701c01	倒矣。童子返走。鼎回顧。相矍鑠。師地坐。脫隻履而示	018	倒 矣  童 子 返 走  鼎 回 顧  相 矍 鑠  師 地 坐  脫 隻 履 而 示 
ZH_X68_1319_018:0701c02	之。鼎老忘所問。又失師所在。師徐起整衣。且行且語。	018	之  鼎 老 忘 所 問  又 失 師 所 在  師 徐 起 整 衣  且 行 且 語  
ZH_X68_1319_018:0701c03	見面不如聞名。遂去。鼎遣人追之不可。歎曰。汾州乃	018	見 面 不 如 聞 名  遂 去  鼎 遣 人 追 之 不 可  歎 曰  汾 州 乃 
ZH_X68_1319_018:0701c04	有此兒耶。	018	有 此 兒 耶  
ZH_X68_1319_018:0701c05	問。行脚不逢人時如何。　師曰。釣絲絞水。	018	問  行 脚 不 逢 人 時 如 何   師 曰  釣 絲 絞 水  
ZH_X68_1319_018:0701c06	問。磨礲三尺劍。去化不平人。師意如何。　師曰。好去。　僧	018	問  磨 礲 三 尺 劍  去 化 不 平 人  師 意 如 何   師 曰  好 去   僧 
ZH_X68_1319_018:0701c07	曰。點。　師曰。你看。僧拍手一下歸眾。　師曰。了。	018	曰  點   師 曰  你 看  僧 拍 手 一 下 歸 眾   師 曰  了  
ZH_X68_1319_018:0701c08	問僧。近離甚處。　曰。雲過千山碧。　師曰。著忙作麼。　曰。鴈	018	問 僧  近 離 甚 處   曰  雲 過 千 山 碧   師 曰  著 忙 作 麼   曰  鴈 
ZH_X68_1319_018:0701c09	過水聲凄。師便喝。僧亦喝。師便打。僧亦打。　師曰。你看	018	過 水 聲 凄  師 便 喝  僧 亦 喝  師 便 打  僧 亦 打   師 曰  你 看 
ZH_X68_1319_018:0701c10	這瞎漢。本分打出三門外。念你是新到。且坐喫茶。	018	這 瞎 漢  本 分 打 出 三 門 外  念 你 是 新 到  且 坐 喫 茶  
ZH_X68_1319_018:0701c11	師問顯英首座。近離甚處。　曰。金鑾。　曰。去夏在甚處。　曰。	018	師 問 顯 英 首 座  近 離 甚 處   曰  金 鑾   曰  去 夏 在 甚 處   曰  
ZH_X68_1319_018:0701c12	金鑾。　曰。前夏在甚處。　曰。金鑾。　曰。先前夏在甚處。　曰。和	018	金 鑾   曰  前 夏 在 甚 處   曰  金 鑾   曰  先 前 夏 在 甚 處   曰  和 
ZH_X68_1319_018:0701c13	尚何不領話。　曰。我也不能勘得汝。教庫下供過奴子	018	尚 何 不 領 話   曰  我 也 不 能 勘 得 汝  教 庫 下 供 過 奴 子 
ZH_X68_1319_018:0701c14	來勘。且點一碗茶與汝濕口。	018	來 勘  且 點 一 碗 茶 與 汝 濕 口  
ZH_X68_1319_018:0701c15	師室中晏坐。橫刀水盆之上。旁置草鞋。使來參扣者	018	師 室 中 晏 坐  橫 刀 水 盆 之 上  旁 置 草 鞋  使 來 參 扣 者 
ZH_X68_1319_018:0701c16	下語。無有契其機者。	018	下 語  無 有 契 其 機 者  
ZH_X68_1319_018:0701c17	又冬日牓僧堂。作此字。[(○*○*○)/＝]二[一/一]三[┘*└][(┐@三)*(田/?)][水-?+(曲-曰+口)]。其下註云。	018	又 冬 日 牓 僧 堂  作 此 字  []二[一一]三[][三田][水曲曰口]  其 下 註 云  
ZH_X68_1319_018:0701c18	若人識得。不離四威儀。　中有首座者見之。謂曰。和尚	018	若 人 識 得  不 離 四 威 儀   中 有 首 座 者 見 之  謂 曰  和 尚 
ZH_X68_1319_018:0701c19	今日放參。師聞而笑之。	018	今 日 放 參  師 聞 而 笑 之  
ZH_X68_1319_018:0701c20	法華全舉禪師	018	法 華 全 舉 禪 師 
ZH_X68_1319_018:0701c21	師得法汾陽。徧歷諸方。首謁荊南福昌善禪師。善問	018	師 得 法 汾 陽  徧 歷 諸 方  首 謁 荊 南 福 昌 善 禪 師  善 問 
ZH_X68_1319_018:0701c22	曰。回互不回互。　師曰。總不與麼。　曰。為甚麼已喫福昌	018	曰  回 互 不 回 互   師 曰  總 不 與 麼   曰  為 甚 麼 已 喫 福 昌 
ZH_X68_1319_018:0701c23	棒。　師曰。一家有事百家忙。　曰。脫空謾語。　師曰。調琴澄	018	棒   師 曰  一 家 有 事 百 家 忙   曰  脫 空 謾 語   師 曰  調 琴 澄 
ZH_X68_1319_018:0701c24	太古。琢句體全真。	018	太 古  琢 句 體 全 真  
ZH_X68_1319_018:0702a01	謁公安遠禪師。遠問。作麼生是伽藍。　師曰。深山藏獨	018	謁 公 安 遠 禪 師  遠 問  作 麼 生 是 伽 藍   師 曰  深 山 藏 獨 
ZH_X68_1319_018:0702a02	虎。淺草露羣蛇。　曰。作麼生是伽藍中人。　師曰。青松葢	018	虎  淺 草 露 羣 蛇   曰  作 麼 生 是 伽 藍 中 人   師 曰  青 松 葢 
ZH_X68_1319_018:0702a03	不帀。黃葉豈能遮。　曰。道什麼。　師曰。少年玩盡天邊月。	018	不 帀  黃 葉 豈 能 遮   曰  道 什 麼   師 曰  少 年 玩 盡 天 邊 月  
ZH_X68_1319_018:0702a04	老倒扶桑沒日頭。　曰。一句兩句。雲開月露。作麼生。　師	018	老 倒 扶 桑 沒 日 頭   曰  一 句 兩 句  雲 開 月 露  作 麼 生   師 
ZH_X68_1319_018:0702a05	曰。照破祖師關。	018	曰  照 破 祖 師 關  
ZH_X68_1319_018:0702a06	謁夾山真首座。真曰。還見麼。　師曰。萬事全無。　曰。還不	018	謁 夾 山 真 首 座  真 曰  還 見 麼   師 曰  萬 事 全 無   曰  還 不 
ZH_X68_1319_018:0702a07	見麼。　師曰。千般皆在手。　師曰。首座未見澄散聖時如	018	見 麼   師 曰  千 般 皆 在 手   師 曰  首 座 未 見 澄 散 聖 時 如 
ZH_X68_1319_018:0702a08	何。　曰。湖南．江西。　又問。見後如何。　曰。江西．湖南。　師曰。却	018	何   曰  湖 南  江 西   又 問  見 後 如 何   曰  江 西  湖 南   師 曰  却 
ZH_X68_1319_018:0702a09	共首座一般耶。　曰。打草驚蛇。　師曰。終不揑怪。	018	共 首 座 一 般 耶   曰  打 草 驚 蛇   師 曰  終 不 揑 怪  
ZH_X68_1319_018:0702a10	謁大愚芝禪師。芝問。古人見桃花。意作麼生。　師曰。曲	018	謁 大 愚 芝 禪 師  芝 問  古 人 見 桃 花  意 作 麼 生   師 曰  曲 
ZH_X68_1319_018:0702a11	不藏直。　曰。那箇且從。遮箇作麼生。　師曰。市中拾得寶。	018	不 藏 直   曰  那 箇 且 從  遮 箇 作 麼 生   師 曰  市 中 拾 得 寶  
ZH_X68_1319_018:0702a12	比鄰那得知。　曰。上座還知麼。　師曰。路逢劍客須呈劍。	018	比 鄰 那 得 知   曰  上 座 還 知 麼   師 曰  路 逢 劍 客 須 呈 劍  
ZH_X68_1319_018:0702a13	不是詩人不獻詩。　曰。作家詩客。　師曰。一條紅線兩人	018	不 是 詩 人 不 獻 詩   曰  作 家 詩 客   師 曰  一 條 紅 線 兩 人 
ZH_X68_1319_018:0702a14	牽。　曰。元沙道諦當又作麼生。　師曰。海枯終見底。人死	018	牽   曰  元 沙 道 諦 當 又 作 麼 生   師 曰  海 枯 終 見 底  人 死 
ZH_X68_1319_018:0702a15	不知心。　曰。恰是。　師曰。樓閣凌雲勢。峰巒疊翠層。	018	不 知 心   曰  恰 是   師 曰  樓 閣 凌 雲 勢  峰 巒 疊 翠 層  
ZH_X68_1319_018:0702a16	謁五祖戒禪師。戒問。作麼生是絕羈絆底人。　師曰。反	018	謁 五 祖 戒 禪 師  戒 問  作 麼 生 是 絕 羈 絆 底 人   師 曰  反 
ZH_X68_1319_018:0702a17	手把籠頭。　曰。却是作家。　師曰。背鞭打不著。　曰。為什麼	018	手 把 籠 頭   曰  却 是 作 家   師 曰  背 鞭 打 不 著   曰  為 什 麼 
ZH_X68_1319_018:0702a18	上來下去。　師曰。甚處見上來下去。戒便打。　師曰。一言	018	上 來 下 去   師 曰  甚 處 見 上 來 下 去  戒 便 打   師 曰  一 言 
ZH_X68_1319_018:0702a19	無別路。千里不逢人。	018	無 別 路  千 里 不 逢 人  
ZH_X68_1319_018:0702a20	謁雪竇顯禪師。竇問。牛喫草。草喫牛。　師曰。回頭欲就	018	謁 雪 竇 顯 禪 師  竇 問  牛 喫 草  草 喫 牛   師 曰  回 頭 欲 就 
ZH_X68_1319_018:0702a21	尾。已隔萬重關。　曰。應知無背面。要須常現前。　師曰。驗	018	尾  已 隔 萬 重 關   曰  應 知 無 背 面  要 須 常 現 前   師 曰  驗 
ZH_X68_1319_018:0702a22	在目前。　曰。自領出去。	018	在 目 前   曰  自 領 出 去  
ZH_X68_1319_018:0702a23	到瑯琊覺和尚處。琊問。近離甚處。　師曰。兩浙。　曰。船來。	018	到 瑯 琊 覺 和 尚 處  琊 問  近 離 甚 處   師 曰  兩 浙   曰  船 來  
ZH_X68_1319_018:0702a24	陸來。　師曰。船來。　曰。船在甚處。　師曰。步下。　曰。不涉程途	018	陸 來   師 曰  船 來   曰  船 在 甚 處   師 曰  步 下   曰  不 涉 程 途 
ZH_X68_1319_018:0702b01	一句作麼生道。　師以坐具摵一摵。曰。杜撰長老。如麻	018	一 句 作 麼 生 道   師 以 坐 具 摵 一 摵  曰  杜 撰 長 老  如 麻 
ZH_X68_1319_018:0702b02	似粟。拂袖而出。　琊問侍者。此是甚麼人。　者曰。舉上座。	018	似 粟  拂 袖 而 出   琊 問 侍 者  此 是 甚 麼 人   者 曰  舉 上 座  
ZH_X68_1319_018:0702b03	　琊曰。莫是舉師叔麼。先師教我尋見伊。遂下旦過。問。	018	 琊 曰  莫 是 舉 師 叔 麼  先 師 教 我 尋 見 伊  遂 下 旦 過  問  
ZH_X68_1319_018:0702b04	上座莫是舉師叔麼。莫怪適來相觸忤。　師便喝。復問。	018	上 座 莫 是 舉 師 叔 麼  莫 怪 適 來 相 觸 忤   師 便 喝  復 問  
ZH_X68_1319_018:0702b05	長老何時到汾陽耶。　曰。某時到。　師曰。我在浙江早聞	018	長 老 何 時 到 汾 陽 耶   曰  某 時 到   師 曰  我 在 浙 江 早 聞 
ZH_X68_1319_018:0702b06	你名。元來見解祇如此。何得名播寰宇。　琊遂作禮曰。	018	你 名  元 來 見 解 祇 如 此  何 得 名 播 寰 宇   琊 遂 作 禮 曰  
ZH_X68_1319_018:0702b07	某甲罪過。	018	某 甲 罪 過  
ZH_X68_1319_018:0702b08	示眾。釋迦不出世。達摩不西來。佛法徧天下。談玄口	018	示 眾  釋 迦 不 出 世  達 摩 不 西 來  佛 法 徧 天 下  談 玄 口 
ZH_X68_1319_018:0702b09	不開。	018	不 開  
ZH_X68_1319_018:0702b10	芭蕉谷泉禪師	018	芭 蕉 谷 泉 禪 師 
ZH_X68_1319_018:0702b11	師謁慈明。明問曰。白雲橫谷口。道人何處來。　師左右	018	師 謁 慈 明  明 問 曰  白 雲 橫 谷 口  道 人 何 處 來   師 左 右 
ZH_X68_1319_018:0702b12	顧曰。夜來何處火。燒出古人墳。　慈明呵曰。未在。更道。	018	顧 曰  夜 來 何 處 火  燒 出 古 人 墳   慈 明 呵 曰  未 在  更 道  
ZH_X68_1319_018:0702b13	師乃作虎聲。慈明以坐具摵之。師接住。推明置禪牀	018	師 乃 作 虎 聲  慈 明 以 坐 具 摵 之  師 接 住  推 明 置 禪 牀 
ZH_X68_1319_018:0702b14	上。明却作虎聲。　師大笑曰。我見七十餘員善知識。今	018	上  明 却 作 虎 聲   師 大 笑 曰  我 見 七 十 餘 員 善 知 識  今 
ZH_X68_1319_018:0702b15	日始遇作家。	018	日 始 遇 作 家  
ZH_X68_1319_018:0702b16	天聖皓泰禪師	018	天 聖 皓 泰 禪 師 
ZH_X68_1319_018:0702b17	師到瑯琊。琊問。埋兵掉鬬。未是作家。匹馬單鎗。便請	018	師 到 瑯 琊  琊 問  埋 兵 掉 鬬  未 是 作 家  匹 馬 單 鎗  便 請 
ZH_X68_1319_018:0702b18	相見。　師指琊曰。將頭不猛。帶累三軍。　琊打師一坐具。	018	相 見   師 指 琊 曰  將 頭 不 猛  帶 累 三 軍   琊 打 師 一 坐 具  
ZH_X68_1319_018:0702b19	師亦打琊一坐具。琊接住曰。適來一坐具。是山僧令	018	師 亦 打 琊 一 坐 具  琊 接 住 曰  適 來 一 坐 具  是 山 僧 令 
ZH_X68_1319_018:0702b20	行。上座一坐具。落在甚麼處。　師曰。伏惟尚饗。　琊拓開	018	行  上 座 一 坐 具  落 在 甚 麼 處   師 曰  伏 惟 尚 饗   琊 拓 開 
ZH_X68_1319_018:0702b21	曰。五更侵早起。更有夜行人。　師曰。賊過後張弓。　琊曰。	018	曰  五 更 侵 早 起  更 有 夜 行 人   師 曰  賊 過 後 張 弓   琊 曰  
ZH_X68_1319_018:0702b22	且坐喫茶。	018	且 坐 喫 茶  
ZH_X68_1319_018:0702b23	浮山圓鑒禪師	018	浮 山 圓 鑒 禪 師 
ZH_X68_1319_018:0702b24	歐陽文忠公聞師奇逸。造其室。未有以異之。與客碁。	018	歐 陽 文 忠 公 聞 師 奇 逸  造 其 室  未 有 以 異 之  與 客 碁  
ZH_X68_1319_018:0702c01	師坐其旁。文忠遽收局。請因碁說法。師即令撾鼓陞	018	師 坐 其 旁  文 忠 遽 收 局  請 因 碁 說 法  師 即 令 撾 鼓 陞 
ZH_X68_1319_018:0702c02	座。曰。若論此事。如兩家著碁相似。何謂也。敵手知音。	018	座  曰  若 論 此 事  如 兩 家 著 碁 相 似  何 謂 也  敵 手 知 音  
ZH_X68_1319_018:0702c03	當機不讓。若是綴五饒三。又通一路始得。有一般底。	018	當 機 不 讓  若 是 綴 五 饒 三  又 通 一 路 始 得  有 一 般 底  
ZH_X68_1319_018:0702c04	祇解閉門作活。不會奪角衝關。硬節與虎口齊彰。局	018	祇 解 閉 門 作 活  不 會 奪 角 衝 關  硬 節 與 虎 口 齊 彰  局 
ZH_X68_1319_018:0702c05	破後。徒勞綽幹。所以道。肥邊易得。瘦肚難求。思行則	018	破 後  徒 勞 綽 幹  所 以 道  肥 邊 易 得  瘦 肚 難 求  思 行 則 
ZH_X68_1319_018:0702c06	住往失粘。心麤而時時頭撞。休誇國手。謾說神仙。贏	018	住 往 失 粘  心 麤 而 時 時 頭 撞  休 誇 國 手  謾 說 神 仙  贏 
ZH_X68_1319_018:0702c07	局輸籌即不問。且道黑白未分時。一著落在甚麼處。	018	局 輸 籌 即 不 問  且 道 黑 白 未 分 時  一 著 落 在 甚 麼 處  
ZH_X68_1319_018:0702c08	良久。曰。從來十九路。迷悟幾多人。　文忠嘉歎。從容謂	018	良 久  曰  從 來 十 九 路  迷 悟 幾 多 人   文 忠 嘉 歎  從 容 謂 
ZH_X68_1319_018:0702c09	同僚曰。修初疑禪語為虗誕。今日見此老機緣。所得	018	同 僚 曰  修 初 疑 禪 語 為 虗 誕  今 日 見 此 老 機 緣  所 得 
ZH_X68_1319_018:0702c10	所造非悟明於心地。安能有此妙旨哉。	018	所 造 非 悟 明 於 心 地  安 能 有 此 妙 旨 哉  
ZH_X68_1319_018:0702c11	師老。退休於會聖巖。因閱班固九流。遂擬之作九帶。	018	師 老  退 休 於 會 聖 巖  因 閱 班 固 九 流  遂 擬 之 作 九 帶  
ZH_X68_1319_018:0702c12	敘佛祖教義。博採先德機語。參同印證。其一曰佛正	018	敘 佛 祖 教 義  博 採 先 德 機 語  參 同 印 證  其 一 曰 佛 正 
ZH_X68_1319_018:0702c13	法眼帶．其二曰佛法藏帶．其三曰理貫帶．其四曰事	018	法 眼 帶  其 二 曰 佛 法 藏 帶  其 三 曰 理 貫 帶  其 四 曰 事 
ZH_X68_1319_018:0702c14	貫帶．其五曰事理縱橫帶．其六曰屈曲帶．其七曰妙	018	貫 帶  其 五 曰 事 理 縱 橫 帶  其 六 曰 屈 曲 帶  其 七 曰 妙 
ZH_X68_1319_018:0702c15	叶兼帶．其八曰金鍼雙鎖帶．其九曰平懷常實帶。　學	018	叶 兼 帶  其 八 曰 金 鍼 雙 鎖 帶  其 九 曰 平 懷 常 實 帶   學 
ZH_X68_1319_018:0702c16	者既已傳誦。師曰。若據圓極法門。本具十數。今此九	018	者 既 已 傳 誦  師 曰  若 據 圓 極 法 門  本 具 十 數  今 此 九 
ZH_X68_1319_018:0702c17	帶已為諸人說了。更有一帶。還見得麼。若也見得親	018	帶 已 為 諸 人 說 了  更 有 一 帶  還 見 得 麼  若 也 見 得 親 
ZH_X68_1319_018:0702c18	切分明。却請出來說看。說得分明。許汝通前九帶。圓	018	切 分 明  却 請 出 來 說 看  說 得 分 明  許 汝 通 前 九 帶  圓 
ZH_X68_1319_018:0702c19	明道眼。若見不親切。說不相應。惟依吾語而為己解。	018	明 道 眼  若 見 不 親 切  說 不 相 應  惟 依 吾 語 而 為 己 解  
ZH_X68_1319_018:0702c20	則名謗法。大眾。到此如何。眾無語。師叱之去。	018	則 名 謗 法  大 眾  到 此 如 何  眾 無 語  師 叱 之 去  
ZH_X68_1319_018:0702c21	金山曇頴達觀禪師	018	金 山 曇 頴 達 觀 禪 師 
ZH_X68_1319_018:0702c22	師首謁太陽玄禪師。遂問。洞山特設偏正君臣。意明	018	師 首 謁 太 陽 玄 禪 師  遂 問  洞 山 特 設 偏 正 君 臣  意 明 
ZH_X68_1319_018:0702c23	何事。　陽曰。父母未生時事。　師曰。如何體會。　陽曰。夜半	018	何 事   陽 曰  父 母 未 生 時 事   師 曰  如 何 體 會   陽 曰  夜 半 
ZH_X68_1319_018:0702c24	正明。天曉不露。　師罔然。遂謁谷隱。舉前話。隱曰。太陽	018	正 明  天 曉 不 露   師 罔 然  遂 謁 谷 隱  舉 前 話  隱 曰  太 陽 
ZH_X68_1319_018:0703a01	不道不是。祇是口門窄。滿口說未盡。老僧即不然。　師	018	不 道 不 是  祇 是 口 門 窄  滿 口 說 未 盡  老 僧 即 不 然   師 
ZH_X68_1319_018:0703a02	問。如何是父母未生時事。　隱曰。糞墼子。　師曰。如何是	018	問  如 何 是 父 母 未 生 時 事   隱 曰  糞 墼 子   師 曰  如 何 是 
ZH_X68_1319_018:0703a03	夜半正明。天曉不露。　隱曰。牡丹花下睡猫兒。師愈疑	018	夜 半 正 明  天 曉 不 露   隱 曰  牡 丹 花 下 睡 猫 兒  師 愈 疑 
ZH_X68_1319_018:0703a04	駭。　一日普請。隱問。今日運薪耶。　師曰。然。　隱曰。雲門問	018	駭   一 日 普 請  隱 問  今 日 運 薪 耶   師 曰  然   隱 曰  雲 門 問 
ZH_X68_1319_018:0703a05	僧。人搬柴。柴搬人。如何會。師無對。　隱曰。此事如人學	018	僧  人 搬 柴  柴 搬 人  如 何 會  師 無 對   隱 曰  此 事 如 人 學 
ZH_X68_1319_018:0703a06	書。點畫可效者工。否者拙。蓋未能忘法耳。當筆忘手。	018	書  點 畫 可 效 者 工  否 者 拙  蓋 未 能 忘 法 耳  當 筆 忘 手  
ZH_X68_1319_018:0703a07	手忘心。乃可也。　師於是默契。良久。曰。如石頭云。執事	018	手 忘 心  乃 可 也   師 於 是 默 契  良 久  曰  如 石 頭 云  執 事 
ZH_X68_1319_018:0703a08	元是迷。契理亦非悟。　隱曰。汝以為藥語。為病語。　師曰。	018	元 是 迷  契 理 亦 非 悟   隱 曰  汝 以 為 藥 語  為 病 語   師 曰  
ZH_X68_1319_018:0703a09	是藥語。　隱呵曰。汝以病為藥。又安可哉。　師曰。事如函	018	是 藥 語   隱 呵 曰  汝 以 病 為 藥  又 安 可 哉   師 曰  事 如 函 
ZH_X68_1319_018:0703a10	得葢。理如箭直鋒。妙寧有加者。而猶以為病。實未喻	018	得 葢  理 如 箭 直 鋒  妙 寧 有 加 者  而 猶 以 為 病  實 未 喻 
ZH_X68_1319_018:0703a11	旨。　隱曰。妙至是。亦祇名理事。祖師意旨。智識所不能	018	旨   隱 曰  妙 至 是  亦 祇 名 理 事  祖 師 意 旨  智 識 所 不 能 
ZH_X68_1319_018:0703a12	到。矧事理能盡乎。故世尊云。理障。礙正見知。事障。續	018	到  矧 事 理 能 盡 乎  故 世 尊 云  理 障  礙 正 見 知  事 障  續 
ZH_X68_1319_018:0703a13	諸生死。　師恍如夢覺。曰。如何受用。　隱曰。語不離窠臼。	018	諸 生 死   師 恍 如 夢 覺  曰  如 何 受 用   隱 曰  語 不 離 窠 臼  
ZH_X68_1319_018:0703a14	安能出葢纏。　師歎曰。纔涉唇吻。便落意思。盡是死門。	018	安 能 出 葢 纏   師 歎 曰  纔 涉 唇 吻  便 落 意 思  盡 是 死 門  
ZH_X68_1319_018:0703a15	終非活路。　住後。示眾曰。纔涉唇吻。便落意思。盡是死	018	終 非 活 路   住 後  示 眾 曰  纔 涉 唇 吻  便 落 意 思  盡 是 死 
ZH_X68_1319_018:0703a16	門。俱非活路。直饒透脫。猶在沈淪。莫教孤負平生。虗	018	門  俱 非 活 路  直 饒 透 脫  猶 在 沈 淪  莫 教 孤 負 平 生  虗 
ZH_X68_1319_018:0703a17	度此世。要得不孤負平生麼。拈拄杖。卓一下。曰。須是	018	度 此 世  要 得 不 孤 負 平 生 麼  拈 拄 杖  卓 一 下  曰  須 是 
ZH_X68_1319_018:0703a18	莫被拄杖謾始得。看看。拄杖子穿過你諸人髑髏。[跳-兆+孛]	018	莫 被 拄 杖 謾 始 得  看 看  拄 杖 子 穿 過 你 諸 人 髑 髏  [跳兆孛] 
ZH_X68_1319_018:0703a19	跳入你鼻孔裏去也。又卓一下。	018	跳 入 你 鼻 孔 裏 去 也  又 卓 一 下  
ZH_X68_1319_018:0703a20	過京師。寓止駙馬都尉李端愿之園。李公問曰。地獄	018	過 京 師  寓 止 駙 馬 都 尉 李 端 愿 之 園  李 公 問 曰  地 獄 
ZH_X68_1319_018:0703a21	畢竟是有是無。　師曰。諸佛向無中說有。眼見空花。太	018	畢 竟 是 有 是 無   師 曰  諸 佛 向 無 中 說 有  眼 見 空 花  太 
ZH_X68_1319_018:0703a22	尉就有裏尋無。手[據-豕+旦]水月。堪笑眼前見牢獄不避。心	018	尉 就 有 裏 尋 無  手 [據豕旦] 水 月  堪 笑 眼 前 見 牢 獄 不 避  心 
ZH_X68_1319_018:0703a23	外見天堂欲生。殊不知欣怖在心。善惡成境。太尉但	018	外 見 天 堂 欲 生  殊 不 知 欣 怖 在 心  善 惡 成 境  太 尉 但 
ZH_X68_1319_018:0703a24	了自心。自然無惑。　李曰。心如何了。　師曰。善惡都莫思	018	了 自 心  自 然 無 惑   李 曰  心 如 何 了   師 曰  善 惡 都 莫 思 
ZH_X68_1319_018:0703b01	量。　李曰。不思量後。心歸何所。　師曰。且請太尉歸宅。	018	量   李 曰  不 思 量 後  心 歸 何 所   師 曰  且 請 太 尉 歸 宅  
ZH_X68_1319_018:0703b02	上堂。山僧平生意好相撲。祇是無人搭對。今日且共	018	上 堂  山 僧 平 生 意 好 相 撲  祇 是 無 人 搭 對  今 日 且 共 
ZH_X68_1319_018:0703b03	首座搭對。捲起袈裟下座。索首座相撲。　座纔出。師曰。	018	首 座 搭 對  捲 起 袈 裟 下 座  索 首 座 相 撲   座 纔 出  師 曰  
ZH_X68_1319_018:0703b04	平地上喫交。便歸方丈。	018	平 地 上 喫 交  便 歸 方 丈  
ZH_X68_1319_018:0703b05	光慶遇安禪師	018	光 慶 遇 安 禪 師 
ZH_X68_1319_018:0703b06	上堂。欲識曹谿旨。雲飛前面山。分明真實箇。不用別	018	上 堂  欲 識 曹 谿 旨  雲 飛 前 面 山  分 明 真 實 箇  不 用 別 
ZH_X68_1319_018:0703b07	追攀。　僧問。古德有言。井底紅塵生。山頭波浪起。未審	018	追 攀   僧 問  古 德 有 言  井 底 紅 塵 生  山 頭 波 浪 起  未 審 
ZH_X68_1319_018:0703b08	此意如何。　師曰。若到諸方。但恁麼問。　曰。和尚意旨如	018	此 意 如 何   師 曰  若 到 諸 方  但 恁 麼 問   曰  和 尚 意 旨 如 
ZH_X68_1319_018:0703b09	何。　師曰。適來向汝道甚麼。	018	何   師 曰  適 來 向 汝 道 甚 麼  
ZH_X68_1319_018:0703b10	景清居素禪師	018	景 清 居 素 禪 師 
ZH_X68_1319_018:0703b11	僧問。即此見聞非見聞。為甚麼法身有三種病．二種	018	僧 問  即 此 見 聞 非 見 聞  為 甚 麼 法 身 有 三 種 病  二 種 
ZH_X68_1319_018:0703b12	光。　師曰。填凹就缺。	018	光   師 曰  填 凹 就 缺  
ZH_X68_1319_018:0703b13	駙馬李遵勖居士	018	駙 馬 李 遵 勖 居 士 
ZH_X68_1319_018:0703b14	公謁谷隱。問出家事。隱以崔趙公問徑山公案答之。	018	公 謁 谷 隱  問 出 家 事  隱 以 崔 趙 公 問 徑 山 公 案 答 之  
ZH_X68_1319_018:0703b15	公於言下大悟。作偈曰。學道須是鐵漢。著手心頭便	018	公 於 言 下 大 悟  作 偈 曰  學 道 須 是 鐵 漢  著 手 心 頭 便 
ZH_X68_1319_018:0703b16	判。直趨無上菩提。一切是非莫管。	018	判  直 趨 無上菩提  一 切 是 非 莫 管  
ZH_X68_1319_018:0703b17	公一日與堅上座送別。公問。近離上黨。得屆中都。方	018	公 一 日 與 堅 上 座 送 別  公 問  近 離 上 黨  得 屆 中 都  方 
ZH_X68_1319_018:0703b18	接麈談。遽回虎錫。指雲屏之翠嶠。訪雪嶺之清流。未	018	接 麈 談  遽 回 虎 錫  指 雲 屏 之 翠 嶠  訪 雪 嶺 之 清 流  未 
ZH_X68_1319_018:0703b19	審此處彼處的的事作麼生。　座曰。利劍拂開天地靜。	018	審 此 處 彼 處 的 的 事 作 麼 生   座 曰  利 劍 拂 開 天 地 靜  
ZH_X68_1319_018:0703b20	霜刀纔舉斗牛寒。　公曰。恰值今日耳聵。　座曰。一箭落	018	霜 刀 纔 舉 斗 牛 寒   公 曰  恰 值 今 日 耳 聵   座 曰  一 箭 落 
ZH_X68_1319_018:0703b21	雙鵰。　公曰。上座為甚麼著草鞋睡。座以衣袖一拂。　公	018	雙 鵰   公 曰  上 座 為 甚 麼 著 草 鞋 睡  座 以 衣 袖 一 拂   公 
ZH_X68_1319_018:0703b22	低頭曰。今日可謂降伏也。　座曰。普化出僧堂。	018	低 頭 曰  今 日 可 謂 降 伏 也   座 曰  普 化 出 僧 堂  
ZH_X68_1319_018:0703b23	華嚴道隆禪師	018	華 嚴 道 隆 禪 師 
ZH_X68_1319_018:0703b24	師初參石門徹和尚。問曰。古者道。但得隨處安閒。自	018	師 初 參 石 門 徹 和 尚  問 曰  古 者 道  但 得 隨 處 安 閒  自 
ZH_X68_1319_018:0703c01	然合他古轍。雖有此語。疑心未歇時如何。　石門曰。知	018	然 合 他 古 轍  雖 有 此 語  疑 心 未 歇 時 如 何   石 門 曰  知 
ZH_X68_1319_018:0703c02	有。乃可隨處安閒。如人在州縣住。或聞或見。千奇百	018	有  乃 可 隨 處 安 閒  如 人 在 州 縣 住  或 聞 或 見  千 奇 百 
ZH_X68_1319_018:0703c03	怪。他總將作尋常。不知有而安閒。如人在村落住。有	018	怪  他 總 將 作 尋 常  不 知 有 而 安 閒  如 人 在 村 落 住  有 
ZH_X68_1319_018:0703c04	少聲色。則驚怪傳說。師於言下有省。	018	少 聲 色  則 驚 怪 傳 說  師 於 言 下 有 省  
ZH_X68_1319_018:0703c05	文公楊億大年居士	018	文 公 楊 億 大 年 居 士 
ZH_X68_1319_018:0703c06	公問廣慧曰。承和尚有言。一切罪業。皆因財寶所生。	018	公 問 廣 慧 曰  承 和 尚 有 言  一 切 罪 業  皆 因 財 寶 所 生  
ZH_X68_1319_018:0703c07	勸人疏於財利。況南閻浮提眾生以財為命。邦國以	018	勸 人 疏 於 財 利  況 南 閻 浮 提 眾 生 以 財 為 命  邦 國 以 
ZH_X68_1319_018:0703c08	財聚人。教中有財法二施。何得勸人疏財乎。　慧曰。旛	018	財 聚 人  教 中 有 財 法 二 施  何 得 勸 人 疏 財 乎   慧 曰  旛 
ZH_X68_1319_018:0703c09	竿尖上鐵籠頭。　公曰。海壇馬子似驢大。　慧曰。楚雞不	018	竿 尖 上 鐵 籠 頭   公 曰  海 壇 馬 子 似 驢 大   慧 曰  楚 雞 不 
ZH_X68_1319_018:0703c10	是丹山鳳。　公曰。佛滅二千歲。比丘少慙愧。	018	是 丹 山 鳳   公 曰  佛 滅 二 千 歲  比 丘 少 慙 愧  
ZH_X68_1319_018:0703c11	投子義青禪師	018	投 子 義 青 禪 師 
ZH_X68_1319_018:0703c12	師謁見圓通秀禪師。無所參問。惟嗜睡而已。執事白	018	師 謁 見 圓 通 秀 禪 師  無 所 參 問  惟 嗜 睡 而 已  執 事 白 
ZH_X68_1319_018:0703c13	通。通即曳杖入堂。見師正睡。乃擊牀呵曰。我這裏無	018	通  通 即 曳 杖 入 堂  見 師 正 睡  乃 擊 牀 呵 曰  我 這 裏 無 
ZH_X68_1319_018:0703c14	閒飯與上座喫了打眠。　師曰。和尚教某何為。　通曰。何	018	閒 飯 與 上 座 喫 了 打 眠   師 曰  和 尚 教 某 何 為   通 曰  何 
ZH_X68_1319_018:0703c15	不參禪去。　師曰。美食不中飽人喫。　通曰。爭奈大有人	018	不 參 禪 去   師 曰  美 食 不 中 飽 人 喫   通 曰  爭 奈 大 有 人 
ZH_X68_1319_018:0703c16	不肯上座。　師曰。待肯。堪作甚麼。　通曰。上座曾見甚麼	018	不 肯 上 座   師 曰  待 肯  堪 作 甚 麼   通 曰  上 座 曾 見 甚 麼 
ZH_X68_1319_018:0703c17	人來。　師曰。浮山。　通曰。怪得恁麼頑賴。遂握手相笑。歸	018	人 來   師 曰  浮 山   通 曰  怪 得 恁 麼 頑 賴  遂 握 手 相 笑  歸 
ZH_X68_1319_018:0703c18	方丈。	018	方 丈  
ZH_X68_1319_018:0703c19	興陽清剖禪師	018	興 陽 清 剖 禪 師 
ZH_X68_1319_018:0703c20	師在太陽作園頭。種瓜次。陽問。甜瓜何時得熟。　師曰。	018	師 在 太 陽 作 園 頭  種 瓜 次  陽 問  甜 瓜 何 時 得 熟   師 曰  
ZH_X68_1319_018:0703c21	即今熟爛了也。　曰。揀甜底摘來。　師曰。與甚麼人喫。　曰。	018	即 今 熟 爛 了 也   曰  揀 甜 底 摘 來   師 曰  與 甚 麼 人 喫   曰  
ZH_X68_1319_018:0703c22	不入園者。　師曰。未審不入園者還喫也無。　曰。汝還識	018	不 入 園 者   師 曰  未 審 不 入 園 者 還 喫 也 無   曰  汝 還 識 
ZH_X68_1319_018:0703c23	伊麼。　師曰。雖然不識。不得不與。陽笑而去。	018	伊 麼   師 曰  雖 然 不 識  不 得 不 與  陽 笑 而 去  
ZH_X68_1319_018:0703c24	僧問。娑竭出海乾坤震。覿面相逢事若何。　師曰。金翅	018	僧 問  娑 竭 出 海 乾 坤 震  覿 面 相 逢 事 若 何   師 曰  金 翅 
ZH_X68_1319_018:0704a01	鳥王當宇宙。箇中誰是出頭人。　曰。忽遇出頭時又作	018	鳥 王 當 宇 宙  箇 中 誰 是 出 頭 人   曰  忽 遇 出 頭 時 又 作 
ZH_X68_1319_018:0704a02	麼生。　師曰。似鶻捉鳩君不信。髑髏前驗始知真。　曰。恁	018	麼 生   師 曰  似 鶻 捉 鳩 君 不 信  髑 髏 前 驗 始 知 真   曰  恁 
ZH_X68_1319_018:0704a03	麼則叉手當胸。退身三步也。　師曰。須彌座下烏龜子。	018	麼 則 叉 手 當 胸  退 身 三 步 也   師 曰  須 彌 座 下 烏 龜 子  
ZH_X68_1319_018:0704a04	莫待重遭點額回。	018	莫 待 重 遭 點 額 回  
ZH_X68_1319_018:0704a05	羅浮山顯如禪師	018	羅 浮 山 顯 如 禪 師 
ZH_X68_1319_018:0704a06	師初到太陽。陽問。汝是甚處人。　曰。益州。　陽曰。此去幾	018	師 初 到 太 陽  陽 問  汝 是 甚 處 人   曰  益 州   陽 曰  此 去 幾 
ZH_X68_1319_018:0704a07	里。　曰。五千里。　陽曰。你與麼來。還曾踏著麼。　曰。不曾踏	018	里   曰  五 千 里   陽 曰  你 與 麼 來  還 曾 踏 著 麼   曰  不 曾 踏 
ZH_X68_1319_018:0704a08	著。　陽曰。汝解騰空那。　曰。不解騰空。　陽曰。爭得到這裏。	018	著   陽 曰  汝 解 騰 空 那   曰  不 解 騰 空   陽 曰  爭 得 到 這 裏  
ZH_X68_1319_018:0704a09	　曰。步步不迷方。通身無辨處。　陽曰。汝得超方三昧耶。	018	 曰  步 步 不 迷 方  通 身 無 辨 處   陽 曰  汝 得 超 方 三 昧 耶  
ZH_X68_1319_018:0704a10	　曰。聖心不可得。三昧豈彰名。　陽曰。如是。如是。	018	 曰  聖 心 不 可 得  三 昧 豈 彰 名   陽 曰  如 是  如 是  
ZH_X68_1319_018:0704a11	修撰曾會居士	018	修 撰 曾 會 居 士 
ZH_X68_1319_018:0704a12	公幼與明覺同舍。及冠。異塗。天禧間。公守池州。一日。	018	公 幼 與 明 覺 同 舍  及 冠  異 塗  天 禧 間  公 守 池 州  一 日  
ZH_X68_1319_018:0704a13	會於景德寺。公遂以中庸．大學。參以楞嚴符宗門語	018	會 於 景 德 寺  公 遂 以 中 庸  大 學  參 以 楞 嚴 符 宗 門 語 
ZH_X68_1319_018:0704a14	句質明覺。覺曰。這箇尚不與教乘合。況中庸．大學耶。	018	句 質 明 覺  覺 曰  這 箇 尚 不 與 教 乘 合  況 中 庸  大 學 耶  
ZH_X68_1319_018:0704a15	學士要徑節理會此事。乃彈指一下。曰。但恁麼薦取。	018	學 士 要 徑 節 理 會 此 事  乃 彈 指 一 下  曰  但 恁 麼 薦 取  
ZH_X68_1319_018:0704a16	公於言下領旨。	018	公 於 言 下 領 旨  
ZH_X68_1319_018:0704a17	雲居曉舜禪師	018	雲 居 曉 舜 禪 師 
ZH_X68_1319_018:0704a18	師參洞山。一日。如武昌行乞。首謁劉居士。士曰。老漢	018	師 參 洞 山  一 日  如 武 昌 行 乞  首 謁 劉 居 士  士 曰  老 漢 
ZH_X68_1319_018:0704a19	有一問。若相契。即請開疏。若不相契。即請還山。遂問。	018	有 一 問  若 相 契  即 請 開 疏  若 不 相 契  即 請 還 山  遂 問  
ZH_X68_1319_018:0704a20	古鏡未磨時如何。　師曰。黑似漆。　磨後如何。　師曰。照天	018	古 鏡 未 磨 時 如 何   師 曰  黑 似 漆   磨 後 如 何   師 曰  照 天 
ZH_X68_1319_018:0704a21	照地。　士長揖曰。且請上人還山。　師懡[怡-台+羅]而歸。洞山問	018	照 地   士 長 揖 曰  且 請 上 人 還 山   師 懡 [怡台羅] 而 歸  洞 山 問 
ZH_X68_1319_018:0704a22	其故。師述前語。山曰。汝問我。　師理前問。山曰。此去漢	018	其 故  師 述 前 語  山 曰  汝 問 我   師 理 前 問  山 曰  此 去 漢 
ZH_X68_1319_018:0704a23	陽不遠。　師進後語。山曰。黃鶴樓前鸚鵡洲。師於言下	018	陽 不 遠   師 進 後 語  山 曰  黃 鶴 樓 前 鸚 鵡 洲  師 於 言 下 
ZH_X68_1319_018:0704a24	大悟。	018	大 悟  
ZH_X68_1319_018:0704b01	師嘗譏天衣說葛藤禪。一日。聞懷遷化。於法堂上合	018	師 嘗 譏 天 衣 說 葛 藤 禪  一 日  聞 懷 遷 化  於 法 堂 上 合 
ZH_X68_1319_018:0704b02	掌云。且喜葛藤樁子倒了也。　秀圓通時在會中作維	018	掌 云  且 喜 葛 藤 樁 子 倒 了 也   秀 圓 通 時 在 會 中 作 維 
ZH_X68_1319_018:0704b03	那。每見訶罵不已。乃謂同列曰。我須與這老漢理會	018	那  每 見 訶 罵 不 已  乃 謂 同 列 曰  我 須 與 這 老 漢 理 會 
ZH_X68_1319_018:0704b04	一上。及夜參。又如前訶罵。秀出眾厲聲曰。豈不見圓	018	一 上  及 夜 參  又 如 前 訶 罵  秀 出 眾 厲 聲 曰  豈 不 見 圓 
ZH_X68_1319_018:0704b05	覺經中道。　師遽曰。久立大眾。伏惟珍重。便歸方丈。　秀	018	覺 經 中 道   師 遽 曰  久 立 大 眾  伏 惟 珍 重  便 歸 方 丈   秀 
ZH_X68_1319_018:0704b06	曰。這老漢通身是眼。罵得懷和尚也。	018	曰  這 老 漢 通 身 是 眼  罵 得 懷 和 尚 也  
ZH_X68_1319_018:0704b07	翠巖真點胸常罵師說無事禪。石霜永和尚令人傳	018	翠 巖 真 點 胸 常 罵 師 說 無 事 禪  石 霜 永 和 尚 令 人 傳 
ZH_X68_1319_018:0704b08	語云。舜在洞山悟古鏡因緣豈是說無事禪。你罵他。	018	語 云  舜 在 洞 山 悟 古 鏡 因 緣 豈 是 說 無 事 禪  你 罵 他  
ZH_X68_1319_018:0704b09	自失却一隻眼。　師聞之。作頌曰。雲居不會禪。洗脚上	018	自 失 却 一 隻 眼   師 聞 之  作 頌 曰  雲 居 不 會 禪  洗 脚 上 
ZH_X68_1319_018:0704b10	牀眠。冬瓜直儱侗。瓠子曲彎彎。　永和尚亦作頌曰。石	018	牀 眠  冬 瓜 直 儱 侗  瓠 子 曲 彎 彎   永 和 尚 亦 作 頌 曰  石 
ZH_X68_1319_018:0704b11	霜不會禪。洗脚上牀眠。枕子撲落地。打破常住磚。	018	霜 不 會 禪  洗 脚 上 牀 眠  枕 子 撲 落 地  打 破 常 住 磚  
ZH_X68_1319_018:0704b12	上堂。諸方有弄蛇頭。撥虎尾。跳大海。劍刃裏藏身。雲	018	上 堂  諸 方 有 弄 蛇 頭  撥 虎 尾  跳 大 海  劍 刃 裏 藏 身  雲 
ZH_X68_1319_018:0704b13	居這裏。寒天熱水洗脚。夜間脫韈打睡。早朝旋打行	018	居 這 裏  寒 天 熱 水 洗 脚  夜 間 脫 韈 打 睡  早 朝 旋 打 行 
ZH_X68_1319_018:0704b14	纏。風吹籬倒。喚人夫劈蔑縛起。	018	纏  風 吹 籬 倒  喚 人 夫 劈 蔑 縛 起  
ZH_X68_1319_018:0704b15	師問秀圓通曰。你見懷和尚有何言句。秀舉懷投機	018	師 問 秀 圓 通 曰  你 見 懷 和 尚 有 何 言 句  秀 舉 懷 投 機 
ZH_X68_1319_018:0704b16	頌。　師曰。不好。別有甚言句。　秀曰。一日有長老來參。懷	018	頌   師 曰  不 好  別 有 甚 言 句   秀 曰  一 日 有 長 老 來 參  懷 
ZH_X68_1319_018:0704b17	舉拂子云。會麼。云。不會。懷云。耳朵兩片皮。牙齒一具	018	舉 拂 子 云  會 麼  云  不 會  懷 云  耳 朵 兩 片 皮  牙 齒 一 具 
ZH_X68_1319_018:0704b18	骨。　師歎曰。真善知識。	018	骨   師 歎 曰  真 善 知 識  
ZH_X68_1319_018:0704b19	佛日契嵩禪師	018	佛 日 契 嵩 禪 師 
ZH_X68_1319_018:0704b20	師得法於洞山。師夜則頂戴觀世音菩薩像而誦其	018	師 得 法 於 洞 山  師 夜 則 頂 戴 觀 世 音 菩 薩 像 而 誦 其 
ZH_X68_1319_018:0704b21	號。必滿十萬乃寢。自是世間經書章句。不學而能。作	018	號  必 滿 十 萬 乃 寢  自 是 世 間 經 書 章 句  不 學 而 能  作 
ZH_X68_1319_018:0704b22	原教論十萬餘言。以抗宗韓排佛之說。讀者畏服。後	018	原 教 論 十 萬 餘 言  以 抗 宗 韓 排 佛 之 說  讀 者 畏 服  後 
ZH_X68_1319_018:0704b23	居永安蘭若。著禪門定祖圖．傳法正宗記．輔教編上	018	居 永 安 蘭 若  著 禪 門 定 祖 圖  傳 法 正 宗 記  輔 教 編 上 
ZH_X68_1319_018:0704b24	進。仁宗嘉賞。令編次入藏。賜號明教。	018	進  仁 宗 嘉 賞  令 編 次 入 藏  賜 號 明 教  
ZH_X68_1319_018:0704c01	太守許式	018	太 守 許 式 
ZH_X68_1319_018:0704c02	公得法於洞山。一日。與泐潭澄．上藍溥坐次。潭問。聞	018	公 得 法 於 洞 山  一 日  與 泐 潭 澄  上 藍 溥 坐 次  潭 問  聞 
ZH_X68_1319_018:0704c03	郎中道。夜坐連雲石。春栽帶雨松。當時答洞山甚麼	018	郎 中 道  夜 坐 連 雲 石  春 栽 帶 雨 松  當 時 答 洞 山 甚 麼 
ZH_X68_1319_018:0704c04	話。　公曰。今日放衙早。　潭曰。聞答泗州大聖揚州出現	018	話   公 曰  今 日 放 衙 早   潭 曰  聞 答 泗 州 大 聖 揚 州 出 現 
ZH_X68_1319_018:0704c05	語。是否。　公曰。別點茶來。　潭曰。名不虗傳。　公曰。和尚早	018	語  是 否   公 曰  別 點 茶 來   潭 曰  名 不 虗 傳   公 曰  和 尚 早 
ZH_X68_1319_018:0704c06	晚回山。　潭曰。今日被上藍覰破。藍便喝。　潭曰。須你始	018	晚 回 山   潭 曰  今 日 被 上 藍 覰 破  藍 便 喝   潭 曰  須 你 始 
ZH_X68_1319_018:0704c07	得。　公曰。不奈船何。打破戽斗。	018	得   公 曰  不 奈 船 何  打 破 戽 斗  
ZH_X68_1319_018:0704c08	公入上藍僧堂。問首座。年多少。　曰。六十八。　公曰。僧臘	018	公 入 上 藍 僧 堂  問 首 座  年 多 少   曰  六 十 八   公 曰  僧 臘 
ZH_X68_1319_018:0704c09	多少。　曰。四十七夏。　公曰。聖僧得幾夏。　曰。與虗空齊受	018	多 少   曰  四 十 七 夏   公 曰  聖 僧 得 幾 夏   曰  與 虗 空 齊 受 
ZH_X68_1319_018:0704c10	戒。　公拍板頭曰。下官喫飯不似首座喫鹽多。	018	戒   公 拍 板 頭 曰  下 官 喫 飯 不 似 首 座 喫 鹽 多  
ZH_X68_1319_018:0704c11	玉泉承皓禪師	018	玉 泉 承 皓 禪 師 
ZH_X68_1319_018:0704c12	無盡居士張公奉使京西南路。就謁之。問曰。師得法	018	無 盡 居 士 張 公 奉 使 京 西 南 路  就 謁 之  問 曰  師 得 法 
ZH_X68_1319_018:0704c13	何人。　師曰。復州北塔廣和尚。　公曰。與伊相契可得聞	018	何 人   師 曰  復 州 北 塔 廣 和 尚   公 曰  與 伊 相 契 可 得 聞 
ZH_X68_1319_018:0704c14	乎。　師曰。只為伊不肯與人說破。公善其言。	018	乎   師 曰  只 為 伊 不 肯 與 人 說 破  公 善 其 言  
ZH_X68_1319_018:0704c15	僧入室次。狗子在室中。師叱一聲。狗子便出去。師曰。	018	僧 入 室 次  狗 子 在 室 中  師 叱 一 聲  狗 子 便 出 去  師 曰  
ZH_X68_1319_018:0704c16	狗却會。你却不會。	018	狗 却 會  你 却 不 會  
ZH_X68_1319_018:0704c17	一日。眾集。師問曰。作什麼。　曰。入室。　師曰。待我抽解來。	018	一 日  眾 集  師 問 曰  作 什 麼   曰  入 室   師 曰  待 我 抽 解 來  
ZH_X68_1319_018:0704c18	及上廁來。見僧不去。以拄杖趕散。	018	及 上 廁 來  見 僧 不 去  以 拄 杖 趕 散  
ZH_X68_1319_018:0704c19	示寂。門人圍繞。師笑曰。吾年八十一。老死舁屍出。兒	018	示 寂  門 人 圍 繞  師 笑 曰  吾 年 八 十 一  老 死 舁 屍 出  兒 
ZH_X68_1319_018:0704c20	郎齊著力。一年三百六十日。言畢而逝。	018	郎 齊 著 力  一 年 三 百 六 十 日  言 畢 而 逝  
ZH_X68_1319_018:0704c21	育王懷璉大覺禪師	018	育 王 懷 璉 大 覺 禪 師 
ZH_X68_1319_018:0704c22	師持律嚴甚。仁廟嘗賜以龍腦鉢盂。師對使者焚之。	018	師 持 律 嚴 甚  仁 廟 嘗 賜 以 龍 腦 鉢 盂  師 對 使 者 焚 之  
ZH_X68_1319_018:0704c23	曰。吾法以壞色衣。以瓦鉢食。此鉢非法。仁廟益嘉歎。	018	曰  吾 法 以 壞 色 衣  以 瓦 鉢 食  此 鉢 非 法  仁 廟 益 嘉 歎  
ZH_X68_1319_018:0704c24	師自京師乞還山。時英宗賜手詔。有經過庵院。任性	018	師 自 京 師 乞 還 山  時 英 宗 賜 手 詔  有 經 過 庵 院  任 性 
ZH_X68_1319_018:0705a01	住持語。師藏之不以示人。東坡為師撰宸奎閣記。欲	018	住 持 語  師 藏 之 不 以 示 人  東 坡 為 師 撰 宸 奎 閣 記  欲 
ZH_X68_1319_018:0705a02	一見之。師終不出。示寂後。始得之笥中。示寂之時。年	018	一 見 之  師 終 不 出  示 寂 後  始 得 之 笥 中  示 寂 之 時  年 
ZH_X68_1319_018:0705a03	八十二。	018	八 十 二  
ZH_X68_1319_018:0705a04	法昌倚遇禪師	018	法 昌 倚 遇 禪 師 
ZH_X68_1319_018:0705a05	師謁北禪。禪問。近離甚處。　師曰。福嚴。　禪曰。思大鼻孔	018	師 謁 北 禪  禪 問  近 離 甚 處   師 曰  福 嚴   禪 曰  思 大 鼻 孔 
ZH_X68_1319_018:0705a06	長多少。　師曰。與和尚當時見底一般。　禪曰。汝道我見	018	長 多 少   師 曰  與 和 尚 當 時 見 底 一 般   禪 曰  汝 道 我 見 
ZH_X68_1319_018:0705a07	時長多少。　師曰。和尚大似不曾到福嚴。　禪曰。學語之	018	時 長 多 少   師 曰  和 尚 大 似 不 曾 到 福 嚴   禪 曰  學 語 之 
ZH_X68_1319_018:0705a08	流。　又問。來時馬大師安樂否。　師曰。安樂。　禪曰。向汝道	018	流   又 問  來 時 馬 大 師 安 樂 否   師 曰  安 樂   禪 曰  向 汝 道 
ZH_X68_1319_018:0705a09	甚麼。　師曰。教和尚莫亂統。　禪曰。念汝新到。不能打得	018	甚 麼   師 曰  教 和 尚 莫 亂 統   禪 曰  念 汝 新 到  不 能 打 得 
ZH_X68_1319_018:0705a10	你。　師曰。某甲亦放和尚過。　茶罷。禪問。鄉里甚處。　師曰。	018	你   師 曰  某 甲 亦 放 和 尚 過   茶 罷  禪 問  鄉 里 甚 處   師 曰  
ZH_X68_1319_018:0705a11	漳州。　禪曰。三平在彼作甚麼。　師曰。說禪說道。　禪曰。年	018	漳 州   禪 曰  三 平 在 彼 作 甚 麼   師 曰  說 禪 說 道   禪 曰  年 
ZH_X68_1319_018:0705a12	多少。　師曰。與露柱齊年。　禪曰。有露柱且從。無露柱年	018	多 少   師 曰  與 露 柱 齊 年   禪 曰  有 露 柱 且 從  無 露 柱 年 
ZH_X68_1319_018:0705a13	多少。　師曰。無露柱。一年也不少。　禪曰。夜半放烏雞。	018	多 少   師 曰  無 露 柱  一 年 也 不 少   禪 曰  夜 半 放 烏 雞  
ZH_X68_1319_018:0705a14	師事北禪最久。慈明過北禪。師侍立。禪曰。汾陽獅子。	018	師 事 北 禪 最 久  慈 明 過 北 禪  師 侍 立  禪 曰  汾 陽 獅 子  
ZH_X68_1319_018:0705a15	可煞威獰。　明曰。不道來者齩殺。　禪曰。審如此。汾陽門	018	可 煞 威 獰   明 曰  不 道 來 者 齩 殺   禪 曰  審 如 此  汾 陽 門 
ZH_X68_1319_018:0705a16	下道絕人荒耶。　明舉拂子曰。這箇因甚到今日。　禪未	018	下 道 絕 人 荒 耶   明 舉 拂 子 曰  這 箇 因 甚 到 今 日   禪 未 
ZH_X68_1319_018:0705a17	及對。師從旁曰。養子不及父。家門一世衰。　禪呵曰。汝	018	及 對  師 從 旁 曰  養 子 不 及 父  家 門 一 世 衰   禪 呵 曰  汝 
ZH_X68_1319_018:0705a18	具甚眼目乃敢爾。　師曰。若是齩人獅子。終不與麼。　明	018	具 甚 眼 目 乃 敢 爾   師 曰  若 是 齩 人 獅 子  終 不 與 麼   明 
ZH_X68_1319_018:0705a19	將去。至龍牙像前指問師云。誰像。　師曰。龍牙像。　明曰。	018	將 去  至 龍 牙 像 前 指 問 師 云  誰 像   師 曰  龍 牙 像   明 曰  
ZH_X68_1319_018:0705a20	既是龍牙像。為甚在北禪。　師曰。兩彩一賽。　明曰。像在	018	既 是 龍 牙 像  為 甚 在 北 禪   師 曰  兩 彩 一 賽   明 曰  像 在 
ZH_X68_1319_018:0705a21	此。龍牙在甚處。　師擬對。明掌之曰。莫道不能齩人。　師	018	此  龍 牙 在 甚 處   師 擬 對  明 掌 之 曰  莫 道 不 能 齩 人   師 
ZH_X68_1319_018:0705a22	曰。乞兒見小利。明呵逐之。	018	曰  乞 兒 見 小 利  明 呵 逐 之  
ZH_X68_1319_018:0705a23	遊廬山。寓圓通。時大覺璉公方赴詔。辭眾曰。此事分	018	遊 廬 山  寓 圓 通  時 大 覺 璉 公 方 赴 詔  辭 眾 曰  此 事 分 
ZH_X68_1319_018:0705a24	明須薦取。莫教累劫受輪迴。　師問曰。如何是此事。　曰。	018	明 須 薦 取  莫 教 累 劫 受 輪 迴   師 問 曰  如 何 是 此 事   曰  
ZH_X68_1319_018:0705b01	薦取。　師曰。頭上是天。脚下是地。薦箇甚麼。　曰。不是知	018	薦 取   師 曰  頭 上 是 天  脚 下 是 地  薦 箇 甚 麼   曰  不 是 知 
ZH_X68_1319_018:0705b02	音者。徒勞話歲寒。　師曰。豈無方便。　曰。胡人飲乳。反怪	018	音 者  徒 勞 話 歲 寒   師 曰  豈 無 方 便   曰  胡 人 飲 乳  反 怪 
ZH_X68_1319_018:0705b03	良醫。　師曰。暴虎憑河。徒誇好手。拍一拍歸眾。	018	良 醫   師 曰  暴 虎 憑 河  徒 誇 好 手  拍 一 拍 歸 眾  
ZH_X68_1319_018:0705b04	師在雙嶺受法昌請。與英．勝二首座相別。曰。三年聚	018	師 在 雙 嶺 受 法 昌 請  與 英  勝 二 首 座 相 別  曰  三 年 聚 
ZH_X68_1319_018:0705b05	首。無事不知。檢點將來。不無滲漏。以拄杖畫一畫。曰。	018	首  無 事 不 知  檢 點 將 來  不 無 滲 漏  以 拄 杖 畫 一 畫  曰  
ZH_X68_1319_018:0705b06	這箇即且止。宗門事作麼生。　英曰。須彌安鼻孔。　師曰。	018	這 箇 即 且 止  宗 門 事 作 麼 生   英 曰  須 彌 安 鼻 孔   師 曰  
ZH_X68_1319_018:0705b07	恁麼則臨崖看滸眼。特地一場愁。　英曰。深沙努眼睛。	018	恁 麼 則 臨 崖 看 滸 眼  特 地 一 場 愁   英 曰  深 沙 努 眼 睛  
ZH_X68_1319_018:0705b08	　師曰。爭奈聖凡無異路。方便有多門。　英曰。鐵蛇鑽不	018	 師 曰  爭 奈 聖 凡 無 異 路  方 便 有 多 門   英 曰  鐵 蛇 鑽 不 
ZH_X68_1319_018:0705b09	入。　師曰。這般漢有甚共語處。　英曰。自緣根力淺。莫怨	018	入   師 曰  這 般 漢 有 甚 共 語 處   英 曰  自 緣 根 力 淺  莫 怨 
ZH_X68_1319_018:0705b10	太陽春。却畫一畫。曰。宗門事且止。這箇事作麼生。師	018	太 陽 春  却 畫 一 畫  曰  宗 門 事 且 止  這 箇 事 作 麼 生  師 
ZH_X68_1319_018:0705b11	便掌。　英曰。這漳州子。莫無去就。　師曰。你這般見解。不	018	便 掌   英 曰  這 漳 州 子  莫 無 去 就   師 曰  你 這 般 見 解  不 
ZH_X68_1319_018:0705b12	打更待何時。又打。　英曰。也是老僧招得。	018	打 更 待 何 時  又 打   英 曰  也 是 老 僧 招 得  
ZH_X68_1319_018:0705b13	住後。英．勝到山相訪。英曰。和尚尋常愛點檢諸方。今	018	住 後  英  勝 到 山 相 訪  英 曰  和 尚 尋 常 愛 點 檢 諸 方  今 
ZH_X68_1319_018:0705b14	日因甚麼却來古廟裏作活計。　師曰。打草祗要驚蛇。	018	日 因 甚 麼 却 來 古 廟 裏 作 活 計   師 曰  打 草 祗 要 驚 蛇  
ZH_X68_1319_018:0705b15	　英曰。莫塗糊人好。　師曰。你又刺頭入膠盆作甚麼。　英	018	 英 曰  莫 塗 糊 人 好   師 曰  你 又 刺 頭 入 膠 盆 作 甚 麼   英 
ZH_X68_1319_018:0705b16	曰。古人道。我見兩箇泥牛鬬入海。所以住此山。未審	018	曰  古 人 道  我 見 兩 箇 泥 牛 鬬 入 海  所 以 住 此 山  未 審 
ZH_X68_1319_018:0705b17	和尚見箇甚麼。　師曰。你他時異日有把茆葢頭。人或	018	和 尚 見 箇 甚 麼   師 曰  你 他 時 異 日 有 把 茆 葢 頭  人 或 
ZH_X68_1319_018:0705b18	問你。作麼生祗對。　英曰。山頭不如嶺尾。　師曰。你且道	018	問 你  作 麼 生 祗 對   英 曰  山 頭 不 如 嶺 尾   師 曰  你 且 道 
ZH_X68_1319_018:0705b19	還當得住山事也無。　英曰。使钁不及拖犂。　師曰。還曾	018	還 當 得 住 山 事 也 無   英 曰  使 钁 不 及 拖 犂   師 曰  還 曾 
ZH_X68_1319_018:0705b20	夢見古人麼。　英曰。和尚作麼生。師展兩手。　英曰。蝦跳	018	夢 見 古 人 麼   英 曰  和 尚 作 麼 生  師 展 兩 手   英 曰  蝦 跳 
ZH_X68_1319_018:0705b21	不出斗。　師曰。休將三寸燭。擬比太陽輝。　英曰。爭奈公	018	不 出 斗   師 曰  休 將 三 寸 燭  擬 比 太 陽 輝   英 曰  爭 奈 公 
ZH_X68_1319_018:0705b22	案現在。　師曰。亂統禪和。如麻似粟。	018	案 現 在   師 曰  亂 統 禪 和  如 麻 似 粟  
ZH_X68_1319_018:0705b23	雲居了元佛印禪師	018	雲 居 了 元 佛 印 禪 師 
ZH_X68_1319_018:0705b24	師入室次。蘇子瞻適至。師曰。此間無坐處。　蘇曰。暫借	018	師 入 室 次  蘇 子 瞻 適 至  師 曰  此 間 無 坐 處   蘇 曰  暫 借 
ZH_X68_1319_018:0705c01	佛印四大為座。　師曰。山僧有一問。學士道得即請坐。	018	佛 印 四 大 為 座   師 曰  山 僧 有 一 問  學 士 道 得 即 請 坐  
ZH_X68_1319_018:0705c02	道不得即輸玉帶。　蘇欣然請問。師曰。四大本空。五陰	018	道 不 得 即 輸 玉 帶   蘇 欣 然 請 問  師 曰  四 大 本 空  五 陰 
ZH_X68_1319_018:0705c03	非有。居士向甚麼處坐。蘇遂施帶。師答一衲。	018	非 有  居 士 向 甚 麼 處 坐  蘇 遂 施 帶  師 答 一 衲  
ZH_X68_1319_018:0705c04	西塞帥王公韶自以殺業重。祈為澡雪。請說法上藍。	018	西 塞 帥 王 公 韶 自 以 殺 業 重  祈 為 澡 雪  請 說 法 上 藍  
ZH_X68_1319_018:0705c05	師炷香曰。此香為殺人不眨眼上將軍立地成佛大	018	師 炷 香 曰  此 香 為 殺 人 不 眨 眼 上 將 軍 立 地 成 佛 大 
ZH_X68_1319_018:0705c06	居士。眾稱善。韶亦悠然意消。	018	居 士  眾 稱 善  韶 亦 悠 然 意 消  
ZH_X68_1319_018:0705c07	智海逸正覺禪師	018	智 海 逸 正 覺 禪 師 
ZH_X68_1319_018:0705c08	僧問。古鏡未磨時如何。　師曰。青青河畔草。　曰。磨後如	018	僧 問  古 鏡 未 磨 時 如 何   師 曰  青 青 河 畔 草   曰  磨 後 如 
ZH_X68_1319_018:0705c09	何。　師曰。鬱鬱園中柳。　曰。磨與未磨。是同是別。　師曰。同	018	何   師 曰  鬱 鬱 園 中 柳   曰  磨 與 未 磨  是 同 是 別   師 曰  同 
ZH_X68_1319_018:0705c10	別且置。還我鏡來。僧擬議。師便喝。	018	別 且 置  還 我 鏡 來  僧 擬 議  師 便 喝  
ZH_X68_1319_018:0705c11	道士問。如何是道。　師曰。龍吟金鼎。虎嘯丹田。　曰。如何	018	道 士 問  如 何 是 道   師 曰  龍 吟 金 鼎  虎 嘯 丹 田   曰  如 何 
ZH_X68_1319_018:0705c12	是道中人。　師曰。吐故納新。　曰。道與道中人相去多少。	018	是 道 中 人   師 曰  吐 故 納 新   曰  道 與 道 中 人 相 去 多 少  
ZH_X68_1319_018:0705c13	　師曰。罥鶴顛崖上。沖天昧米民。	018	 師 曰  罥 鶴 顛 崖 上  沖 天 昧 米 民  
ZH_X68_1319_018:0705c14	五雲華嚴志逢禪師	018	五 雲 華 嚴 志 逢 禪 師 
ZH_X68_1319_018:0705c15	師一日入普賢殿中宴坐。倐有一神人跪膝於前。師	018	師 一 日 入 普 賢 殿 中 宴 坐  倐 有 一 神 人 跪 膝 於 前  師 
ZH_X68_1319_018:0705c16	問。汝其誰乎。　曰。護戒神也。　師曰。吾患有宿愆未殄。汝	018	問  汝 其 誰 乎   曰  護 戒 神 也   師 曰  吾 患 有 宿 愆 未 殄  汝 
ZH_X68_1319_018:0705c17	知之乎。　曰。師有何罪。惟一小過耳。　師曰。何也。　曰。凡折	018	知 之 乎   曰  師 有 何 罪  惟 一 小 過 耳   師 曰  何 也   曰  凡 折 
ZH_X68_1319_018:0705c18	鉢水。亦施主物。師每傾棄。非所宜也。言訖而隱。　師自	018	鉢 水  亦 施 主 物  師 每 傾 棄  非 所 宜 也  言 訖 而 隱   師 自 
ZH_X68_1319_018:0705c19	此洗鉢水盡飲之。積久因致脾疾。十載方愈。	018	此 洗 鉢 水 盡 飲 之  積 久 因 致 脾 疾  十 載 方 愈  
ZH_X68_1319_018:0705c20	瑞鹿上方遇安禪師	018	瑞 鹿 上 方 遇 安 禪 師 
ZH_X68_1319_018:0705c21	師事天台。閱首楞嚴經。到知見立知。即無明本。知見	018	師 事 天 台  閱 首 楞 嚴 經  到 知 見 立 知  即 無 明 本  知 見 
ZH_X68_1319_018:0705c22	無見。斯即涅槃。師乃破句讀曰。知見立。知即無明本。	018	無 見  斯 即 涅 槃  師 乃 破 句 讀 曰  知 見 立  知 即 無 明 本  
ZH_X68_1319_018:0705c23	知見無。見斯即涅槃。於此有省。　有人語師曰。破句了	018	知 見 無  見 斯 即 涅 槃  於 此 有 省   有 人 語 師 曰  破 句 了 
ZH_X68_1319_018:0705c24	也。　師曰。此是我悟處。畢生不易。時謂之安楞嚴。	018	也   師 曰  此 是 我 悟 處  畢 生 不 易  時 謂 之 安 楞 嚴  
ZH_X68_1319_018:0706a01	雁蕩願齊禪師	018	雁 蕩 願 齊 禪 師 
ZH_X68_1319_018:0706a02	僧問。夜月舒光。為甚麼碧潭無影。　師曰。作家弄影漢。	018	僧 問  夜 月 舒 光  為 甚 麼 碧 潭 無 影   師 曰  作 家 弄 影 漢  
ZH_X68_1319_018:0706a03	其僧從東過西立。　師曰。不惟弄影。兼乃怖頭。	018	其 僧 從 東 過 西 立   師 曰  不 惟 弄 影  兼 乃 怖 頭  
ZH_X68_1319_018:0706a04	雲居道齊禪師	018	雲 居 道 齊 禪 師 
ZH_X68_1319_018:0706a05	大梅煦來參。師問。汝從甚處來。若從僧堂來。即是謾	018	大 梅 煦 來 參  師 問  汝 從 甚 處 來  若 從 僧 堂 來  即 是 謾 
ZH_X68_1319_018:0706a06	語。不從僧堂來。又是自瞞。汝從甚處來。梅於言下頓	018	語  不 從 僧 堂 來  又 是 自 瞞  汝 從 甚 處 來  梅 於 言 下 頓 
ZH_X68_1319_018:0706a07	悟。	018	悟  
ZH_X68_1319_018:0706a08	支提辯隆禪師	018	支 提 辯 隆 禪 師 
ZH_X68_1319_018:0706a09	上堂。巍巍實相。逼塞虗空。金剛之體。無有破壞。大眾	018	上 堂  巍 巍 實 相  逼 塞 虗 空  金 剛 之 體  無 有 破 壞  大 眾 
ZH_X68_1319_018:0706a10	還見不見。若言見也。且實相之體。本無青黃赤白。長	018	還 見 不 見  若 言 見 也  且 實 相 之 體  本 無 青 黃 赤 白  長 
ZH_X68_1319_018:0706a11	短方圓。亦非見聞覺知之法。且作麼生作箇見底道	018	短 方 圓  亦 非 見聞覺知 之 法  且 作 麼 生 作 箇 見 底 道 
ZH_X68_1319_018:0706a12	理。若言不見。又道巍巍實相。逼塞虗空。為甚麼不見。	018	理  若 言 不 見  又 道 巍 巍 實 相  逼 塞 虗 空  為 甚 麼 不 見  
ZH_X68_1319_018:0706a13	　僧問。如何是向上一路。　師曰。脚下底。　曰。恁麼則尋常	018	 僧 問  如 何 是 向 上 一 路   師 曰  脚 下 底   曰  恁 麼 則 尋 常 
ZH_X68_1319_018:0706a14	履踐。　師曰。莫錯認。	018	履 踐   師 曰  莫 錯 認  
ZH_X68_1319_018:0706a15	廬山棲賢澄湜禪師	018	廬 山 棲 賢 澄 湜 禪 師 
ZH_X68_1319_018:0706a16	僧問。毗目仙人執善財手。見微塵諸佛。祗如未執手	018	僧 問  毗 目 仙 人 執 善 財 手  見 微 塵 諸 佛  祗 如 未 執 手 
ZH_X68_1319_018:0706a17	時。見箇甚麼。　師曰。如今又見箇甚麼。	018	時  見 箇 甚 麼   師 曰  如 今 又 見 箇 甚 麼  
ZH_X68_1319_018:0706a18	師性高簡。律身精嚴。動不違法度。暮年。三終藏經。以	018	師 性 高 簡  律 身 精 嚴  動 不 違 法 度  暮 年  三 終 藏 經  以 
ZH_X68_1319_018:0706a19	坐閱為未敬。則立誦行披之。黃龍南禪師初遊方。年	018	坐 閱 為 未 敬  則 立 誦 行 披 之  黃 龍 南 禪 師 初 遊 方  年 
ZH_X68_1319_018:0706a20	方少。從之屢年。故其平生所為多取法焉。嘗曰。棲賢	018	方 少  從 之 屢 年  故 其 平 生 所 為 多 取 法 焉  嘗 曰  棲 賢 
ZH_X68_1319_018:0706a21	和尚定從人天中來。叢林標表也。	018	和 尚 定 從 人 天 中 來  叢 林 標 表 也  
ZH_X68_1319_018:0706a22	黃龍慧南禪師	018	黃 龍 慧 南 禪 師 
ZH_X68_1319_018:0706a23	化主歸。上堂。世間有五種不易。一．化者不易。二．施者	018	化 主 歸  上 堂  世 間 有 五 種 不 易  一  化 者 不 易  二  施 者 
ZH_X68_1319_018:0706a24	不易。三．變生為熟者不易。四．端坐喫者不易。更有一	018	不 易  三  變 生 為 熟 者 不 易  四  端 坐 喫 者 不 易  更 有 一 
ZH_X68_1319_018:0706b01	種不易是甚麼人。良久。云。&#;。便下座。	018	種 不 易 是 甚 麼 人  良 久  云      便 下 座  
ZH_X68_1319_018:0706b02	師問翠巖。承聞首座常將女子出定話為人。是否。　巖	018	師 問 翠 巖  承 聞 首 座 常 將 女 子 出 定 話 為 人  是 否   巖 
ZH_X68_1319_018:0706b03	曰。無。　師曰。奢而不儉。儉而不奢。為甚道無。　巖曰。若是	018	曰  無   師 曰  奢 而 不 儉  儉 而 不 奢  為 甚 道 無   巖 曰  若 是 
ZH_X68_1319_018:0706b04	本分衲僧。也少他鹽醫不得。　師却回首喚侍者。報典	018	本 分 衲 僧  也 少 他 鹽 醫 不 得   師 却 回 首 喚 侍 者  報 典 
ZH_X68_1319_018:0706b05	座。明日只煑白粥。	018	座  明 日 只 煑 白 粥  
ZH_X68_1319_018:0706b06	師風度凝遠。叢林中有終身未嘗見其破顏者。居積	018	師 風 度 凝 遠  叢 林 中 有 終 身 未 嘗 見 其 破 顏 者  居 積 
ZH_X68_1319_018:0706b07	翠時。一夕燕坐間。光爥室。戒侍者令勿言。　四祖演長	018	翠 時  一 夕 燕 坐 間  光 爥 室  戒 侍 者 令 勿 言   四 祖 演 長 
ZH_X68_1319_018:0706b08	老通法嗣書。上堂。山僧才輕德薄。豈堪人師。蓋不昧	018	老 通 法 嗣 書  上 堂  山 僧 才 輕 德 薄  豈 堪 人 師  蓋 不 昧 
ZH_X68_1319_018:0706b09	本心。不欺諸聖。未免生死。今免生死。未出輪迴。今出	018	本 心  不 欺 諸 聖  未 免 生 死  今 免 生 死  未 出 輪 迴  今 出 
ZH_X68_1319_018:0706b10	輪迴。未得解脫。今得解脫。未得自在。今得自在。所以	018	輪 迴  未 得 解 脫  今 得 解 脫  未 得 自 在  今 得 自 在  所 以 
ZH_X68_1319_018:0706b11	大覺世尊於然燈佛所無一法可得。六祖夜半於黃	018	大 覺 世 尊 於 然 燈 佛 所 無 一 法 可 得  六 祖 夜 半 於 黃 
ZH_X68_1319_018:0706b12	梅又傳箇甚麼。乃說偈曰。得不得。傳不傳。歸根得旨	018	梅 又 傳 箇 甚 麼  乃 說 偈 曰  得 不 得  傳 不 傳  歸 根 得 旨 
ZH_X68_1319_018:0706b13	復何言。憶得首山曾漏泄。新婦騎驢阿家牽。	018	復 何 言  憶 得 首 山 曾 漏 泄  新 婦 騎 驢 阿 家 牽  
ZH_X68_1319_018:0706b14	楊岐方會禪師	018	楊 岐 方 會 禪 師 
ZH_X68_1319_018:0706b15	慈明上堂。師出問。幽鳥語喃喃。辭雲入亂峰時如何。	018	慈 明 上 堂  師 出 問  幽 鳥 語 喃 喃  辭 雲 入 亂 峰 時 如 何  
ZH_X68_1319_018:0706b16	　明曰。我行荒草裏。汝又入深村。　師曰。官不容針。更借	018	 明 曰  我 行 荒 草 裏  汝 又 入 深 村   師 曰  官 不 容 針  更 借 
ZH_X68_1319_018:0706b17	一問。明便喝。　師曰。好喝。明又喝。師亦喝。明連喝兩喝。	018	一 問  明 便 喝   師 曰  好 喝  明 又 喝  師 亦 喝  明 連 喝 兩 喝  
ZH_X68_1319_018:0706b18	師禮拜。　明曰。此事是箇人方能擔荷。師拂袖便行。	018	師 禮 拜   明 曰  此 事 是 箇 人 方 能 擔 荷  師 拂 袖 便 行  
ZH_X68_1319_018:0706b19	一日。慈明問師。馬祖見讓師便悟去。且道迷却在甚	018	一 日  慈 明 問 師  馬 祖 見 讓 師 便 悟 去  且 道 迷 却 在 甚 
ZH_X68_1319_018:0706b20	麼處。　師曰。要悟即易。要迷即難。	018	麼 處   師 曰  要 悟 即 易  要 迷 即 難  
ZH_X68_1319_018:0706b21	陞座。時有僧出。師曰。漁翁未擲釣。躍鱗衝浪來。僧便	018	陞 座  時 有 僧 出  師 曰  漁 翁 未 擲 釣  躍 鱗 衝 浪 來  僧 便 
ZH_X68_1319_018:0706b22	喝。　師曰。不信道。僧拊掌歸眾。　師曰。消得龍王多少風。	018	喝   師 曰  不 信 道  僧 拊 掌 歸 眾   師 曰  消 得 龍 王 多 少 風  
ZH_X68_1319_018:0706b23	　問。師唱誰家曲。宗風嗣阿誰。　師曰。有馬騎馬。無馬步	018	 問  師 唱 誰 家 曲  宗 風 嗣 阿 誰   師 曰  有 馬 騎 馬  無 馬 步 
ZH_X68_1319_018:0706b24	行。　曰。少年長老。足有機籌。　師曰。念汝年老。放汝三十	018	行   曰  少 年 長 老  足 有 機 籌   師 曰  念 汝 年 老  放 汝 三 十 
ZH_X68_1319_018:0706c01	棒。　問。如何是佛。　師曰。三脚驢子弄蹄行。　曰。莫祗這便	018	棒   問  如 何 是 佛   師 曰  三 脚 驢 子 弄 蹄 行   曰  莫 祗 這 便 
ZH_X68_1319_018:0706c02	是麼。　師曰。湖南長老。　師下座。九峰勤和尚把住云。今	018	是 麼   師 曰  湖 南 長 老   師 下 座  九 峰 勤 和 尚 把 住 云  今 
ZH_X68_1319_018:0706c03	日喜得箇同參。　師曰。作麼生是同參底事。　曰。九峰牽	018	日 喜 得 箇 同 參   師 曰  作 麼 生 是 同 參 底 事   曰  九 峰 牽 
ZH_X68_1319_018:0706c04	犂。楊岐拽耙。　師曰。正恁麼時。楊岐在前。九峰在前。　勤	018	犂  楊 岐 拽 耙   師 曰  正 恁 麼 時  楊 岐 在 前  九 峰 在 前   勤 
ZH_X68_1319_018:0706c05	擬議。師拓開曰。將謂同參。元來不是。	018	擬 議  師 拓 開 曰  將 謂 同 參  元 來 不 是  
ZH_X68_1319_018:0706c06	慈明忌辰設齋。眾纔集。師於真前以兩手揑拳安頭	018	慈 明 忌 辰 設 齋  眾 纔 集  師 於 真 前 以 兩 手 揑 拳 安 頭 
ZH_X68_1319_018:0706c07	上。以坐具畫一畫。打一圓相。便燒香。退身三步。作女	018	上  以 坐 具 畫 一 畫  打 一 圓 相  便 燒 香  退 身 三 步  作 女 
ZH_X68_1319_018:0706c08	人拜。首座曰。休揑怪。　師曰。首座作麼生。　座曰。和尚休	018	人 拜  首 座 曰  休 揑 怪   師 曰  首 座 作 麼 生   座 曰  和 尚 休 
ZH_X68_1319_018:0706c09	揑怪。　師曰。兔子喫牛嬭。　第二座近前。打一圓相。便燒	018	揑 怪   師 曰  兔 子 喫 牛 嬭   第 二 座 近 前  打 一 圓 相  便 燒 
ZH_X68_1319_018:0706c10	香。亦退身三步。作女人拜。師近前作聽勢。座擬議。師	018	香  亦 退 身 三 步  作 女 人 拜  師 近 前 作 聽 勢  座 擬 議  師 
ZH_X68_1319_018:0706c11	打一掌曰。這漆桶也亂做。	018	打 一 掌 曰  這 漆 桶 也 亂 做  
ZH_X68_1319_018:0706c12	問來僧曰。雲深路僻。高駕何來。　曰。天無四壁。　師曰。踏	018	問 來 僧 曰  雲 深 路 僻  高 駕 何 來   曰  天 無 四 壁   師 曰  踏 
ZH_X68_1319_018:0706c13	破多少草鞋。僧便喝。　師曰。一喝兩喝後作麼生。　曰。看	018	破 多 少 草 鞋  僧 便 喝   師 曰  一 喝 兩 喝 後 作 麼 生   曰  看 
ZH_X68_1319_018:0706c14	這老和尚著忙。　師曰。拄杖不在。且坐喫茶。	018	這 老 和 尚 著 忙   師 曰  拄 杖 不 在  且 坐 喫 茶  
ZH_X68_1319_018:0706c15	又問來僧。敗葉堆雲。朝離何處。　曰。觀音。　師曰。觀音脚	018	又 問 來 僧  敗 葉 堆 雲  朝 離 何 處   曰  觀 音   師 曰  觀 音 脚 
ZH_X68_1319_018:0706c16	跟下一句作麼生道。　曰。適來相見了也。　師曰。相見底	018	跟 下 一 句 作 麼 生 道   曰  適 來 相 見 了 也   師 曰  相 見 底 
ZH_X68_1319_018:0706c17	事作麼生。其僧無對。　師曰。第二上座代參頭道看。亦	018	事 作 麼 生  其 僧 無 對   師 曰  第 二 上 座 代 參 頭 道 看  亦 
ZH_X68_1319_018:0706c18	無對。　師曰。彼此相鈍置。	018	無 對   師 曰  彼 此 相 鈍 置  
ZH_X68_1319_018:0706c19	室中問僧。栗棘蓬你作麼生吞。金剛圈你作麼生透。	018	室 中 問 僧  栗 棘 蓬 你 作 麼 生 吞  金 剛 圈 你 作 麼 生 透  
ZH_X68_1319_018:0706c20	一日。七人新到。師問。陣勢既圓。作家戰將何不出陣	018	一 日  七 人 新 到  師 問  陣 勢 既 圓  作 家 戰 將 何 不 出 陣 
ZH_X68_1319_018:0706c21	與楊岐相見。僧以坐具便打。　師曰。作家。僧又打。　師曰。	018	與 楊 岐 相 見  僧 以 坐 具 便 打   師 曰  作 家  僧 又 打   師 曰  
ZH_X68_1319_018:0706c22	一坐具。兩坐具。又作麼生。僧擬議。師背面立。僧又打。	018	一 坐 具  兩 坐 具  又 作 麼 生  僧 擬 議  師 背 面 立  僧 又 打  
ZH_X68_1319_018:0706c23	　師曰。你道楊岐話頭落在甚處。　僧指面前曰。在這裏。	018	 師 曰  你 道 楊 岐 話 頭 落 在 甚 處   僧 指 面 前 曰  在 這 裏  
ZH_X68_1319_018:0706c24	　師曰。三十年後遇明眼人不得錯舉好。且坐喫茶。	018	 師 曰  三 十 年 後 遇 明 眼 人 不 得 錯 舉 好  且 坐 喫 茶  
ZH_X68_1319_018:0707a01	翠巖可真禪師	018	翠 巖 可 真 禪 師 
ZH_X68_1319_018:0707a02	慈明問。如何是佛法大意。　師曰。無雲生嶺上。有月落	018	慈 明 問  如 何 是 佛 法 大 意   師 曰  無 雲 生 嶺 上  有 月 落 
ZH_X68_1319_018:0707a03	波心。　明嗔目喝曰。頭白齒豁猶作這箇見解。如何脫	018	波 心   明 嗔 目 喝 曰  頭 白 齒 豁 猶 作 這 箇 見 解  如 何 脫 
ZH_X68_1319_018:0707a04	離生死。師悚然求指示。　明曰。汝問我。　師理前語問之。	018	離 生 死  師 悚 然 求 指 示   明 曰  汝 問 我   師 理 前 語 問 之  
ZH_X68_1319_018:0707a05	明震聲喝曰。無雲生嶺上。有月落波心。師於言下大	018	明 震 聲 喝 曰  無 雲 生 嶺 上  有 月 落 波 心  師 於 言 下 大 
ZH_X68_1319_018:0707a06	悟。	018	悟  
ZH_X68_1319_018:0707a07	師語南禪師曰。我他日十字街頭作箇粥飯主人。有	018	師 語 南 禪 師 曰  我 他 日 十 字 街 頭 作 箇 粥 飯 主 人  有 
ZH_X68_1319_018:0707a08	僧自黃檗來。我必勘之。　南公曰。何必他日。我作黃檗	018	僧 自 黃 檗 來  我 必 勘 之   南 公 曰  何 必 他 日  我 作 黃 檗 
ZH_X68_1319_018:0707a09	僧。汝今試問。　師便問。近離甚處。　曰。黃檗。　師曰。見說堂	018	僧  汝 今 試 問   師 便 問  近 離 甚 處   曰  黃 檗   師 曰  見 說 堂 
ZH_X68_1319_018:0707a10	頭老子脚跟不點地。是否。　曰。上座何處得這消息來。	018	頭 老 子 脚 跟 不 點 地  是 否   曰  上 座 何 處 得 這 消 息 來  
ZH_X68_1319_018:0707a11	　師曰。有人傳至。　南公笑曰。却是汝脚跟不點地。師亦	018	 師 曰  有 人 傳 至   南 公 笑 曰  却 是 汝 脚 跟 不 點 地  師 亦 
ZH_X68_1319_018:0707a12	大笑而去。	018	大 笑 而 去  
ZH_X68_1319_018:0707a13	靈隱德章禪師	018	靈 隱 德 章 禪 師 
ZH_X68_1319_018:0707a14	師初住大相國寺西經藏院。仁宗詔師於延春閣下	018	師 初 住 大 相 國 寺 西 經 藏 院  仁 宗 詔 師 於 延 春 閣 下 
ZH_X68_1319_018:0707a15	齋。宣普照大師。問如何是當機一句。　師曰。一言迥出	018	齋  宣 普 照 大 師  問 如 何 是 當 機 一 句   師 曰  一 言 迥 出 
ZH_X68_1319_018:0707a16	青霄外。萬仞峰前嶮處行。　曰。作麼生是嶮處行。師便	018	青 霄 外  萬 仞 峰 前 嶮 處 行   曰  作 麼 生 是 嶮 處 行  師 便 
ZH_X68_1319_018:0707a17	喝。　曰。皇帝面前。何得如此。	018	喝   曰  皇 帝 面 前  何 得 如 此  
ZH_X68_1319_018:0707a18	後再宣入化成殿齋。宣守賢問。齋筵大啟。如何報答	018	後 再 宣 入 化 成 殿 齋  宣 守 賢 問  齋 筵 大 啟  如 何 報 答 
ZH_X68_1319_018:0707a19	聖君。　師曰。空中求鳥跡。　曰。意旨如何。　師曰。水內覓魚	018	聖 君   師 曰  空 中 求 鳥 跡   曰  意 旨 如 何   師 曰  水 內 覓 魚 
ZH_X68_1319_018:0707a20	踪。	018	踪  
ZH_X68_1319_018:0707a21	大寧道寬禪師	018	大 寧 道 寬 禪 師 
ZH_X68_1319_018:0707a22	僧問。飲光正見。為甚拈花却微笑。　師曰。忍俊不禁。	018	僧 問  飲 光 正 見  為 甚 拈 花 却 微 笑   師 曰  忍 俊 不 禁  
ZH_X68_1319_018:0707a23	問。既是一真法界。為甚麼有千差萬別。　師曰。根深葉	018	問  既 是 一 真 法 界  為 甚 麼 有 千 差 萬 別   師 曰  根 深 葉 
ZH_X68_1319_018:0707a24	盛。　曰。未審還出得這箇也無。　師曰。弄巧成拙。	018	盛   曰  未 審 還 出 得 這 箇 也 無   師 曰  弄 巧 成 拙  
ZH_X68_1319_018:0707b01	道吾悟真禪師	018	道 吾 悟 真 禪 師 
ZH_X68_1319_018:0707b02	示眾。舉。洞山云。五臺山上雲蒸飯。佛殿階前狗尿天。	018	示 眾  舉  洞 山 云  五 臺 山 上 雲 蒸 飯  佛 殿 階 前 狗 尿 天  
ZH_X68_1319_018:0707b03	旛竿頭上煎[飢-几+追]子。三箇猢猻夜簸錢。老僧即不然。三	018	旛 竿 頭 上 煎 [飢几追] 子  三 箇 猢 猻 夜 簸 錢  老 僧 即 不 然  三 
ZH_X68_1319_018:0707b04	面貍奴脚踏月。兩頭白牯手拏煙。戴冠碧兔立庭柏。	018	面 貍 奴 脚 踏 月  兩 頭 白 牯 手 拏 煙  戴 冠 碧 兔 立 庭 柏  
ZH_X68_1319_018:0707b05	脫殻烏龜飛上天。老僧葛藤盡被汝諸人覰破了也。	018	脫 殻 烏 龜 飛 上 天  老 僧 葛 藤 盡 被 汝 諸 人 覰 破 了 也  
ZH_X68_1319_018:0707b06	洞山老人甚是奇特。雖然如是。只行得三步四步。且	018	洞 山 老 人 甚 是 奇 特  雖 然 如 是  只 行 得 三 步 四 步  且 
ZH_X68_1319_018:0707b07	不過七跳八跳。且道誵訛在甚麼處。老僧今日不惜	018	不 過 七 跳 八 跳  且 道 誵 訛 在 甚 麼 處  老 僧 今 日 不 惜 
ZH_X68_1319_018:0707b08	眉毛。一時布施。良久。曰。丁寧損君德。無言真有功。任	018	眉 毛  一 時 布 施  良 久  曰  丁 寧 損 君 德  無 言 真 有 功  任 
ZH_X68_1319_018:0707b09	從滄海變。終不為君通。	018	從 滄 海 變  終 不 為 君 通  
ZH_X68_1319_018:0707b10	師臥病。院主問。和尚近日尊候如何。　師曰。粥飯頭不	018	師 臥 病  院 主 問  和 尚 近 日 尊 候 如 何   師 曰  粥 飯 頭 不 
ZH_X68_1319_018:0707b11	得氣力。良久。曰。會麼。　曰。不會。　師曰。老鼠尾上帶研椎。	018	得 氣 力  良 久  曰  會 麼   曰  不 會   師 曰  老 鼠 尾 上 帶 研 椎  
ZH_X68_1319_018:0707b12	數人新到。禮拜。師曰。總是浙裏師。　僧曰。猢猻向火。　師	018	數 人 新 到  禮 拜  師 曰  總 是 浙 裏 師   僧 曰  猢 猻 向 火   師 
ZH_X68_1319_018:0707b13	曰。[跳-兆+孛]跳作麼。　僧曰。今日得見和尚。　師曰。伏惟尚饗。僧	018	曰  [跳兆孛] 跳 作 麼   僧 曰  今 日 得 見 和 尚   師 曰  伏 惟 尚 饗  僧 
ZH_X68_1319_018:0707b14	無語。師便打。	018	無 語  師 便 打  
ZH_X68_1319_018:0707b15	師在慈明會裏。一日。提螺螄一籃遶院行。云。賣螺螄。	018	師 在 慈 明 會 裏  一 日  提 螺 螄 一 籃 遶 院 行  云  賣 螺 螄  
ZH_X68_1319_018:0707b16	令眾下語。皆不契。有一老宿揭簾見。以目顧視師。放	018	令 眾 下 語  皆 不 契  有 一 老 宿 揭 簾 見  以 目 顧 視 師  放 
ZH_X68_1319_018:0707b17	身便臥。師放籃子便行。	018	身 便 臥  師 放 籃 子 便 行  
ZH_X68_1319_018:0707b18	越州姜山方禪師	018	越 州 姜 山 方 禪 師 
ZH_X68_1319_018:0707b19	僧問。奔流度刃。疾燄過風。未審姜山門下還許借借	018	僧 問  奔 流 度 刃  疾 燄 過 風  未 審 姜 山 門 下 還 許 借 借 
ZH_X68_1319_018:0707b20	也無。　師曰。天寒日短夜更長。　曰。錦帳繡鴛鴦。行人難	018	也 無   師 曰  天 寒 日 短 夜 更 長   曰  錦 帳 繡 鴛 鴦  行 人 難 
ZH_X68_1319_018:0707b21	得見。　師曰。髑髏裏面氣衝天。　僧召和尚。　師曰。雞頭鳳	018	得 見   師 曰  髑 髏 裏 面 氣 衝 天   僧 召 和 尚   師 曰  雞 頭 鳳 
ZH_X68_1319_018:0707b22	尾。　曰。諸方泥裏洗。姜山畫將來。　師曰。姜山今日為客。	018	尾   曰  諸 方 泥 裏 洗  姜 山 畫 將 來   師 曰  姜 山 今 日 為 客  
ZH_X68_1319_018:0707b23	且望闍黎善傳。雖然如是。不得放過。乃拍禪牀一下。	018	且 望 闍 黎 善 傳  雖 然 如 是  不 得 放 過  乃 拍 禪 牀 一 下  
ZH_X68_1319_018:0707b24	興教院坦禪師	018	興 教 院 坦 禪 師 
ZH_X68_1319_018:0707c01	師住興教。有雪竇化主省宗出問。諸佛未出世。人人	018	師 住 興 教  有 雪 竇 化 主 省 宗 出 問  諸 佛 未 出 世  人 人 
ZH_X68_1319_018:0707c02	鼻孔撩天。出世後。為甚麼杳無消息。　師曰。雞足峰前	018	鼻 孔 撩 天  出 世 後  為 甚 麼 杳 無 消 息   師 曰  雞 足 峰 前 
ZH_X68_1319_018:0707c03	風悄然。　宗曰。未在。更道。　師曰。大雪滿長安。　宗曰。誰人	018	風 悄 然   宗 曰  未 在  更 道   師 曰  大 雪 滿 長 安   宗 曰  誰 人 
ZH_X68_1319_018:0707c04	知此意。令我憶南泉。拂袖歸眾。更不禮拜。　師曰。新興	018	知 此 意  令 我 憶 南 泉  拂 袖 歸 眾  更 不 禮 拜   師 曰  新 興 
ZH_X68_1319_018:0707c05	教今日失利。便歸方丈。　令人請宗至。師曰。適來錯祗	018	教 今 日 失 利  便 歸 方 丈   令 人 請 宗 至  師 曰  適 來 錯 祗 
ZH_X68_1319_018:0707c06	對一轉語。人天眾前何不禮拜。葢覆却。　宗曰。大丈夫	018	對 一 轉 語  人 天 眾 前 何 不 禮 拜  葢 覆 却   宗 曰  大 丈 夫 
ZH_X68_1319_018:0707c07	膝下有黃金。爭肯禮拜無眼長老。　師曰。我別有語在。	018	膝 下 有 黃 金  爭 肯 禮 拜 無 眼 長 老   師 曰  我 別 有 語 在  
ZH_X68_1319_018:0707c08	　宗乃理前語。至未在。更道處。師曰。我有三十棒。寄與	018	 宗 乃 理 前 語  至 未 在  更 道 處  師 曰  我 有 三 十 棒  寄 與 
ZH_X68_1319_018:0707c09	打雪竇。宗禮拜。	018	打 雪 竇  宗 禮 拜  
ZH_X68_1319_018:0707c10	西余淨端禪師	018	西 余 淨 端 禪 師 
ZH_X68_1319_018:0707c11	師始見弄師子。發明心要。往見龍華。蒙印可。遂旋里。	018	師 始 見 弄 師 子  發 明 心 要  往 見 龍 華  蒙 印 可  遂 旋 里  
ZH_X68_1319_018:0707c12	合綵為師子皮。時被之。因號端師子。	018	合 綵 為 師 子 皮  時 被 之  因 號 端 師 子  
ZH_X68_1319_018:0707c13	丞相章惇慕其道。躬請開法。吳山化風盛播。開堂日。	018	丞 相 章 惇 慕 其 道  躬 請 開 法  吳 山 化 風 盛 播  開 堂 日  
ZH_X68_1319_018:0707c14	僧宣疏。至七軸之蓮經未誦。一聲之漁父先聞。師止	018	僧 宣 疏  至 七 軸 之 蓮 經 未 誦  一 聲 之 漁 父 先 聞  師 止 
ZH_X68_1319_018:0707c15	之。遂登座。拈香祝聖罷。引聲吟曰。本是瀟湘一釣客。	018	之  遂 登 座  拈 香 祝 聖 罷  引 聲 吟 曰  本 是 瀟 湘 一 釣 客  
ZH_X68_1319_018:0707c16	自西自東自南北。大眾雜然稱善。師顧笑曰。諦觀法	018	自 西 自 東 自 南 北  大 眾 雜 然 稱 善  師 顧 笑 曰  諦 觀 法 
ZH_X68_1319_018:0707c17	王法。法王法如是。便下座。	018	王 法  法 王 法 如 是  便 下 座  
ZH_X68_1319_018:0707c18	一日。章丞相留飯。師瞋。說偈曰。章惇章惇。請我看墳。	018	一 日  章 丞 相 留 飯  師 瞋  說 偈 曰  章 惇 章 惇  請 我 看 墳  
ZH_X68_1319_018:0707c19	我却喫素。汝却喫葷。　惇為大笑。	018	我 却 喫 素  汝 却 喫 葷   惇 為 大 笑  
ZH_X68_1319_018:0707c20	又因惇請供。賺下餛飩。師偈曰。腥餛飩。素餛飩。滿碗	018	又 因 惇 請 供  賺 下 餛 飩  師 偈 曰  腥 餛 飩  素 餛 飩  滿 碗 
ZH_X68_1319_018:0707c21	盛來渾圇吞。垃圾打從灘上過。龍宮海藏自分明。	018	盛 來 渾 圇 吞  垃 圾 打 從 灘 上 過  龍 宮 海 藏 自 分 明  
ZH_X68_1319_018:0707c22	惇赴召。別師。師曰。且為愛護佛法。　惇曰。不興不廢。愛	018	惇 赴 召  別 師  師 曰  且 為 愛 護 佛 法   惇 曰  不 興 不 廢  愛 
ZH_X68_1319_018:0707c23	護佛法也。　師令侍者取糖與相公送路。喫糖次。師問。	018	護 佛 法 也   師 令 侍 者 取 糖 與 相 公 送 路  喫 糖 次  師 問  
ZH_X68_1319_018:0707c24	甜麼。　惇曰。甜。　師曰。甜便住。惇一笑遂起。	018	甜 麼   惇 曰  甜   師 曰  甜 便 住  惇 一 笑 遂 起  
ZH_X68_1319_018:0708a01	師到華亭。眾請上堂。靈山獅子。雲間哮吼。佛法無可	018	師 到 華 亭  眾 請 上 堂  靈 山 獅 子  雲 間 哮 吼  佛 法 無 可 
ZH_X68_1319_018:0708a02	商量。不如打箇筋斗。便下座。	018	商 量  不 如 打 箇 筋 斗  便 下 座  
ZH_X68_1319_018:0708a03	問。羚羊未掛角時如何。　師曰。怕。　曰。既是善知識。因何	018	問  羚 羊 未 掛 角 時 如 何   師 曰  怕   曰  既 是 善 知 識  因 何 
ZH_X68_1319_018:0708a04	却怕。　師曰。山僧不曾見恁麼差異畜生。	018	却 怕   師 曰  山 僧 不 曾 見 恁 麼 差 異 畜 生  
ZH_X68_1319_018:0708a05	師抵鄣南。見上方超和尚。有一尼來參。師曰。待來日	018	師 抵 鄣 南  見 上 方 超 和 尚  有 一 尼 來 參  師 曰  待 來 日 
ZH_X68_1319_018:0708a06	五更三點入來。師侵早紅粉搽面而坐。尼入見。驚而	018	五 更 三 點 入 來  師 侵 早 紅 粉 搽 面 而 坐  尼 入 見  驚 而 
ZH_X68_1319_018:0708a07	遂悟。	018	遂 悟  
ZH_X68_1319_018:0708a08	天寧道楷禪師	018	天 寧 道 楷 禪 師 
ZH_X68_1319_018:0708a09	師謁投子於海會。乃問。佛祖言教如家常茶飯。離此	018	師 謁 投 子 於 海 會  乃 問  佛 祖 言 教 如 家 常 茶 飯  離 此 
ZH_X68_1319_018:0708a10	之外。別有為人處也無。　子曰。汝道寰中天子勑。還假	018	之 外  別 有 為 人 處 也 無   子 曰  汝 道 寰 中 天 子 勑  還 假 
ZH_X68_1319_018:0708a11	堯舜禹湯也無。　師方擬進語。子以拂子摵師口曰。汝	018	堯 舜 禹 湯 也 無   師 方 擬 進 語  子 以 拂 子 摵 師 口 曰  汝 
ZH_X68_1319_018:0708a12	發意來。早有三十棒也。師即開悟。再拜便行。　子曰。且	018	發 意 來  早 有 三 十 棒 也  師 即 開 悟  再 拜 便 行   子 曰  且 
ZH_X68_1319_018:0708a13	來。闍黎。師不顧。　子曰。汝到不疑之地耶。師以手掩耳。	018	來  闍 黎  師 不 顧   子 曰  汝 到 不 疑 之 地 耶  師 以 手 掩 耳  
ZH_X68_1319_018:0708a14	　後作典座。子曰。廚務勾當不易。　師曰。不敢。　子曰。煑粥	018	 後 作 典 座  子 曰  廚 務 勾 當 不 易   師 曰  不 敢   子 曰  煑 粥 
ZH_X68_1319_018:0708a15	耶。蒸飯耶。　師曰。人工淘米著火。行者煑粥蒸飯。　子曰。	018	耶  蒸 飯 耶   師 曰  人 工 淘 米 著 火  行 者 煑 粥 蒸 飯   子 曰  
ZH_X68_1319_018:0708a16	汝作甚麼。　師曰。和尚慈悲。放他閒去。　一日。侍投子遊	018	汝 作 甚 麼   師 曰  和 尚 慈 悲  放 他 閒 去   一 日  侍 投 子 遊 
ZH_X68_1319_018:0708a17	菜園。子度拄杖與師。師接得便隨行。子曰。理合恁麼。	018	菜 園  子 度 拄 杖 與 師  師 接 得 便 隨 行  子 曰  理 合 恁 麼  
ZH_X68_1319_018:0708a18	　師曰。與和尚提鞋挈杖也不為分外。　子曰。有同行在。	018	 師 曰  與 和 尚 提 鞋 挈 杖 也 不 為 分 外   子 曰  有 同 行 在  
ZH_X68_1319_018:0708a19	　師曰。那一人不受教。子休去。　至晚。問師。早來說話未	018	 師 曰  那 一 人 不 受 教  子 休 去   至 晚  問 師  早 來 說 話 未 
ZH_X68_1319_018:0708a20	盡。　師曰。請和尚舉。　子曰。卯生日。戌生月。師即點燈來。	018	盡   師 曰  請 和 尚 舉   子 曰  卯 生 日  戌 生 月  師 即 點 燈 來  
ZH_X68_1319_018:0708a21	　子曰。汝上來下去。總不徒然。　師曰。在和尚左右。理合	018	 子 曰  汝 上 來 下 去  總 不 徒 然   師 曰  在 和 尚 左 右  理 合 
ZH_X68_1319_018:0708a22	如此。　子曰。奴兒婢子。誰家屋裏無。　師曰。和尚年尊。缺	018	如 此   子 曰  奴 兒 婢 子  誰 家 屋 裏 無   師 曰  和 尚 年 尊  缺 
ZH_X68_1319_018:0708a23	他不可。　子曰。得恁麼慇懃。　師曰。報恩有分。	018	他 不 可   子 曰  得 恁 麼 慇 懃   師 曰  報 恩 有 分  
ZH_X68_1319_018:0708a24	示眾。略曰。夫出家者。為厭塵勞。求脫生死。休心息念。	018	示 眾  略 曰  夫 出 家 者  為 厭 塵 勞  求 脫 生 死  休 心 息 念  
ZH_X68_1319_018:0708b01	斷絕攀緣。遇聲遇色。如石上栽花。見利見名。如眼中	018	斷 絕 攀 緣  遇 聲 遇 色  如 石 上 栽 花  見 利 見 名  如 眼 中 
ZH_X68_1319_018:0708b02	著屑。無始以來。此等不是不曾經歷。何須苦苦貪戀。	018	著 屑  無 始 以 來  此 等 不 是 不 曾 經 歷  何 須 苦 苦 貪 戀  
ZH_X68_1319_018:0708b03	如今不歇。更待何時。能盡今時更有何事。若得心中	018	如 今 不 歇  更 待 何 時  能 盡 今 時 更 有 何 事  若 得 心 中 
ZH_X68_1319_018:0708b04	無事。佛祖猶是冤家。一切世事自然冷淡。方始那邊	018	無 事  佛 祖 猶 是 冤 家  一 切 世 事 自 然 冷 淡  方 始 那 邊 
ZH_X68_1319_018:0708b05	相應。你不見隱山至死不肯見人。趙州至死不肯告	018	相 應  你 不 見 隱 山 至 死 不 肯 見 人  趙 州 至 死 不 肯 告 
ZH_X68_1319_018:0708b06	人。匾擔拾橡栗為食。大梅以荷葉為衣。紙衣道者祇	018	人  匾 擔 拾 橡 栗 為 食  大 梅 以 荷 葉 為 衣  紙 衣 道 者 祇 
ZH_X68_1319_018:0708b07	披紙。玄泰上座祇著布。石霜置枯木堂與人坐臥。祇	018	披 紙  玄 泰 上 座 祇 著 布  石 霜 置 枯 木 堂 與 人 坐 臥  祇 
ZH_X68_1319_018:0708b08	要死了你心。投子使人辦米同煑共餐。要得省取你	018	要 死 了 你 心  投 子 使 人 辦 米 同 煑 共 餐  要 得 省 取 你 
ZH_X68_1319_018:0708b09	事。且從上諸聖有如此榜樣。若無長處。如何甘得。諸	018	事  且 從 上 諸 聖 有 如 此 榜 樣  若 無 長 處  如 何 甘 得  諸 
ZH_X68_1319_018:0708b10	仁者。若也於斯體究。的不虧人。若也不肯承當。向後	018	仁 者  若 也 於 斯 體 究  的 不 虧 人  若 也 不 肯 承 當  向 後 
ZH_X68_1319_018:0708b11	深恐費力。山僧今日向諸人說。家門已是不著便。豈	018	深 恐 費 力  山 僧 今 日 向 諸 人 說  家 門 已 是 不 著 便  豈 
ZH_X68_1319_018:0708b12	可更去陞堂入室。拈槌豎拂。張眉努目。東棒西喝。如	018	可 更 去 陞 堂 入 室  拈 槌 豎 拂  張 眉 努 目  東 棒 西 喝  如 
ZH_X68_1319_018:0708b13	癎病發相似。不見達摩西來。少室山下面壁九年。二	018	癎 病 發 相 似  不 見 達 摩 西 來  少 室 山 下 面 壁 九 年  二 
ZH_X68_1319_018:0708b14	祖至於立雪斷臂。可謂受盡艱辛。然而達摩不曾措	018	祖 至 於 立 雪 斷 臂  可 謂 受 盡 艱 辛  然 而 達 摩 不 曾 措 
ZH_X68_1319_018:0708b15	一辭。二祖不曾問著一句。喚達摩作不為人。得麼。喚	018	一 辭  二 祖 不 曾 問 著 一 句  喚 達 摩 作 不 為 人  得 麼  喚 
ZH_X68_1319_018:0708b16	二祖作不求師。得麼。	018	二 祖 作 不 求 師  得 麼  
ZH_X68_1319_018:0708b17	靈隱玄本禪師	018	靈 隱 玄 本 禪 師 
ZH_X68_1319_018:0708b18	師見僧看經。乃問。看甚麼經。僧無語。　乃示頌曰。看經	018	師 見 僧 看 經  乃 問  看 甚 麼 經  僧 無 語   乃 示 頌 曰  看 經 
ZH_X68_1319_018:0708b19	不識經。徒勞損眼睛。欲得不損眼。分明識取經。	018	不 識 經  徒 勞 損 眼 睛  欲 得 不 損 眼  分 明 識 取 經  
ZH_X68_1319_018:0708b20	慧林宗本圓照禪師	018	慧 林 宗 本 圓 照 禪 師 
ZH_X68_1319_018:0708b21	神宗最重師。嘗召對。師翛然自如。無所加損。出都日。	018	神 宗 最 重 師  嘗 召 對  師 翛 然 自 如  無 所 加 損  出 都 日  
ZH_X68_1319_018:0708b22	王公貴人送者。車騎相屬。師誨之曰。歲月不可把玩。	018	王 公 貴 人 送 者  車 騎 相 屬  師 誨 之 曰  歲 月 不 可 把 玩  
ZH_X68_1319_018:0708b23	老病不與人期。惟勤修勿怠。是真相為。聞者莫不感	018	老 病 不 與 人 期  惟 勤 修 勿 怠  是 真 相 為  聞 者 莫 不 感 
ZH_X68_1319_018:0708b24	動。	018	動  
ZH_X68_1319_018:0708c01	長蘆應夫禪師	018	長 蘆 應 夫 禪 師 
ZH_X68_1319_018:0708c02	上堂。召眾曰。江山繞檻。宛如水墨屏風。殿閣凌空。麗	018	上 堂  召 眾 曰  江 山 繞 檻  宛 如 水 墨 屏 風  殿 閣 凌 空  麗 
ZH_X68_1319_018:0708c03	若神仙洞府。森羅萬象。海印交參。一道神光。更無遮	018	若 神 仙 洞 府  森 羅 萬 象  海 印 交 參  一 道 神 光  更 無 遮 
ZH_X68_1319_018:0708c04	障。諸人還會麼。良久。曰。寥寥天地間。獨立望何極。參。	018	障  諸 人 還 會 麼  良 久  曰  寥 寥 天 地 間  獨 立 望 何 極  參  
ZH_X68_1319_018:0708c05	佛日智才禪師	018	佛 日 智 才 禪 師 
ZH_X68_1319_018:0708c06	上堂。城裏喧繁。空山寂靜。然雖如此。動靜一如。死生	018	上 堂  城 裏 喧 繁  空 山 寂 靜  然 雖 如 此  動 靜 一 如  死 生 
ZH_X68_1319_018:0708c07	不二。四時輪轉。物理湛然。夏不去而秋自來。風不涼	018	不 二  四 時 輪 轉  物 理 湛 然  夏 不 去 而 秋 自 來  風 不 涼 
ZH_X68_1319_018:0708c08	而人自爽。今也古也。不改絲毫。誰少誰多。身無二用。	018	而 人 自 爽  今 也 古 也  不 改 絲 毫  誰 少 誰 多  身 無 二 用  
ZH_X68_1319_018:0708c09	諸禪德。既身無二用。為甚麼龍女現十八變。君不見	018	諸 禪 德  既 身 無 二 用  為 甚 麼 龍 女 現 十 八 變  君 不 見 
ZH_X68_1319_018:0708c10	弄潮須是弄潮人。珍重。	018	弄 潮 須 是 弄 潮 人  珍 重  
ZH_X68_1319_018:0708c11	上堂。風雨蕭騷。塞汝耳根。落葉交加。塞汝眼根。香臭	018	上 堂  風 雨 蕭 騷  塞 汝 耳 根  落 葉 交 加  塞 汝 眼 根  香 臭 
ZH_X68_1319_018:0708c12	叢雜。塞汝鼻根。冷熱甘甜。塞汝舌根。衣緜溫冷。塞汝	018	叢 雜  塞 汝 鼻 根  冷 熱 甘 甜  塞 汝 舌 根  衣 緜 溫 冷  塞 汝 
ZH_X68_1319_018:0708c13	身根。顛倒妄想。塞汝意根。諸禪德。直饒汝飜得轉。也	018	身 根  顛 倒 妄 想  塞 汝 意 根  諸 禪 德  直 饒 汝 飜 得 轉  也 
ZH_X68_1319_018:0708c14	是平地骨堆。參。	018	是 平 地 骨 堆  參  
ZH_X68_1319_018:0708c15	上堂。舉柏樹子話。師曰。趙州庭柏。說與禪客。黑漆屏	018	上 堂  舉 柏 樹 子 話  師 曰  趙 州 庭 柏  說 與 禪 客  黑 漆 屏 
ZH_X68_1319_018:0708c16	風。松欏亮隔。	018	風  松 欏 亮 隔  
ZH_X68_1319_018:0708c17	開聖棲禪師	018	開 聖 棲 禪 師 
ZH_X68_1319_018:0708c18	開堂。垂語曰。選佛場開。人天普會。莫有久歷覺場。罷	018	開 堂  垂 語 曰  選 佛 場 開  人 天 普 會  莫 有 久 歷 覺 場  罷 
ZH_X68_1319_018:0708c19	參禪客。出來相見。時有僧出。　師曰。作家。作家。　僧曰。莫	018	參 禪 客  出 來 相 見  時 有 僧 出   師 曰  作 家  作 家   僧 曰  莫 
ZH_X68_1319_018:0708c20	著忙。　師曰。元來不是作家。　僧提起坐具曰。看看。摩竭	018	著 忙   師 曰  元 來 不 是 作 家   僧 提 起 坐 具 曰  看 看  摩 竭 
ZH_X68_1319_018:0708c21	陀國親行此令。　師曰。祇今作麼生。僧禮拜。　師曰。龍頭	018	陀 國 親 行 此 令   師 曰  祇 今 作 麼 生  僧 禮 拜   師 曰  龍 頭 
ZH_X68_1319_018:0708c22	蛇尾。	018	蛇 尾  
ZH_X68_1319_018:0708c23	法雲寺法秀禪師	018	法 雲 寺 法 秀 禪 師 
ZH_X68_1319_018:0708c24	師習圓覺．華嚴。妙入精義。而頗疑禪宗。聞懷禪師法	018	師 習 圓 覺  華 嚴  妙 入 精 義  而 頗 疑 禪 宗  聞 懷 禪 師 法 
ZH_X68_1319_018:0709a01	席之盛。徑往參謁。懷問。座主講何經。　師曰。華嚴。　曰。華	018	席 之 盛  徑 往 參 謁  懷 問  座 主 講 何 經   師 曰  華 嚴   曰  華 
ZH_X68_1319_018:0709a02	嚴以何為宗。　師曰。法界為宗。　曰。法界以何為宗。　師曰。	018	嚴 以 何 為 宗   師 曰  法 界 為 宗   曰  法 界 以 何 為 宗   師 曰  
ZH_X68_1319_018:0709a03	以心為宗。　曰。心以何為宗。師無對。　懷曰。毫釐有差。天	018	以 心 為 宗   曰  心 以 何 為 宗  師 無 對   懷 曰  毫 釐 有 差  天 
ZH_X68_1319_018:0709a04	地懸隔。汝當自看。必有發明。　後聞僧舉。白兆參報慈。	018	地 懸 隔  汝 當 自 看  必 有 發 明   後 聞 僧 舉  白 兆 參 報 慈  
ZH_X68_1319_018:0709a05	情未生時如何。慈曰。隔。師忽大悟。	018	情 未 生 時 如 何  慈 曰  隔  師 忽 大 悟  
ZH_X68_1319_018:0709a06	住真州長蘆。眾千人。有全椒長老至。登座。眾目笑之。	018	住 真 州 長 蘆  眾 千 人  有 全 椒 長 老 至  登 座  眾 目 笑 之  
ZH_X68_1319_018:0709a07	無出問者。師出拜趨問。如何是法秀自己。　椒笑曰。秀	018	無 出 問 者  師 出 拜 趨 問  如 何 是 法 秀 自 己   椒 笑 曰  秀 
ZH_X68_1319_018:0709a08	鐵面乃不識自己乎。　師曰。當局者迷。一眾服其荷法	018	鐵 面 乃 不 識 自 己 乎   師 曰  當 局 者 迷  一 眾 服 其 荷 法 
ZH_X68_1319_018:0709a09	心。	018	心  
ZH_X68_1319_018:0709a10	長蘆福長老道眼不明。常將所得施利舟載往上江	018	長 蘆 福 長 老 道 眼 不 明  常 將 所 得 施 利 舟 載 往 上 江 
ZH_X68_1319_018:0709a11	齋僧。師聞之。往驗其虗實。適至。見福上堂云。入荒田	018	齋 僧  師 聞 之  往 驗 其 虗 實  適 至  見 福 上 堂 云  入 荒 田 
ZH_X68_1319_018:0709a12	不揀。可煞顢頇。信手拈來草。猶較些子。便下座。　師大	018	不 揀  可 煞 顢 頇  信 手 拈 來 草  猶 較 些 子  便 下 座   師 大 
ZH_X68_1319_018:0709a13	驚曰。說禪如此。誰道不會。乃謂諸方生滅也。遂躬造	018	驚 曰  說 禪 如 此  誰 道 不 會  乃 謂 諸 方 生 滅 也  遂 躬 造 
ZH_X68_1319_018:0709a14	方丈禮謁。具說前事。仍請益提唱之語。福為依文解	018	方 丈 禮 謁  具 說 前 事  仍 請 益 提 唱 之 語  福 為 依 文 解 
ZH_X68_1319_018:0709a15	義。　師曰。若如此。諸方不漫道你不會禪。福不肯。　師曰。	018	義   師 曰  若 如 此  諸 方 不 漫 道 你 不 會 禪  福 不 肯   師 曰  
ZH_X68_1319_018:0709a16	請打鐘集眾。有法秀上座在此與和尚理會。福休去。	018	請 打 鐘 集 眾  有 法 秀 上 座 在 此 與 和 尚 理 會  福 休 去  
ZH_X68_1319_018:0709a17	李伯時善畫馬。師呵曰。汝士大夫以畫名。矧又畫馬	018	李 伯 時 善 畫 馬  師 呵 曰  汝 士 大 夫 以 畫 名  矧 又 畫 馬 
ZH_X68_1319_018:0709a18	期人誇妙。妙入馬腹中。亦足懼也。伯時遂絕筆。師勸	018	期 人 誇 妙  妙 入 馬 腹 中  亦 足 懼 也  伯 時 遂 絕 筆  師 勸 
ZH_X68_1319_018:0709a19	畫觀音贖過。　黃魯直工豓詞。師亦詆呵之。魯直笑曰。	018	畫 觀 音 贖 過   黃 魯 直 工 豓 詞  師 亦 詆 呵 之  魯 直 笑 曰  
ZH_X68_1319_018:0709a20	又當置我馬腹耶。　師曰。汝以豓語動天下人淫心。不	018	又 當 置 我 馬 腹 耶   師 曰  汝 以 豓 語 動 天 下 人 淫 心  不 
ZH_X68_1319_018:0709a21	止馬腹。正恐生泥犂耳。黃竦然悔謝。遂勵精求道。	018	止 馬 腹  正 恐 生 泥 犂 耳  黃 竦 然 悔 謝  遂 勵 精 求 道  
ZH_X68_1319_018:0709a22	禮部楊傑無為居士	018	禮 部 楊 傑 無 為 居 士 
ZH_X68_1319_018:0709a23	公歷參諸名宿。晚從天衣遊。衣每引老龐機語。令參	018	公 歷 參 諸 名 宿  晚 從 天 衣 遊  衣 每 引 老 龐 機 語  令 參 
ZH_X68_1319_018:0709a24	究深造。後奉祠太山。一日。雞初鳴。覩日如盤涌。忽大	018	究 深 造  後 奉 祠 太 山  一 日  雞 初 鳴  覩 日 如 盤 涌  忽 大 
ZH_X68_1319_018:0709b01	悟。乃別老龐偈曰。男大須婚。女大須嫁。討甚閒工夫。	018	悟  乃 別 老 龐 偈 曰  男 大 須 婚  女 大 須 嫁  討 甚 閒 工 夫  
ZH_X68_1319_018:0709b02	更說無生話。　書寄衣。衣稱善。	018	更 說 無 生 話   書 寄 衣  衣 稱 善  
ZH_X68_1319_018:0709b03	會芙蓉楷禪師。公曰。與師相別幾年。　蓉曰。七年。　公曰。	018	會 芙 蓉 楷 禪 師  公 曰  與 師 相 別 幾 年   蓉 曰  七 年   公 曰  
ZH_X68_1319_018:0709b04	學道來。參禪來。　蓉曰。不打這鼓笛。　公曰。恁麼則空游	018	學 道 來  參 禪 來   蓉 曰  不 打 這 鼓 笛   公 曰  恁 麼 則 空 游 
ZH_X68_1319_018:0709b05	山水。百無所能也。　蓉曰。別來未久。善能高鑒。公大笑。	018	山 水  百 無 所 能 也   蓉 曰  別 來 未 久  善 能 高 鑒  公 大 笑  
ZH_X68_1319_018:0709b06	公有辭世偈曰。無一可戀。無一可捨。太虗空中。之乎	018	公 有 辭 世 偈 曰  無 一 可 戀  無 一 可 捨  太 虗 空 中  之 乎 
ZH_X68_1319_018:0709b07	者也。將錯就錯。西方極樂。	018	者 也  將 錯 就 錯  西方極樂  
ZH_X68_1319_018:0709b08	慈雲慧禪師	018	慈 雲 慧 禪 師 
ZH_X68_1319_018:0709b09	上堂。片月浸寒潭。微雲滿空碧。若於達道人。好箇真	018	上 堂  片 月 浸 寒 潭  微 雲 滿 空 碧  若 於 達 道 人  好 箇 真 
ZH_X68_1319_018:0709b10	消息。還有達道人麼。微雲穿過你髑髏。片月觸著你	018	消 息  還 有 達 道 人 麼  微 雲 穿 過 你 髑 髏  片 月 觸 著 你 
ZH_X68_1319_018:0709b11	鼻孔。珍重。	018	鼻 孔  珍 重  
ZH_X68_1319_018:0709b12	黃龍祖心晦堂禪師	018	黃 龍 祖 心 晦 堂 禪 師 
ZH_X68_1319_018:0709b13	居士吳敦夫自謂多見知識。心地明淨。偶閱鄧隱峰	018	居 士 吳 敦 夫 自 謂 多 見 知 識  心 地 明 淨  偶 閱 鄧 隱 峰 
ZH_X68_1319_018:0709b14	傳。見其倒卓化去。而衣亦順身不褪。忽疑之曰。彼化	018	傳  見 其 倒 卓 化 去  而 衣 亦 順 身 不 褪  忽 疑 之 曰  彼 化 
ZH_X68_1319_018:0709b15	之異故莫測。而衣亦順之。何也。　以問師。師曰。汝今衣	018	之 異 故 莫 測  而 衣 亦 順 之  何 也   以 問 師  師 曰  汝 今 衣 
ZH_X68_1319_018:0709b16	順垂於地。復疑之乎。　曰。無所疑也。　師笑曰。此既無疑。	018	順 垂 於 地  復 疑 之 乎   曰  無 所 疑 也   師 笑 曰  此 既 無 疑  
ZH_X68_1319_018:0709b17	則彼倒化衣亦順體。何疑之有哉。敦夫言下開解。	018	則 彼 倒 化 衣 亦 順 體  何 疑 之 有 哉  敦 夫 言 下 開 解  
ZH_X68_1319_018:0709b18	師過法昌遇禪師。遇問曰。承聞和尚造草堂。已畢工	018	師 過 法 昌 遇 禪 師  遇 問 曰  承 聞 和 尚 造 草 堂  已 畢 工 
ZH_X68_1319_018:0709b19	否。　師曰。已畢工。　曰。幾工。　師曰。止用數百工。　遇恚曰。大	018	否   師 曰  已 畢 工   曰  幾 工   師 曰  止 用 數 百 工   遇 恚 曰  大 
ZH_X68_1319_018:0709b20	好草堂。　師拊掌笑曰。且要天下人疑著。	018	好 草 堂   師 拊 掌 笑 曰  且 要 天 下 人 疑 著  
ZH_X68_1319_018:0709b21	師於南公圓寂之日作偈曰。昔人去時是今日。今日	018	師 於 南 公 圓 寂 之 日 作 偈 曰  昔 人 去 時 是 今 日  今 日 
ZH_X68_1319_018:0709b22	依前人不來。今既不來昔不往。白雲流水空徘徊。誰	018	依 前 人 不 來  今 既 不 來 昔 不 往  白 雲 流 水 空 徘 徊  誰 
ZH_X68_1319_018:0709b23	云秤尺平。直中還有曲。誰云物理齊。種麻還得粟。可	018	云 秤 尺 平  直 中 還 有 曲  誰 云 物 理 齊  種 麻 還 得 粟  可 
ZH_X68_1319_018:0709b24	憐馳逐天下人。六六元來三十六。	018	憐 馳 逐 天 下 人  六 六 元 來 三 十 六  
ZH_X68_1319_018:0709c01	寶峰克文真淨禪師	018	寶 峰 克 文 真 淨 禪 師 
ZH_X68_1319_018:0709c02	師坐夏大溈。聞舉。僧問雲門。佛法如水中月。是否。門	018	師 坐 夏 大 溈  聞 舉  僧 問 雲 門  佛 法 如水中月  是 否  門 
ZH_X68_1319_018:0709c03	曰。清波無透路。師乃領解。　往見黃龍。不契。却曰。我有	018	曰  清 波 無 透 路  師 乃 領 解   往 見 黃 龍  不 契  却 曰  我 有 
ZH_X68_1319_018:0709c04	好處。這老漢不識我。　遂往香城見順和尚。順問。甚處	018	好 處  這 老 漢 不 識 我   遂 往 香 城 見 順 和 尚  順 問  甚 處 
ZH_X68_1319_018:0709c05	來。　師曰。黃龍來。　曰。黃龍近日有何言句。　師曰。黃龍近	018	來   師 曰  黃 龍 來   曰  黃 龍 近 日 有 何 言 句   師 曰  黃 龍 近 
ZH_X68_1319_018:0709c06	日州府委請黃檗長老。龍垂語云。鐘樓上念讚。牀脚	018	日 州 府 委 請 黃 檗 長 老  龍 垂 語 云  鐘 樓 上 念 讚  牀 脚 
ZH_X68_1319_018:0709c07	下種菜。有人下得語契。便往住持勝上座云。猛虎當	018	下 種 菜  有 人 下 得 語 契  便 往 住 持 勝 上 座 云  猛 虎 當 
ZH_X68_1319_018:0709c08	路坐。龍遂令去住黃檗。　順不覺云。勝上座祇下得一	018	路 坐  龍 遂 令 去 住 黃 檗   順 不 覺 云  勝 上 座 祇 下 得 一 
ZH_X68_1319_018:0709c09	轉語。便得黃檗住。佛法未夢見在。師於言下大悟。方	018	轉 語  便 得 黃 檗 住  佛 法 未 夢 見 在  師 於 言 下 大 悟  方 
ZH_X68_1319_018:0709c10	知黃龍用處。	018	知 黃 龍 用 處  
ZH_X68_1319_018:0709c11	遂回。見黃龍。問。甚處來。　師曰。特來禮拜和尚。　龍曰。恰	018	遂 回  見 黃 龍  問  甚 處 來   師 曰  特 來 禮 拜 和 尚   龍 曰  恰 
ZH_X68_1319_018:0709c12	值老僧不在。　師曰。向甚麼處去。　龍曰。天台普請。南嶽	018	值 老 僧 不 在   師 曰  向 甚 麼 處 去   龍 曰  天 台 普 請  南 嶽 
ZH_X68_1319_018:0709c13	遊山。　師曰。恁麼則學人得自在去也。　龍曰。脚下鞋甚	018	遊 山   師 曰  恁 麼 則 學 人 得 自 在 去 也   龍 曰  脚 下 鞋 甚 
ZH_X68_1319_018:0709c14	處得來。　師曰。廬山七百五十文唱得。　龍曰。何曾得自	018	處 得 來   師 曰  廬 山 七 百 五 十 文 唱 得   龍 曰  何 曾 得 自 
ZH_X68_1319_018:0709c15	在。　師指鞋曰。何嘗不自在。龍異之。	018	在   師 指 鞋 曰  何 嘗 不 自 在  龍 異 之  
ZH_X68_1319_018:0709c16	一日。龍曰。適令侍者捲簾。問渠捲起簾時如何。曰照	018	一 日  龍 曰  適 令 侍 者 捲 簾  問 渠 捲 起 簾 時 如 何  曰 照 
ZH_X68_1319_018:0709c17	見天下。放下簾時如何。曰水泄不通。不捲不放時如	018	見 天 下  放 下 簾 時 如 何  曰 水 泄 不 通  不 捲 不 放 時 如 
ZH_X68_1319_018:0709c18	何。侍者無語。汝作麼生。　師曰。和尚替侍者下涅槃堂	018	何  侍 者 無 語  汝 作 麼 生   師 曰  和 尚 替 侍 者 下 涅 槃 堂 
ZH_X68_1319_018:0709c19	始得。　龍喝曰。關西人果無頭腦。乃顧旁僧。　師指之曰。	018	始 得   龍 喝 曰  關 西 人 果 無 頭 腦  乃 顧 旁 僧   師 指 之 曰  
ZH_X68_1319_018:0709c20	只這僧也未夢見。龍大笑。	018	只 這 僧 也 未 夢 見  龍 大 笑  
ZH_X68_1319_018:0709c21	問講師曰。火災起時。山河大地皆被焚盡。世間虗空。	018	問 講 師 曰  火 災 起 時  山 河 大 地 皆 被 焚 盡  世 間 虗 空  
ZH_X68_1319_018:0709c22	是否。　曰。教有明文。安有不是之理。　師曰。如許多灰燼	018	是 否   曰  教 有 明 文  安 有 不 是 之 理   師 曰  如 許 多 灰 燼 
ZH_X68_1319_018:0709c23	將置何處。　講師笑曰。不知。　師亦笑曰。汝所講者。紙上	018	將 置 何 處   講 師 笑 曰  不 知   師 亦 笑 曰  汝 所 講 者  紙 上 
ZH_X68_1319_018:0709c24	語耳。	018	語 耳  
ZH_X68_1319_018:0710a01	劉宜翁嘗參佛印。頗自負。一日。見師便問。長老寫戲	018	劉 宜 翁 嘗 參 佛 印  頗 自 負  一 日  見 師 便 問  長 老 寫 戲 
ZH_X68_1319_018:0710a02	來得幾年。　師曰。專候樂官來。　曰。我不入這保社。　師曰。	018	來 得 幾 年   師 曰  專 候 樂 官 來   曰  我 不 入 這 保 社   師 曰  
ZH_X68_1319_018:0710a03	爭奈即今在這場子裏。　劉擬議。師拍手曰。蝦蟆禪祇	018	爭 奈 即 今 在 這 場 子 裏   劉 擬 議  師 拍 手 曰  蝦 蟆 禪 祇 
ZH_X68_1319_018:0710a04	跳得一跳。　又坐次。劉指禪衣曰。喚作甚麼。　師曰。禪衣。	018	跳 得 一 跳   又 坐 次  劉 指 禪 衣 曰  喚 作 甚 麼   師 曰  禪 衣  
ZH_X68_1319_018:0710a05	　曰。如何是禪。　師乃抖擻曰。抖擻不下。劉無語。　師打一	018	 曰  如 何 是 禪   師 乃 抖 擻 曰  抖 擻 不 下  劉 無 語   師 打 一 
ZH_X68_1319_018:0710a06	下。曰。你伎倆如此。敢勘老僧耶。	018	下  曰  你 伎 倆 如 此  敢 勘 老 僧 耶  
ZH_X68_1319_018:0710a07	錢弋郎中訪師。談久。錢如廁。師令侍者引從西邊去。	018	錢 弋 郎 中 訪 師  談 久  錢 如 廁  師 令 侍 者 引 從 西 邊 去  
ZH_X68_1319_018:0710a08	錢遽曰。既是東司。為甚麼向西去。　師曰。多少人向東	018	錢 遽 曰  既 是 東 司  為 甚 麼 向 西 去   師 曰  多 少 人 向 東 
ZH_X68_1319_018:0710a09	邊討。　師報謁。錢有獒逸出。師避之。錢戲曰。禪者教誨	018	邊 討   師 報 謁  錢 有 獒 逸 出  師 避 之  錢 戲 曰  禪 者 教 誨 
ZH_X68_1319_018:0710a10	龍虎。乃畏狗乎。　師應聲曰。易伏隈巖虎。難降護宅龍。	018	龍 虎  乃 畏 狗 乎   師 應 聲 曰  易 伏 隈 巖 虎  難 降 護 宅 龍  
ZH_X68_1319_018:0710a11	錢嘉之。	018	錢 嘉 之  
ZH_X68_1319_018:0710a12	南康諸山相會。佛印後至。師問曰。雲居來何遲。　曰。為	018	南 康 諸 山 相 會  佛 印 後 至  師 問 曰  雲 居 來 何 遲   曰  為 
ZH_X68_1319_018:0710a13	著草鞋從歸宗肚裏過。所以遲。　師曰。却被歸宗吞了。	018	著 草 鞋 從 歸 宗 肚 裏 過  所 以 遲   師 曰  却 被 歸 宗 吞 了  
ZH_X68_1319_018:0710a14	　曰。爭奈吐不出。　師曰。吐不出即屙出。	018	 曰  爭 奈 吐 不 出   師 曰  吐 不 出 即 屙 出  
ZH_X68_1319_018:0710a15	僧問。如何是道。　師曰。寶公云。若欲將心求佛道。問取	018	僧 問  如 何 是 道   師 曰  寶 公 云  若 欲 將 心 求 佛 道  問 取 
ZH_X68_1319_018:0710a16	虗空始出塵。汝今求佛道。虗空向汝道甚麼。其僧於	018	虗 空 始 出 塵  汝 今 求 佛 道  虗 空 向 汝 道 甚 麼  其 僧 於 
ZH_X68_1319_018:0710a17	是大悟於言下。	018	是 大 悟 於 言 下  
ZH_X68_1319_018:0710a18	僧問。如何是佛。師呵呵大笑。　曰。何哂之有。　師曰。笑你	018	僧 問  如 何 是 佛  師 呵 呵 大 笑   曰  何 哂 之 有   師 曰  笑 你 
ZH_X68_1319_018:0710a19	隨語。　生解曰。偶然失利。　師喝曰。不得禮拜。僧便歸眾。	018	隨 語   生 解 曰  偶 然 失 利   師 喝 曰  不 得 禮 拜  僧 便 歸 眾  
ZH_X68_1319_018:0710a20	　師復笑曰。隨語生解。	018	 師 復 笑 曰  隨 語 生 解  
ZH_X68_1319_018:0710a21	僧問。有一人欲出長安。有一人欲入長安。未審那箇	018	僧 問  有 一 人 欲 出 長 安  有 一 人 欲 入 長 安  未 審 那 箇 
ZH_X68_1319_018:0710a22	在先。　師曰。多少人疑著。　曰。不許夜行。　師曰。蚊子錐鐵	018	在 先   師 曰  多 少 人 疑 著   曰  不 許 夜 行   師 曰  蚊 子 錐 鐵 
ZH_X68_1319_018:0710a23	牛。　曰。山頂老猿啼古木。渡頭新鴈下平沙。　師曰。長安	018	牛   曰  山 頂 老 猿 啼 古 木  渡 頭 新 鴈 下 平 沙   師 曰  長 安 
ZH_X68_1319_018:0710a24	人已入。你合作麼生。　曰。春日華山青。　師曰。這僧雖然	018	人 已 入  你 合 作 麼 生   曰  春 日 華 山 青   師 曰  這 僧 雖 然 
ZH_X68_1319_018:0710b01	後生。却可與商量。	018	後 生  却 可 與 商 量  
ZH_X68_1319_018:0710b02	僧問。雲門大師欲一棒打殺釋迦老子。和尚又欲糞	018	僧 問  雲 門 大 師 欲 一 棒 打 殺 釋 迦 老 子  和 尚 又 欲 糞 
ZH_X68_1319_018:0710b03	掃堆裏[(ㄇ@人)/音]殺雲門。未審和尚罪過還許學人點檢也	018	掃 堆 裏 [ㄇ人音] 殺 雲 門  未 審 和 尚 罪 過 還 許 學 人 點 檢 也 
ZH_X68_1319_018:0710b04	無。　師曰。且莫造次。　曰。和尚坐斷廬山。為甚麼不識某	018	無   師 曰  且 莫 造 次   曰  和 尚 坐 斷 廬 山  為 甚 麼 不 識 某 
ZH_X68_1319_018:0710b05	甲這話。　師曰。三十棒。　曰。關。　師曰。點。　曰。劄。　師曰。念汝做	018	甲 這 話   師 曰  三 十 棒   曰  關   師 曰  點   曰  劄   師 曰  念 汝 做 
ZH_X68_1319_018:0710b06	街坊。	018	街 坊  
ZH_X68_1319_018:0710b07	師室中問僧云。了也未。　僧云。未了。　師云。你喫粥了也	018	師 室 中 問 僧 云  了 也 未   僧 云  未 了   師 云  你 喫 粥 了 也 
ZH_X68_1319_018:0710b08	未。　僧云。了。　師云。又道未了。復云。門外甚麼聲。　僧云。雨	018	未   僧 云  了   師 云  又 道 未 了  復 云  門 外 甚 麼 聲   僧 云  雨 
ZH_X68_1319_018:0710b09	聲。　師云。又道未了。復云。面前是甚麼。　僧云。屏風。　師云。	018	聲   師 云  又 道 未 了  復 云  面 前 是 甚 麼   僧 云  屏 風   師 云  
ZH_X68_1319_018:0710b10	又道未了。復云。還會麼。　僧云。不會。　乃云。聽取一頌。隨	018	又 道 未 了  復 云  還 會 麼   僧 云  不 會   乃 云  聽 取 一 頌  隨 
ZH_X68_1319_018:0710b11	緣事事了。日用何欠少。一切但尋常。自然不顛倒。	018	緣 事 事 了  日 用 何 欠 少  一 切 但 尋 常  自 然 不 顛 倒  
ZH_X68_1319_018:0710b12	上堂。裩無襠。袴無口。頭上青灰三五斗。趙州老子少	018	上 堂  裩 無 襠  袴 無 口  頭 上 青 灰 三 五 斗  趙 州 老 子 少 
ZH_X68_1319_018:0710b13	賣弄。然則國清才子貴。家富小兒驕。其奈禾黍不陽	018	賣 弄  然 則 國 清 才 子 貴  家 富 小 兒 驕  其 奈 禾 黍 不 陽 
ZH_X68_1319_018:0710b14	豓。競栽桃李春。飜令力耕者。半作賣花人。	018	豓  競 栽 桃 李 春  飜 令 力 耕 者  半 作 賣 花 人  
ZH_X68_1319_018:0710b15	隆慶院慶閒禪師	018	隆 慶 院 慶 閒 禪 師 
ZH_X68_1319_018:0710b16	師父事黃龍。龍甚重之。時與翠巖順公同在黃檗。順	018	師 父 事 黃 龍  龍 甚 重 之  時 與 翠 巖 順 公 同 在 黃 檗  順 
ZH_X68_1319_018:0710b17	時時詰問師。師橫機無所讓。順謂龍曰。閒輕易。且語	018	時 時 詰 問 師  師 橫 機 無 所 讓  順 謂 龍 曰  閒 輕 易  且 語 
ZH_X68_1319_018:0710b18	未辨觸淨。　龍曰。法應如是。以情求閒。乃成是非。　既龍	018	未 辨 觸 淨   龍 曰  法 應 如 是  以 情 求 閒  乃 成 是 非   既 龍 
ZH_X68_1319_018:0710b19	過雙嶺。師謁龍。龍問。甚處來。　師曰。百丈。　曰。幾時離彼。	018	過 雙 嶺  師 謁 龍  龍 問  甚 處 來   師 曰  百 丈   曰  幾 時 離 彼  
ZH_X68_1319_018:0710b20	　師曰。正月十三。　龍曰。脚跟好痛與三十棒。　師曰。非但	018	 師 曰  正 月 十 三   龍 曰  脚 跟 好 痛 與 三 十 棒   師 曰  非 但 
ZH_X68_1319_018:0710b21	三十棒。　龍喝曰。許多時行脚。無點氣息。　師曰。百千諸	018	三 十 棒   龍 喝 曰  許 多 時 行 脚  無 點 氣 息   師 曰  百 千 諸 
ZH_X68_1319_018:0710b22	佛亦乃如是。　龍曰。汝與麼來。何曾有纖毫到諸佛境	018	佛 亦 乃 如 是   龍 曰  汝 與 麼 來  何 曾 有 纖 毫 到 諸 佛 境 
ZH_X68_1319_018:0710b23	界。　師曰。諸佛未必到慶閒境界。　龍隨問。如何是汝生	018	界   師 曰  諸 佛 未 必 到 慶 閒 境 界   龍 隨 問  如 何 是 汝 生 
ZH_X68_1319_018:0710b24	緣處。　師曰。早晨喫白粥。如今又覺飢。　問。我手何似佛	018	緣 處   師 曰  早 晨 喫 白 粥  如 今 又 覺 飢   問  我 手 何 似 佛 
ZH_X68_1319_018:0710c01	手。　師曰。月下弄琵琶。　問。我脚何似驢脚。　師曰。鷺鷥立	018	手   師 曰  月 下 弄 琵 琶   問  我 脚 何 似 驢 脚   師 曰  鷺 鷥 立 
ZH_X68_1319_018:0710c02	雪非同色。　龍咨嗟而視曰。汝剃除鬚髮。當為何事。　師	018	雪 非 同 色   龍 咨 嗟 而 視 曰  汝 剃除鬚髮  當 為 何 事   師 
ZH_X68_1319_018:0710c03	曰。祇要無事。　龍曰。既無事。何須剃髮。　師曰。若不剃髮。	018	曰  祇 要 無 事   龍 曰  既 無 事  何 須 剃 髮   師 曰  若 不 剃 髮  
ZH_X68_1319_018:0710c04	爭知無事。　曰。與麼則數聲清磬是非外。一箇閒人天	018	爭 知 無 事   曰  與 麼 則 數 聲 清 磬 是 非 外  一 箇 閒 人 天 
ZH_X68_1319_018:0710c05	地間也。　師曰。是何言歟。　曰。靈利衲子。　師曰。也不消得。	018	地 間 也   師 曰  是 何 言 歟   曰  靈 利 衲 子   師 曰  也 不 消 得  
ZH_X68_1319_018:0710c06	龍便喝。師拍一拍。龍又喝。師便出。　復侍次。龍曰。此間	018	龍 便 喝  師 拍 一 拍  龍 又 喝  師 便 出   復 侍 次  龍 曰  此 間 
ZH_X68_1319_018:0710c07	有辨上座者。汝著精彩。　師曰。他有甚麼長處。　曰。他拊	018	有 辨 上 座 者  汝 著 精 彩   師 曰  他 有 甚 麼 長 處   曰  他 拊 
ZH_X68_1319_018:0710c08	汝背一下又如何。　師曰。作甚麼。　曰。他展兩手。　師曰。甚	018	汝 背 一 下 又 如 何   師 曰  作 甚 麼   曰  他 展 兩 手   師 曰  甚 
ZH_X68_1319_018:0710c09	處學這虗頭來。龍大笑。師却展兩手。龍喝。師便出。　齋	018	處 學 這 虗 頭 來  龍 大 笑  師 却 展 兩 手  龍 喝  師 便 出   齋 
ZH_X68_1319_018:0710c10	後又侍立。龍問。[怡-台+龍][怡-台+龍]鬆鬆。兩人共一椀。作麼生會。　師	018	後 又 侍 立  龍 問  [怡台龍][怡台龍] 鬆 鬆  兩 人 共 一 椀  作 麼 生 會   師 
ZH_X68_1319_018:0710c11	曰。百雜碎。　曰。盡大地是箇須彌山。撮來掌中。汝又作	018	曰  百 雜 碎   曰  盡 大 地 是 箇 須 彌 山  撮 來 掌 中  汝 又 作 
ZH_X68_1319_018:0710c12	麼生會。　師曰。兩重公案。　曰。這裏從汝胡言漢語。若到	018	麼 生 會   師 曰  兩 重 公 案   曰  這 裏 從 汝 胡 言 漢 語  若 到 
ZH_X68_1319_018:0710c13	同安。如何過得。　師曰。渠也須到這箇田地始得。　曰。忽	018	同 安  如 何 過 得   師 曰  渠 也 須 到 這 箇 田 地 始 得   曰  忽 
ZH_X68_1319_018:0710c14	被渠指火罏曰。這箇是黑漆火罏。那箇是黑漆香桌。	018	被 渠 指 火 罏 曰  這 箇 是 黑 漆 火 罏  那 箇 是 黑 漆 香 桌  
ZH_X68_1319_018:0710c15	甚處是不到處。　師曰。慶閒面前。且從恁麼說話。若是	018	甚 處 是 不 到 處   師 曰  慶 閒 面 前  且 從 恁 麼 說 話  若 是 
ZH_X68_1319_018:0710c16	別人。笑和尚去。龍拍一拍。師便喝。　明日同看僧堂。曰。	018	別 人  笑 和 尚 去  龍 拍 一 拍  師 便 喝   明 日 同 看 僧 堂  曰  
ZH_X68_1319_018:0710c17	好僧堂。　師曰。極好工夫。　曰。好在甚處。　師曰。一梁拄一	018	好 僧 堂   師 曰  極 好 工 夫   曰  好 在 甚 處   師 曰  一 梁 拄 一 
ZH_X68_1319_018:0710c18	柱。　曰。此未是好處。　師曰。和尚又作麼生。　龍以手指曰。	018	柱   曰  此 未 是 好 處   師 曰  和 尚 又 作 麼 生   龍 以 手 指 曰  
ZH_X68_1319_018:0710c19	這柱得與麼圓。那枋得與麼匾。　師曰。人天大善知識。	018	這 柱 得 與 麼 圓  那 枋 得 與 麼 匾   師 曰  人 天 大 善 知 識  
ZH_X68_1319_018:0710c20	須是和尚始得。便出。　龍出堂外。曰。適來與麼。是肯你	018	須 是 和 尚 始 得  便 出   龍 出 堂 外  曰  適 來 與 麼  是 肯 你 
ZH_X68_1319_018:0710c21	不肯你。　師曰。若與麼。何曾得安樂處。　師上方丈問訊。	018	不 肯 你   師 曰  若 與 麼  何 曾 得 安 樂 處   師 上 方 丈 問 訊  
ZH_X68_1319_018:0710c22	龍曰。據汝知見。祇得上梢。不得下梢。　師曰。某甲上梢	018	龍 曰  據 汝 知 見  祇 得 上 梢  不 得 下 梢   師 曰  某 甲 上 梢 
ZH_X68_1319_018:0710c23	亦得。下梢亦得。　曰。如何是上梢。　師曰。風過樹頭搖。　曰。	018	亦 得  下 梢 亦 得   曰  如 何 是 上 梢   師 曰  風 過 樹 頭 搖   曰  
ZH_X68_1319_018:0710c24	如何是下梢。　師曰。刀斫斧鑿。　龍曰。老僧即不然。　師曰。	018	如 何 是 下 梢   師 曰  刀 斫 斧 鑿   龍 曰  老 僧 即 不 然   師 曰  
ZH_X68_1319_018:0711a01	如何是上梢。　曰。頭鬅鬙。耳卓朔。　曰。如何是下梢。　曰。緊	018	如 何 是 上 梢   曰  頭 鬅 鬙  耳 卓 朔   曰  如 何 是 下 梢   曰  緊 
ZH_X68_1319_018:0711a02	峭草鞋。　師曰。謝師答話。龍便喝。　明日侍立。龍問。得坐	018	峭 草 鞋   師 曰  謝 師 答 話  龍 便 喝   明 日 侍 立  龍 問  得 坐 
ZH_X68_1319_018:0711a03	披衣。向後如何施設。　師曰。遇方即方。遇圓即圓。　曰。汝	018	披 衣  向 後 如 何 施 設   師 曰  遇 方 即 方  遇 圓 即 圓   曰  汝 
ZH_X68_1319_018:0711a04	與麼說話。猶帶唇齒在。　師曰。慶閒即與麼。和尚作麼	018	與 麼 說 話  猶 帶 唇 齒 在   師 曰  慶 閒 即 與 麼  和 尚 作 麼 
ZH_X68_1319_018:0711a05	生。　曰。近前來。為汝說。　師拊掌曰。三十年用底。今朝捉	018	生   曰  近 前 來  為 汝 說   師 拊 掌 曰  三 十 年 用 底  今 朝 捉 
ZH_X68_1319_018:0711a06	敗。　龍大笑曰。一等是精靈。師拂袖而去。由是學者爭	018	敗   龍 大 笑 曰  一 等 是 精 靈  師 拂 袖 而 去  由 是 學 者 爭 
ZH_X68_1319_018:0711a07	歸之。	018	歸 之  
ZH_X68_1319_018:0711a08	泐潭洪英禪師	018	泐 潭 洪 英 禪 師 
ZH_X68_1319_018:0711a09	有僧禮拜起。便垂下袈裟角曰。脫衣卸甲時如何。　師	018	有 僧 禮 拜 起  便 垂 下 袈 裟 角 曰  脫 衣 卸 甲 時 如 何   師 
ZH_X68_1319_018:0711a10	曰。喜得狼煙息。弓弰壁上懸。　僧却攬上袈裟曰。重整	018	曰  喜 得 狼 煙 息  弓 弰 壁 上 懸   僧 却 攬 上 袈 裟 曰  重 整 
ZH_X68_1319_018:0711a11	衣甲時如何。　師曰。不到烏江畔。知君未肯休。僧便喝。	018	衣 甲 時 如 何   師 曰  不 到 烏 江 畔  知 君 未 肯 休  僧 便 喝  
ZH_X68_1319_018:0711a12	　師曰。驚殺我。僧拍一拍。　師曰。也是死中得活。僧禮拜。	018	 師 曰  驚 殺 我  僧 拍 一 拍   師 曰  也 是 死 中 得 活  僧 禮 拜  
ZH_X68_1319_018:0711a13	　師曰。將謂是收燕破趙之才。元來是販私鹽漢。	018	 師 曰  將 謂 是 收 燕 破 趙 之 才  元 來 是 販 私 鹽 漢  
ZH_X68_1319_018:0711a14	雙嶺順禪師問。菴中老師好問學者併却咽喉唇吻。	018	雙 嶺 順 禪 師 問  菴 中 老 師 好 問 學 者 併 却 咽 喉 唇 吻  
ZH_X68_1319_018:0711a15	道取一句。首座曾道得麼。　師乾笑。已而有偈曰。阿家	018	道 取 一 句  首 座 曾 道 得 麼   師 乾 笑  已 而 有 偈 曰  阿 家 
ZH_X68_1319_018:0711a16	嘗醋三尺喙。新婦洗面摸著鼻。道吾答話得腰裩。玄	018	嘗 醋 三 尺 喙  新 婦 洗 面 摸 著 鼻  道 吾 答 話 得 腰 裩  玄 
ZH_X68_1319_018:0711a17	沙開書是白紙。　順公屈服。	018	沙 開 書 是 白 紙   順 公 屈 服  
ZH_X68_1319_018:0711a18	黃檗積翠永菴主	018	黃 檗 積 翠 永 菴 主 
ZH_X68_1319_018:0711a19	師問僧審奇。汝久不見。何所為。　奇曰。見偉藏主有箇	018	師 問 僧 審 奇  汝 久 不 見  何 所 為   奇 曰  見 偉 藏 主 有 箇 
ZH_X68_1319_018:0711a20	安樂處。　師曰。舉似我。　奇敘所得。師曰。汝是。偉未是。　奇	018	安 樂 處   師 曰  舉 似 我   奇 敘 所 得  師 曰  汝 是  偉 未 是   奇 
ZH_X68_1319_018:0711a21	莫測。以語偉。偉曰。汝非。永不非。　奇走積翠。質之南公。	018	莫 測  以 語 偉  偉 曰  汝 非  永 不 非   奇 走 積 翠  質 之 南 公  
ZH_X68_1319_018:0711a22	南亦大笑。　師聞。作偈曰。明暗相參殺活機。大人境界	018	南 亦 大 笑   師 聞  作 偈 曰  明 暗 相 參 殺 活 機  大 人 境 界 
ZH_X68_1319_018:0711a23	普賢知。同條生不同條死。笑倒菴中老古錐。	018	普 賢 知  同 條 生 不 同 條 死  笑 倒 菴 中 老 古 錐  
ZH_X68_1319_018:0711a24	白雲守端禪師	018	白 雲 守 端 禪 師 
ZH_X68_1319_018:0711b01	師參楊岐。岐一日忽問。受業師為誰。　師曰。茶陵郁和	018	師 參 楊 岐  岐 一 日 忽 問  受 業 師 為 誰   師 曰  茶 陵 郁 和 
ZH_X68_1319_018:0711b02	尚。　岐曰。吾聞伊過橋遭攧有省。作偈甚奇。能記否。　師	018	尚   岐 曰  吾 聞 伊 過 橋 遭 攧 有 省  作 偈 甚 奇  能 記 否   師 
ZH_X68_1319_018:0711b03	誦曰。我有明珠一顆。久被塵勞關鎖。今朝塵盡光生。	018	誦 曰  我 有 明 珠 一 顆  久 被 塵 勞 關 鎖  今 朝 塵 盡 光 生  
ZH_X68_1319_018:0711b04	照破山河萬朵。　岐笑而趨起。師愕然。通夕不寐。黎明。	018	照 破 山 河 萬 朵   岐 笑 而 趨 起  師 愕 然  通 夕 不 寐  黎 明  
ZH_X68_1319_018:0711b05	咨詢之。適歲暮。岐曰。汝見昨日打敺儺者麼。　曰。見。　岐	018	咨 詢 之  適 歲 暮  岐 曰  汝 見 昨 日 打 敺 儺 者 麼   曰  見   岐 
ZH_X68_1319_018:0711b06	曰。汝一籌不及渠。　師復駭曰。何謂也。　岐曰。渠愛人笑。	018	曰  汝 一 籌 不 及 渠   師 復 駭 曰  何 謂 也   岐 曰  渠 愛 人 笑  
ZH_X68_1319_018:0711b07	汝怕人笑。師大悟。	018	汝 怕 人 笑  師 大 悟  
ZH_X68_1319_018:0711b08	示眾。明明知道只是這箇。為甚麼透不過。只為見人	018	示 眾  明 明 知 道 只 是 這 箇  為 甚 麼 透 不 過  只 為 見 人 
ZH_X68_1319_018:0711b09	開口時。便喚作言句。見人閉口時。便喚作良久默然。	018	開 口 時  便 喚 作 言 句  見 人 閉 口 時  便 喚 作 良 久 默 然  
ZH_X68_1319_018:0711b10	又道動展施為。開言吐氣。盡十方世界內無不是自	018	又 道 動 展 施 為  開 言 吐 氣  盡 十方世界 內 無 不 是 自 
ZH_X68_1319_018:0711b11	己。所以墮在塗中。隱隱猶懷近日嫌。豈不見雲門道。	018	己  所 以 墮 在 塗 中  隱 隱 猶 懷 近 日 嫌  豈 不 見 雲 門 道  
ZH_X68_1319_018:0711b12	聞聲悟道。見色明心。遂舉手云。觀世音菩薩將錢來	018	聞 聲 悟 道  見 色 明 心  遂 舉 手 云  觀 世 音 菩 薩 將 錢 來 
ZH_X68_1319_018:0711b13	買胡餅。放下手云。元來却是饅頭。又不見山僧在法	018	買 胡 餅  放 下 手 云  元 來 却 是 饅 頭  又 不 見 山 僧 在 法 
ZH_X68_1319_018:0711b14	華時嘗示眾云。無業禪師道。一毫頭聖凡情念未盡。	018	華 時 嘗 示 眾 云  無 業 禪 師 道  一 毫 頭 聖 凡 情 念 未 盡  
ZH_X68_1319_018:0711b15	未免入驢胎馬腹裏去。大眾。直饒一毫頭聖凡情念	018	未 免 入 驢 胎 馬 腹 裏 去  大 眾  直 饒 一 毫 頭 聖 凡 情 念 
ZH_X68_1319_018:0711b16	頓盡。亦未免入驢胎馬腹裏去。瞎漢。但恁麼看取。參。	018	頓 盡  亦 未 免 入 驢 胎 馬 腹 裏 去  瞎 漢  但 恁 麼 看 取  參  
ZH_X68_1319_018:0711b17	示眾曰。此事如萬仞崖頭相似。總知道放著手便撲	018	示 眾 曰  此 事 如 萬 仞 崖 頭 相 似  總 知 道 放 著 手 便 撲 
ZH_X68_1319_018:0711b18	到底。只是捨命不得。法華今日不動一毫頭。教諸人	018	到 底  只 是 捨 命 不 得  法 華 今 日 不 動 一 毫 頭  教 諸 人 
ZH_X68_1319_018:0711b19	到底去也。擲拄杖下座。	018	到 底 去 也  擲 拄 杖 下 座  
ZH_X68_1319_018:0711b20	保寧仁勇禪師	018	保 寧 仁 勇 禪 師 
ZH_X68_1319_018:0711b21	僧問。如何是佛。　師曰。近火先焦。　曰。如何是道。　曰。泥裏	018	僧 問  如 何 是 佛   師 曰  近 火 先 焦   曰  如 何 是 道   曰  泥 裏 
ZH_X68_1319_018:0711b22	有刺。　曰。如何是道中人。　曰。切忌踏著。	018	有 刺   曰  如 何 是 道 中 人   曰  切 忌 踏 著  
ZH_X68_1319_018:0711b23	上堂。有手脚。無背面。明眼人。看不見。天左旋。地右轉。	018	上 堂  有 手 脚  無 背 面  明 眼 人  看 不 見  天 左 旋  地 右 轉  
ZH_X68_1319_018:0711b24	拍膝云。西風一陣來。落葉兩三片。	018	拍 膝 云  西 風 一 陣 來  落 葉 兩 三 片  
ZH_X68_1319_018:0711c01	示眾云。釋迦老子四十九年說法。不曾道著一字。優	018	示 眾 云  釋 迦 老 子 四 十 九 年 說 法  不 曾 道 著 一 字  優 
ZH_X68_1319_018:0711c02	波毱多丈室盈籌。不曾度得一人。達摩不居少室。六	018	波 毱 多 丈 室 盈 籌  不 曾 度 得 一 人  達 摩 不 居 少 室  六 
ZH_X68_1319_018:0711c03	祖不住曹溪。彼自無瘡。勿傷之也。拍膝顧眾云。且喜	018	祖 不 住 曹 溪  彼 自 無 瘡  勿 傷 之 也  拍 膝 顧 眾 云  且 喜 
ZH_X68_1319_018:0711c04	得天下太平。	018	得 天 下 太 平  
ZH_X68_1319_018:0711c05	師云。一是一。二是二。三是三。四是四。數目甚分明。上	018	師 云  一 是 一  二 是 二  三 是 三  四 是 四  數 目 甚 分 明  上 
ZH_X68_1319_018:0711c06	下依資次。依資次。有何事。以拄杖畫一畫。云。大眾一	018	下 依 資 次  依 資 次  有 何 事  以 拄 杖 畫 一 畫  云  大 眾 一 
ZH_X68_1319_018:0711c07	時亂却六十甲子了也。	018	時 亂 却 六 十 甲 子 了 也  
ZH_X68_1319_018:0711c08	示眾曰。三界唯心。萬法唯識。檻外雲生。簷前雨滴。澗	018	示 眾 曰  三界唯心  萬 法 唯 識  檻 外 雲 生  簷 前 雨 滴  澗 
ZH_X68_1319_018:0711c09	水湛如藍。山花開似錦。此時若不究根源。直待當來	018	水 湛 如 藍  山 花 開 似 錦  此 時 若 不 究 根 源  直 待 當 來 
ZH_X68_1319_018:0711c10	問彌勒。	018	問 彌 勒  
ZH_X68_1319_018:0711c11	比部孫居士	018	比 部 孫 居 士 
ZH_X68_1319_018:0711c12	因楊岐來訪。值視斷次。士曰。某為王事所牽。何由免	018	因 楊 岐 來 訪  值 視 斷 次  士 曰  某 為 王 事 所 牽  何 由 免 
ZH_X68_1319_018:0711c13	難。　岐指曰。委悉得麼。　士曰。望師點破。　岐曰。此是比部	018	難   岐 指 曰  委 悉 得 麼   士 曰  望 師 點 破   岐 曰  此 是 比 部 
ZH_X68_1319_018:0711c14	弘願深廣。利濟羣生。　士曰。未審如何。　岐示以偈曰。應	018	弘 願 深 廣  利 濟 羣 生   士 曰  未 審 如 何   岐 示 以 偈 曰  應 
ZH_X68_1319_018:0711c15	現宰官身。廣弘悲願深。為人重指處。棒下血淋淋。　士	018	現 宰 官 身  廣 弘 悲 願 深  為 人 重 指 處  棒 下 血 淋 淋   士 
ZH_X68_1319_018:0711c16	於此有省。	018	於 此 有 省  
ZH_X68_1319_018:0711c17	寶峰闡提惟照禪師	018	寶 峰 闡 提 惟 照 禪 師 
ZH_X68_1319_018:0711c18	示聰藏主法語五則。一曰。曹山立四禁。盡衲僧命脈。	018	示 聰 藏 主 法 語 五 則  一 曰  曹 山 立 四 禁  盡 衲 僧 命 脈  
ZH_X68_1319_018:0711c19	透得過。切忌依倚。將來了事人。須別有生機一路。　二	018	透 得 過  切 忌 依 倚  將 來 了 事 人  須 別 有 生 機 一 路   二 
ZH_X68_1319_018:0711c20	曰。衲僧向異類中行履。先德道異類墮。此了事人病。	018	曰  衲 僧 向 異 類 中 行 履  先 德 道 異 類 墮  此 了 事 人 病  
ZH_X68_1319_018:0711c21	明安道。須是識主始得。　三曰。闡提尋常向人道。不得	018	明 安 道  須 是 識 主 始 得   三 曰  闡 提 尋 常 向 人 道  不 得 
ZH_X68_1319_018:0711c22	參禪。不得學佛。只要伊如大死人。只恐聞此語。作無	018	參 禪  不 得 學 佛  只 要 伊 如 大 死 人  只 恐 聞 此 語  作 無 
ZH_X68_1319_018:0711c23	事會。作無法可當情會。正是死不得。若是死得。決不	018	事 會  作 無 法 可 當 情 會  正 是 死 不 得  若 是 死 得  決 不 
ZH_X68_1319_018:0711c24	肯作這般見解。他時為人。切宜仔細。　四曰。吾家立五	018	肯 作 這 般 見 解  他 時 為 人  切 宜 仔 細   四 曰  吾 家 立 五 
ZH_X68_1319_018:0712a01	位為宗。往往人以理事明。以寂照會。以能所見。以體	018	位 為 宗  往 往 人 以 理 事 明  以 寂 照 會  以 能 所 見  以 體 
ZH_X68_1319_018:0712a02	用解。盡落今時。何得名為教外別傳之妙。生死路頭。	018	用 解  盡 落 今 時  何 得 名 為 教 外 別 傳 之 妙  生 死 路 頭  
ZH_X68_1319_018:0712a03	那箇是得處。總不恁麼時。如何卜度即不中。　五曰。有	018	那 箇 是 得 處  總 不 恁 麼 時  如 何 卜 度 即 不 中   五 曰  有 
ZH_X68_1319_018:0712a04	情故情滲漏。有見故見滲漏。有語故語滲漏。設得見	018	情 故 情 滲 漏  有 見 故 見 滲 漏  有 語 故 語 滲 漏  設 得 見 
ZH_X68_1319_018:0712a05	無．情無．語無。拽住便問他。你是何人。	018	無  情 無  語 無  拽 住 便 問 他  你 是 何 人  
ZH_X68_1319_018:0712a06	上堂。過去諸佛已入涅槃了也。汝等諸人不應追念。	018	上 堂  過去諸佛 已 入 涅 槃 了 也  汝 等 諸 人 不 應 追 念  
ZH_X68_1319_018:0712a07	未來諸佛未出於世。汝等諸人不要妄想。正當今日。	018	未來諸佛 未 出 於 世  汝 等 諸 人 不 要 妄 想  正 當 今 日  
ZH_X68_1319_018:0712a08	你是何人。	018	你 是 何 人  
ZH_X68_1319_018:0712a09	上堂。本自不生。今亦無滅。是死不得底樣子。當處出	018	上 堂  本 自 不 生  今 亦 無 滅  是 死 不 得 底 樣 子  當 處 出 
ZH_X68_1319_018:0712a10	生。隨處滅盡。是活生受底規模。大丈夫漢。直須處生	018	生  隨 處 滅 盡  是 活 生 受 底 規 模  大 丈 夫 漢  直 須 處 生 
ZH_X68_1319_018:0712a11	死流。臥荊棘林。俯仰屈伸。隨機施設。能如是也。無量	018	死 流  臥 荊 棘 林  俯 仰 屈 伸  隨 機 施 設  能 如 是 也  無 量 
ZH_X68_1319_018:0712a12	方便莊嚴三昧大解脫門蕩然頓開。其或未然。無量	018	方 便 莊 嚴 三 昧 大 解 脫 門 蕩 然 頓 開  其 或 未 然  無 量 
ZH_X68_1319_018:0712a13	煩惱。一切塵勞。嶽立面前。塞却古路。	018	煩 惱  一 切 塵 勞  嶽 立 面 前  塞 却 古 路  
ZH_X68_1319_018:0712a14	雪下。僧問。祖師西來即不問。時節因緣事若何。　師曰。	018	雪 下  僧 問  祖 師 西 來 即 不 問  時 節 因 緣 事 若 何   師 曰  
ZH_X68_1319_018:0712a15	一片兩片三四片。落在眼中猶不薦。	018	一 片 兩 片 三 四 片  落 在 眼 中 猶 不 薦  
ZH_X68_1319_018:0712a16	石門元易禪師	018	石 門 元 易 禪 師 
ZH_X68_1319_018:0712a17	上堂。十方同聚會。箇箇學無為。此是選佛場。心空及	018	上 堂  十 方 同 聚 會  箇 箇 學 無 為  此 是 選 佛 場  心 空 及 
ZH_X68_1319_018:0712a18	第歸。大眾。祇如聞見覺知。未嘗有間。作麼生說箇心	018	第 歸  大 眾  祇 如 聞 見 覺 知  未 嘗 有 間  作 麼 生 說 箇 心 
ZH_X68_1319_018:0712a19	空底道理。莫是見而不見。聞而不聞。謂之心空耶。錯。	018	空 底 道 理  莫 是 見 而 不 見  聞 而 不 聞  謂 之 心 空 耶  錯  
ZH_X68_1319_018:0712a20	莫是忘機息慮。萬法俱捐。銷能所以入元宗。泯性相	018	莫 是 忘 機 息 慮  萬 法 俱 捐  銷 能 所 以 入 元 宗  泯 性 相 
ZH_X68_1319_018:0712a21	而歸法界。謂之心空耶。錯。恁麼也不得。不恁麼也不	018	而 歸 法 界  謂 之 心 空 耶  錯  恁 麼 也 不 得  不 恁 麼 也 不 
ZH_X68_1319_018:0712a22	得。恁麼不恁麼總不得。未審畢竟作麼生。還會麼。　良	018	得  恁 麼 不 恁 麼 總 不 得  未 審 畢 竟 作 麼 生  還 會 麼   良 
ZH_X68_1319_018:0712a23	久。曰。若實無為無不為。天堂地獄長相隨。三尺杖子	018	久  曰  若 實 無 為 無 不 為  天 堂 地 獄 長 相 隨  三 尺 杖 子 
ZH_X68_1319_018:0712a24	攪黃河。八臂那吒冷眼窺。無限魚龍盡奔走。捉得循	018	攪 黃 河  八 臂 那 吒 冷 眼 窺  無 限 魚 龍 盡 奔 走  捉 得 循 
ZH_X68_1319_018:0712b01	河三脚龜。脫取殻。鐵錐錐。吉凶之兆便分輝。借問東	018	河 三 脚 龜  脫 取 殻  鐵 錐 錐  吉 凶 之 兆 便 分 輝  借 問 東 
ZH_X68_1319_018:0712b02	村白頭老。吉凶未兆若何為。休休休。古往今來春復	018	村 白 頭 老  吉 凶 未 兆 若 何 為  休 休 休  古 往 今 來 春 復 
ZH_X68_1319_018:0712b03	秋。白日騰騰隨分過。更嫌何處不風流。咄。	018	秋  白 日 騰 騰 隨 分 過  更 嫌 何 處 不 風 流  咄  
ZH_X68_1319_018:0712b04	資聖南禪師	018	資 聖 南 禪 師 
ZH_X68_1319_018:0712b05	聖節上堂。顧視左右曰。諸人還知麼。夜明簾外之主。	018	聖 節 上 堂  顧 視 左 右 曰  諸 人 還 知 麼  夜 明 簾 外 之 主  
ZH_X68_1319_018:0712b06	萬化不渝。瑠璃殿上之尊。四臣不昧。端拱而治。不令	018	萬 化 不 渝  瑠 璃 殿 上 之 尊  四 臣 不 昧  端 拱 而 治  不 令 
ZH_X68_1319_018:0712b07	而行。壽逾百億須彌。化洽大千沙界。且道正恁麼時	018	而 行  壽 逾 百 億 須 彌  化 洽 大 千 沙 界  且 道 正 恁 麼 時 
ZH_X68_1319_018:0712b08	如何行履。野老不知黃屋貴。六街慵聽靜鞭聲。	018	如 何 行 履  野 老 不 知 黃 屋 貴  六 街 慵 聽 靜 鞭 聲  
ZH_X68_1319_018:0712b09	法雲善本大通禪師	018	法 雲 善 本 大 通 禪 師 
ZH_X68_1319_018:0712b10	僧問。寶塔原無縫。如何指示人。　師曰。煙霞生背面。星	018	僧 問  寶 塔 原 無 縫  如 何 指 示 人   師 曰  煙 霞 生 背 面  星 
ZH_X68_1319_018:0712b11	月遶簷楹。　曰。如何是塔中人。　師曰。竟日不干清世事。	018	月 遶 簷 楹   曰  如 何 是 塔 中 人   師 曰  竟 日 不 干 清 世 事  
ZH_X68_1319_018:0712b12	長年占斷白雲鄉。　曰。向上更有事也無。　師曰。太無厭	018	長 年 占 斷 白 雲 鄉   曰  向 上 更 有 事 也 無   師 曰  太 無 厭 
ZH_X68_1319_018:0712b13	生。	018	生  
ZH_X68_1319_018:0712b14	師所至。見佛菩薩行立之像。不敢坐。伊蒲塞饌以魚	018	師 所 至  見 佛 菩 薩 行 立 之 像  不 敢 坐  伊 蒲 塞 饌 以 魚 
ZH_X68_1319_018:0712b15	胾名者。不食。其真誠應事。防心離過。類如此。	018	胾 名 者  不 食  其 真 誠 應 事  防 心 離 過  類 如 此  
ZH_X68_1319_018:0712b16	壽州資壽巖禪師	018	壽 州 資 壽 巖 禪 師 
ZH_X68_1319_018:0712b17	僧問。大藏經中還有奇特事也無。　師曰。祇恐汝不信。	018	僧 問  大 藏 經 中 還 有 奇 特 事 也 無   師 曰  祇 恐 汝 不 信  
ZH_X68_1319_018:0712b18	　曰。如何即是。　師曰。黑底是墨。黃底是紙。　曰。謝師答話。	018	 曰  如 何 即 是   師 曰  黑 底 是 墨  黃 底 是 紙   曰  謝 師 答 話  
ZH_X68_1319_018:0712b19	　師曰。領取鉤頭意。莫認定盤星。	018	 師 曰  領 取 鉤 頭 意  莫 認 定 盤 星  
ZH_X68_1319_018:0712b20	上堂。乾坤肅靜。海晏河清。風不鳴條。雨不破塊。春生	018	上 堂  乾 坤 肅 靜  海 晏 河 清  風 不 鳴 條  雨 不 破 塊  春 生 
ZH_X68_1319_018:0712b21	夏長。秋收冬藏。這箇是世間法。作麼生是佛法。良久。	018	夏 長  秋 收 冬 藏  這 箇 是 世 間 法  作 麼 生 是 佛 法  良 久  
ZH_X68_1319_018:0712b22	曰。欲得不招無間業。莫謗如來正法輪。	018	曰  欲 得 不 招 無 間 業  莫 謗 如 來 正 法 輪  
ZH_X68_1319_018:0712b23	投子修顒禪師	018	投 子 修 顒 禪 師 
ZH_X68_1319_018:0712b24	師參慧林。因喫攧有省。作偈曰。這一交。這一交。萬兩	018	師 參 慧 林  因 喫 攧 有 省  作 偈 曰  這 一 交  這 一 交  萬 兩 
ZH_X68_1319_018:0712c01	黃金也合消。頭上笠。腰下包。清風明月杖頭挑。	018	黃 金 也 合 消  頭 上 笠  腰 下 包  清 風 明 月 杖 頭 挑  
ZH_X68_1319_018:0712c02	富鄭公因趙清獻公警發。不捨晝夜。力進此道。謁師	018	富 鄭 公 因 趙 清 獻 公 警 發  不 捨 晝 夜  力 進 此 道  謁 師 
ZH_X68_1319_018:0712c03	於投子。會師方為眾登座。富見師左右顧視。忽有省。	018	於 投 子  會 師 方 為 眾 登 座  富 見 師 左 右 顧 視  忽 有 省  
ZH_X68_1319_018:0712c04	因執弟子禮。趨函丈。命侍者請為入室。師見即曰。相	018	因 執 弟 子 禮  趨 函 丈  命 侍 者 請 為 入 室  師 見 即 曰  相 
ZH_X68_1319_018:0712c05	公已入來。富弼猶在外。富聞。汗流浹背。即大悟。	018	公 已 入 來  富 弼 猶 在 外  富 聞  汗 流 浹 背  即 大 悟  
ZH_X68_1319_018:0712c06	清獻公趙抃字悅道	018	清 獻 公 趙 抃 字 悅 道 
ZH_X68_1319_018:0712c07	公年四十餘。擯去聲色。繫心宗教。會佛慧來居衢之	018	公 年 四 十 餘  擯 去 聲 色  繫 心 宗 教  會 佛 慧 來 居 衢 之 
ZH_X68_1319_018:0712c08	南禪。公日親之。慧未嘗容措一詞。後典青州。政事之	018	南 禪  公 日 親 之  慧 未 嘗 容 措 一 詞  後 典 青 州  政 事 之 
ZH_X68_1319_018:0712c09	餘多宴坐。忽大雷震驚。即契悟。作偈曰。默坐公堂虗	018	餘 多 宴 坐  忽 大 雷 震 驚  即 契 悟  作 偈 曰  默 坐 公 堂 虗 
ZH_X68_1319_018:0712c10	隱几。心源不動湛如水。一聲霹靂頂門開。喚起從前	018	隱 几  心 源 不 動 湛 如 水  一 聲 霹 靂 頂 門 開  喚 起 從 前 
ZH_X68_1319_018:0712c11	自家底。　慧聞。笑曰。趙悅道撞彩耳。　公嘗自題偈齋中。	018	自 家 底   慧 聞  笑 曰  趙 悅 道 撞 彩 耳   公 嘗 自 題 偈 齋 中  
ZH_X68_1319_018:0712c12	曰。　腰佩黃金已退藏。箇中消息也尋常。　世人欲識高	018	曰   腰 佩 黃 金 已 退 藏  箇 中 消 息 也 尋 常   世 人 欲 識 高 
ZH_X68_1319_018:0712c13	齋老。祇是柯村趙四郎。　復曰。切忌錯認。　臨終。遺書佛	018	齋 老  祇 是 柯 村 趙 四 郎   復 曰  切 忌 錯 認   臨 終  遺 書 佛 
ZH_X68_1319_018:0712c14	慧。有曰。非師平日警誨。至此必不得力矣。	018	慧  有 曰  非 師 平 日 警 誨  至 此 必 不 得 力 矣  
ZH_X68_1319_018:0712c15	黃龍死心悟新禪師	018	黃 龍 死 心 悟 新 禪 師 
ZH_X68_1319_018:0712c16	師初謁棲賢秀鐵面。秀問。上座甚處人。　師曰。廣南韶	018	師 初 謁 棲 賢 秀 鐵 面  秀 問  上 座 甚 處 人   師 曰  廣 南 韶 
ZH_X68_1319_018:0712c17	州。　又問。曾到雲門否。　師曰。曾到。　又問。曾到靈樹否。　師	018	州   又 問  曾 到 雲 門 否   師 曰  曾 到   又 問  曾 到 靈 樹 否   師 
ZH_X68_1319_018:0712c18	曰。曾到。　秀曰。如何是靈樹枝條。　師曰。長底自長。短底	018	曰  曾 到   秀 曰  如 何 是 靈 樹 枝 條   師 曰  長 底 自 長  短 底 
ZH_X68_1319_018:0712c19	自短。　秀曰。廣南蠻。莫亂統。　師曰。向北驢。只恁麼。拂袖	018	自 短   秀 曰  廣 南 蠻  莫 亂 統   師 曰  向 北 驢  只 恁 麼  拂 袖 
ZH_X68_1319_018:0712c20	而出。　秀器之。而師無留意。至黃龍謁晦堂。堂豎拳問	018	而 出   秀 器 之  而 師 無 留 意  至 黃 龍 謁 晦 堂  堂 豎 拳 問 
ZH_X68_1319_018:0712c21	曰。喚作拳頭則觸。不喚作拳頭則背。汝喚作甚麼。師	018	曰  喚 作 拳 頭 則 觸  不 喚 作 拳 頭 則 背  汝 喚 作 甚 麼  師 
ZH_X68_1319_018:0712c22	罔措。經二年。方領解。然尚談辯。無所牴牾。　堂患之。偶	018	罔 措  經 二 年  方 領 解  然 尚 談 辯  無 所 牴 牾   堂 患 之  偶 
ZH_X68_1319_018:0712c23	與語。至其銳。堂遽曰。住。住。說食豈能飽人。　師窘。乃曰。	018	與 語  至 其 銳  堂 遽 曰  住  住  說 食 豈 能 飽 人   師 窘  乃 曰  
ZH_X68_1319_018:0712c24	某到此弓折箭盡。望和尚慈悲。指箇安樂處。　堂曰。一	018	某 到 此 弓 折 箭 盡  望 和 尚 慈 悲  指 箇 安 樂 處   堂 曰  一 
ZH_X68_1319_018:0713a01	塵飛而翳天。一芥墮而覆地。安樂處正忌上座許多	018	塵 飛 而 翳 天  一 芥 墮 而 覆 地  安 樂 處 正 忌 上 座 許 多 
ZH_X68_1319_018:0713a02	骨董。直須死却無量劫來識心乃可耳。師趨出。　一日。	018	骨 董  直 須 死 却 無 量 劫 來 識 心 乃 可 耳  師 趨 出   一 日  
ZH_X68_1319_018:0713a03	聞知事捶行者。而迅雷忽震。即大悟。趨見晦堂。忘納	018	聞 知 事 捶 行 者  而 迅 雷 忽 震  即 大 悟  趨 見 晦 堂  忘 納 
ZH_X68_1319_018:0713a04	其屨。即自譽曰。天下人總是參得底禪。某是悟底。　堂	018	其 屨  即 自 譽 曰  天 下 人 總 是 參 得 底 禪  某 是 悟 底   堂 
ZH_X68_1319_018:0713a05	笑曰。選佛得甲科。何可當也。因號死心叟。	018	笑 曰  選 佛 得 甲 科  何 可 當 也  因 號 死 心 叟  
ZH_X68_1319_018:0713a06	謁法昌遇禪師。遇問。近離甚處。　師曰。某甲自黃龍來。	018	謁 法 昌 遇 禪 師  遇 問  近 離 甚 處   師 曰  某 甲 自 黃 龍 來  
ZH_X68_1319_018:0713a07	　遇曰。還見心禪師麼。　師曰。見。　遇曰。甚麼處見。　師曰。喫	018	 遇 曰  還 見 心 禪 師 麼   師 曰  見   遇 曰  甚 麼 處 見   師 曰  喫 
ZH_X68_1319_018:0713a08	粥喫飯處見。　遇插火箸於罏中曰。這箇又作麼生。師	018	粥 喫 飯 處 見   遇 插 火 箸 於 罏 中 曰  這 箇 又 作 麼 生  師 
ZH_X68_1319_018:0713a09	搜脫火箸便打。	018	搜 脫 火 箸 便 打  
ZH_X68_1319_018:0713a10	王正言問。嘗聞三緣和合而生。又聞即死即生。何故	018	王 正 言 問  嘗 聞 三 緣 和 合 而 生  又 聞 即 死 即 生  何 故 
ZH_X68_1319_018:0713a11	有奪胎而生者。　師曰。如正言作漕使。隨所住處。即居	018	有 奪 胎 而 生 者   師 曰  如 正 言 作 漕 使  隨 所 住 處  即 居 
ZH_X68_1319_018:0713a12	其位。還疑否。　王曰。不疑。　師曰。復何疑也。王於言下領	018	其 位  還 疑 否   王 曰  不 疑   師 曰  復 何 疑 也  王 於 言 下 領 
ZH_X68_1319_018:0713a13	解。	018	解  
ZH_X68_1319_018:0713a14	師住翠巖時。翠巖有淫祠。鄉人禳禬酒胾無虗日。師	018	師 住 翠 巖 時  翠 巖 有 淫 祠  鄉 人 禳 禬 酒 胾 無 虗 日  師 
ZH_X68_1319_018:0713a15	誡知事令毀之。知事辭以不敢掇禍。師曰。使能作禍。	018	誡 知 事 令 毀 之  知 事 辭 以 不 敢 掇 禍  師 曰  使 能 作 禍  
ZH_X68_1319_018:0713a16	吾自當之。乃躬自毀拆。俄有巨蟒盤臥內。引首作吞	018	吾 自 當 之  乃 躬 自 毀 拆  俄 有 巨 蟒 盤 臥 內  引 首 作 吞 
ZH_X68_1319_018:0713a17	噬之狀。師叱之。蟒遁。安寢無他。	018	噬 之 狀  師 叱 之  蟒 遁  安 寢 無 他  
ZH_X68_1319_018:0713a18	領雲巖。建經藏。太史黃庭堅為作記。有以其親墓志	018	領 雲 巖  建 經 藏  太 史 黃 庭 堅 為 作 記  有 以 其 親 墓 志 
ZH_X68_1319_018:0713a19	[金*嶲]於碑陰者。師罵曰。凌侮不避禍若是。語未卒。電光	018	[金嶲] 於 碑 陰 者  師 罵 曰  凌 侮 不 避 禍 若 是  語 未 卒  電 光 
ZH_X68_1319_018:0713a20	翻屋。雷擊自戶。入析其碑陰中分之。視之。志已灰燼。	018	翻 屋  雷 擊 自 戶  入 析 其 碑 陰 中 分 之  視 之  志 已 灰 燼  
ZH_X68_1319_018:0713a21	而藏記安然無損。	018	而 藏 記 安 然 無 損  
ZH_X68_1319_018:0713a22	晚屬疾。退居晦堂。夜參。豎起拂子云。看看。拂子病。死	018	晚 屬 疾  退 居 晦 堂  夜 參  豎 起 拂 子 云  看 看  拂 子 病  死 
ZH_X68_1319_018:0713a23	心病。拂子安。死心安。拂子穿却死心。死心穿却拂子。	018	心 病  拂 子 安  死 心 安  拂 子 穿 却 死 心  死 心 穿 却 拂 子  
ZH_X68_1319_018:0713a24	正當恁麼時。喚作拂子。又是死心。喚作死心。又是拂	018	正 當 恁 麼 時  喚 作 拂 子  又 是 死 心  喚 作 死 心  又 是 拂 
ZH_X68_1319_018:0713b01	子。畢竟喚作甚麼。良久。云。莫把是非來辨我。浮生穿	018	子  畢 竟 喚 作 甚 麼  良 久  云  莫 把 是 非 來 辨 我  浮 生 穿 
ZH_X68_1319_018:0713b02	鑿不相關。　有乞末後句者。師示偈曰。末後一句子。直	018	鑿 不 相 關   有 乞 末 後 句 者  師 示 偈 曰  末 後 一 句 子  直 
ZH_X68_1319_018:0713b03	須心路絕。六根門既空。萬法無生滅。於此徹其源。不	018	須 心 路 絕  六 根 門 既 空  萬 法 無 生 滅  於 此 徹 其 源  不 
ZH_X68_1319_018:0713b04	須求解脫。平生愛罵人。只為長快活。	018	須 求 解 脫  平 生 愛 罵 人  只 為 長 快 活  
ZH_X68_1319_018:0713b05	泐潭草堂清禪師	018	泐 潭 草 堂 清 禪 師 
ZH_X68_1319_018:0713b06	上堂。色心不異。彼我無差。豎起拂子曰。若喚作拂子。	018	上 堂  色 心 不 異  彼 我 無 差  豎 起 拂 子 曰  若 喚 作 拂 子  
ZH_X68_1319_018:0713b07	入地獄如箭。不喚作拂子。有眼如盲。直饒透脫兩頭。	018	入 地 獄 如 箭  不 喚 作 拂 子  有 眼 如 盲  直 饒 透 脫 兩 頭  
ZH_X68_1319_018:0713b08	也是黑牛臥死水。	018	也 是 黑 牛 臥 死 水  
ZH_X68_1319_018:0713b09	太史山谷黃庭堅居士	018	太 史 山 谷 黃 庭 堅 居 士 
ZH_X68_1319_018:0713b10	士初謁秀圓通。語具圓通章。自是遂著發願文。痛戒	018	士 初 謁 秀 圓 通  語 具 圓 通 章  自 是 遂 著 發 願 文  痛 戒 
ZH_X68_1319_018:0713b11	酒色。日惟朝粥午飯。銳志參求。既依晦堂。乞指徑捷	018	酒 色  日 惟 朝 粥 午 飯  銳 志 參 求  既 依 晦 堂  乞 指 徑 捷 
ZH_X68_1319_018:0713b12	處。堂曰。祗如仲尼道二三子以我為隱乎。吾無隱乎	018	處  堂 曰  祗 如 仲 尼 道 二 三 子 以 我 為 隱 乎  吾 無 隱 乎 
ZH_X68_1319_018:0713b13	爾者。太史居常如何理論。公擬對。　堂曰。不是。不是。公	018	爾 者  太 史 居 常 如 何 理 論  公 擬 對   堂 曰  不 是  不 是  公 
ZH_X68_1319_018:0713b14	迷悶不已。　一日。同堂山行次。時巖桂盛開。堂曰。聞木	018	迷 悶 不 已   一 日  同 堂 山 行 次  時 巖 桂 盛 開  堂 曰  聞 木 
ZH_X68_1319_018:0713b15	樨花香麼。　公曰。聞。　堂曰。吾無隱乎爾。　公釋然。即拜之	018	樨 花 香 麼   公 曰  聞   堂 曰  吾 無 隱 乎 爾   公 釋 然  即 拜 之 
ZH_X68_1319_018:0713b16	曰。和尚得恁麼老婆心切。　堂笑曰。祗要公到家耳。　久	018	曰  和 尚 得 恁 麼 老 婆 心 切   堂 笑 曰  祗 要 公 到 家 耳   久 
ZH_X68_1319_018:0713b17	之。謁死心新禪師。隨眾入室。心見。張目問曰。新長老	018	之  謁 死 心 新 禪 師  隨 眾 入 室  心 見  張 目 問 曰  新 長 老 
ZH_X68_1319_018:0713b18	死。學士死。燒作兩堆灰。向甚麼處相見。公無語。　心約	018	死  學 士 死  燒 作 兩 堆 灰  向 甚 麼 處 相 見  公 無 語   心 約 
ZH_X68_1319_018:0713b19	出曰。晦堂處參得底。使未著在。　後左官黔南。道力愈	018	出 曰  晦 堂 處 參 得 底  使 未 著 在   後 左 官 黔 南  道 力 愈 
ZH_X68_1319_018:0713b20	勝。於無思念中。頓明死心所問。報以書曰。往年嘗蒙	018	勝  於 無 思 念 中  頓 明 死 心 所 問  報 以 書 曰  往 年 嘗 蒙 
ZH_X68_1319_018:0713b21	苦苦提撕。長如醉夢。依稀在光影中。蓋疑情不盡。命	018	苦 苦 提 撕  長 如 醉 夢  依 稀 在 光 影 中  蓋 疑 情 不 盡  命 
ZH_X68_1319_018:0713b22	根不斷。故望崖而退耳。謫官在黔南道中。晝臥覺來。	018	根 不 斷  故 望 崖 而 退 耳  謫 官 在 黔 南 道 中  晝 臥 覺 來  
ZH_X68_1319_018:0713b23	忽爾尋思被天下老和尚瞞了多少。惟有死心道人	018	忽 爾 尋 思 被 天 下 老 和 尚 瞞 了 多 少  惟 有 死 心 道 人 
ZH_X68_1319_018:0713b24	不肯。乃是第一相為也。	018	不 肯  乃 是 第 一 相 為 也  
ZH_X68_1319_018:0713c01	祕書吳恂德夫居士	018	祕 書 吳 恂 德 夫 居 士 
ZH_X68_1319_018:0713c02	士參晦堂。堂謂曰。平生學解記憶多聞即不問。你父	018	士 參 晦 堂  堂 謂 曰  平 生 學 解 記 憶 多 聞 即 不 問  你 父 
ZH_X68_1319_018:0713c03	母未生已前。道將一句來。　公擬議。堂以拂子擊之。即	018	母 未 生 已 前  道 將 一 句 來   公 擬 議  堂 以 拂 子 擊 之  即 
ZH_X68_1319_018:0713c04	領深旨。連呈三偈。其後曰。咄這多知俗漢。齩盡古今	018	領 深 旨  連 呈 三 偈  其 後 曰  咄 這 多 知 俗 漢  齩 盡 古 今 
ZH_X68_1319_018:0713c05	公案。忽於狼藉堆頭。拾得蜣螂糞彈。明明不直分文。	018	公 案  忽 於 狼 藉 堆 頭  拾 得 蜣 螂 糞 彈  明 明 不 直 分 文  
ZH_X68_1319_018:0713c06	萬兩黃金不換。等閒拈出示人。祇為走盤難看。	018	萬 兩 黃 金 不 換  等 閒 拈 出 示 人  祇 為 走 盤 難 看  
ZH_X68_1319_018:0713c07	兜率從悅禪師	018	兜 率 從 悅 禪 師 
ZH_X68_1319_018:0713c08	師初首眾於道吾。領數衲謁雲葢智和尚。智與語。未	018	師 初 首 眾 於 道 吾  領 數 衲 謁 雲 葢 智 和 尚  智 與 語  未 
ZH_X68_1319_018:0713c09	數句。盡知所蘊。乃笑曰。觀首座氣質不凡。奈何出言	018	數 句  盡 知 所 蘊  乃 笑 曰  觀 首 座 氣 質 不 凡  奈 何 出 言 
ZH_X68_1319_018:0713c10	吐氣如醉人耶。　師面熱汗下曰。願和尚不吝慈悲。智	018	吐 氣 如 醉 人 耶   師 面 熱 汗 下 曰  願 和 尚 不 吝 慈 悲  智 
ZH_X68_1319_018:0713c11	復與語。錐劄之。師茫然。遂求入室。　智曰。曾見法昌遇	018	復 與 語  錐 劄 之  師 茫 然  遂 求 入 室   智 曰  曾 見 法 昌 遇 
ZH_X68_1319_018:0713c12	和尚否。　師曰。曾看他語錄。自了可也。不願見之。　智曰。	018	和 尚 否   師 曰  曾 看 他 語 錄  自 了 可 也  不 願 見 之   智 曰  
ZH_X68_1319_018:0713c13	曾見洞山文和尚否。　師曰。關西子。沒頭惱。拖一條布	018	曾 見 洞 山 文 和 尚 否   師 曰  關 西 子  沒 頭 惱  拖 一 條 布 
ZH_X68_1319_018:0713c14	裙作尿臭氣。有甚長處。　智曰。你但向尿臭氣處參取。	018	裙 作 尿 臭 氣  有 甚 長 處   智 曰  你 但 向 尿 臭 氣 處 參 取  
ZH_X68_1319_018:0713c15	　師依教。即謁洞山。深領奧旨。復謁智。智曰。見關西子	018	 師 依 教  即 謁 洞 山  深 領 奧 旨  復 謁 智  智 曰  見 關 西 子 
ZH_X68_1319_018:0713c16	後。大事如何。　師曰。若不得和尚指示。洎乎蹉過一生。	018	後  大 事 如 何   師 曰  若 不 得 和 尚 指 示  洎 乎 蹉 過 一 生  
ZH_X68_1319_018:0713c17	遂禮謝。　師復謁真淨。後出世鹿苑。有清素者。久參慈	018	遂 禮 謝   師 復 謁 真 淨  後 出 世 鹿 苑  有 清 素 者  久 參 慈 
ZH_X68_1319_018:0713c18	明。寓居一室。未始與人交。師因食蜜漬茘枝。偶素過	018	明  寓 居 一 室  未 始 與 人 交  師 因 食 蜜 漬 茘 枝  偶 素 過 
ZH_X68_1319_018:0713c19	門。師呼曰。此老人鄉果也。可同食之。　素曰。自先師亡	018	門  師 呼 曰  此 老 人 鄉 果 也  可 同 食 之   素 曰  自 先 師 亡 
ZH_X68_1319_018:0713c20	後。不得此食久矣。　師曰。先師為誰。　素曰。慈明也。某忝	018	後  不 得 此 食 久 矣   師 曰  先 師 為 誰   素 曰  慈 明 也  某 忝 
ZH_X68_1319_018:0713c21	執事十三年耳。　師乃疑駭曰。十三年堪忍執事之役。	018	執 事 十 三 年 耳   師 乃 疑 駭 曰  十 三 年 堪 忍 執 事 之 役  
ZH_X68_1319_018:0713c22	非得其道而何。遂饋以餘果。稍稍親之。　素問。師所見	018	非 得 其 道 而 何  遂 饋 以 餘 果  稍 稍 親 之   素 問  師 所 見 
ZH_X68_1319_018:0713c23	者何人。　曰。洞山文。　素曰。文見何人。　師曰。黃龍南。　素曰。	018	者 何 人   曰  洞 山 文   素 曰  文 見 何 人   師 曰  黃 龍 南   素 曰  
ZH_X68_1319_018:0713c24	南匾頭見先師不久。法道大振如此。　師益疑駭。遂袖	018	南 匾 頭 見 先 師 不 久  法 道 大 振 如 此   師 益 疑 駭  遂 袖 
ZH_X68_1319_018:0714a01	香詣素作禮。素起避之。曰。吾以福薄。先師受記不許	018	香 詣 素 作 禮  素 起 避 之  曰  吾 以 福 薄  先 師 受 記 不 許 
ZH_X68_1319_018:0714a02	為人。　師益恭。素乃曰。憐子之誠。違先師之記。子平生	018	為 人   師 益 恭  素 乃 曰  憐 子 之 誠  違 先 師 之 記  子 平 生 
ZH_X68_1319_018:0714a03	所得試語我。師具通所見。　素曰。子之所見。可以入佛	018	所 得 試 語 我  師 具 通 所 見   素 曰  子 之 所 見  可 以 入 佛 
ZH_X68_1319_018:0714a04	而不能入魔。　師曰。何謂也。　素曰。豈不見古人道。末後	018	而 不 能 入 魔   師 曰  何 謂 也   素 曰  豈 不 見 古 人 道  末 後 
ZH_X68_1319_018:0714a05	一句。始到牢關。　如是累日。素乃印可。仍戒之曰。文示	018	一 句  始 到 牢 關   如 是 累 日  素 乃 印 可  仍 戒 之 曰  文 示 
ZH_X68_1319_018:0714a06	子者。皆正知正見。然子離師太早。不能盡其妙。吾今	018	子 者  皆 正 知 正 見  然 子 離 師 太 早  不 能 盡 其 妙  吾 今 
ZH_X68_1319_018:0714a07	為子點破。使子受用。得大自在。他日切勿嗣吾也。師	018	為 子 點 破  使 子 受 用  得 大 自 在  他 日 切 勿 嗣 吾 也  師 
ZH_X68_1319_018:0714a08	後嗣真淨。如素所戒。	018	後 嗣 真 淨  如 素 所 戒  
ZH_X68_1319_018:0714a09	師室中設三語以驗學者。一曰。撥草瞻風。祇圖見性。	018	師 室 中 設 三 語 以 驗 學 者  一 曰  撥 草 瞻 風  祇 圖 見 性  
ZH_X68_1319_018:0714a10	即今上人性在甚麼處。二曰。識得自性。方脫生死。眼	018	即 今 上 人 性 在 甚 麼 處  二 曰  識 得 自 性  方 脫 生 死  眼 
ZH_X68_1319_018:0714a11	光落地時作麼生脫。三曰。脫得生死。便知去處。四大	018	光 落 地 時 作 麼 生 脫  三 曰  脫 得 生 死  便 知 去 處  四 大 
ZH_X68_1319_018:0714a12	分離。向甚麼處去。	018	分 離  向 甚 麼 處 去  
ZH_X68_1319_018:0714a13	泐潭湛堂文準禪師	018	泐 潭 湛 堂 文 準 禪 師 
ZH_X68_1319_018:0714a14	初。雲巖虗席。郡牧命死心禪師舉所知。心曰。準山主	018	初  雲 巖 虗 席  郡 牧 命 死 心 禪 師 舉 所 知  心 曰  準 山 主 
ZH_X68_1319_018:0714a15	住得。某未嘗識渠。見有洗鉢頌甚好。　牧請舉。心舉云。	018	住 得  某 未 嘗 識 渠  見 有 洗 鉢 頌 甚 好   牧 請 舉  心 舉 云  
ZH_X68_1319_018:0714a16	之乎者也。衲僧鼻孔大頭向下。若也不會。問取東村	018	之 乎 者 也  衲 僧 鼻 孔 大 頭 向 下  若 也 不 會  問 取 東 村 
ZH_X68_1319_018:0714a17	王大姐。牧奇之。因請主雲巖。	018	王 大 姐  牧 奇 之  因 請 主 雲 巖  
ZH_X68_1319_018:0714a18	一日。新到相看。展坐具。師曰。未得人事。上座近離甚	018	一 日  新 到 相 看  展 坐 具  師 曰  未 得 人 事  上 座 近 離 甚 
ZH_X68_1319_018:0714a19	處。　曰。廬山歸宗。　師曰。宗歸何處。　曰。嗄。　師曰。蝦蟆窟裏	018	處   曰  廬 山 歸 宗   師 曰  宗 歸 何 處   曰  嗄   師 曰  蝦 蟆 窟 裏 
ZH_X68_1319_018:0714a20	作活計。　曰。和尚何不領話。　師曰。是你豈不從歸宗來。	018	作 活 計   曰  和 尚 何 不 領 話   師 曰  是 你 豈 不 從 歸 宗 來  
ZH_X68_1319_018:0714a21	　曰。是。　師曰。驢前馬後漢。　問第二上座。近離甚處。　曰。袁	018	 曰  是   師 曰  驢 前 馬 後 漢   問 第 二 上 座  近 離 甚 處   曰  袁 
ZH_X68_1319_018:0714a22	州。　師曰。夏在甚處。　曰。仰山。　師曰。還見小釋迦麼。　曰。見。	018	州   師 曰  夏 在 甚 處   曰  仰 山   師 曰  還 見 小 釋 迦 麼   曰  見  
ZH_X68_1319_018:0714a23	　師曰。鼻孔長多少。　僧擬議。師曰。話墮阿師。	018	 師 曰  鼻 孔 長 多 少   僧 擬 議  師 曰  話 墮 阿 師  
ZH_X68_1319_018:0714a24	問僧。你來作甚麼。　曰。特來問訊和尚。　師曰。雲在嶺頭	018	問 僧  你 來 作 甚 麼   曰  特 來 問 訊 和 尚   師 曰  雲 在 嶺 頭 
ZH_X68_1319_018:0714b01	閒不徹。水流澗下太忙生。　曰。和尚莫瞞人。　師曰。馬大	018	閒 不 徹  水 流 澗 下 太 忙 生   曰  和 尚 莫 瞞 人   師 曰  馬 大 
ZH_X68_1319_018:0714b02	師為甚麼從闍黎脚跟下走過。僧無語。　師曰。却是闍	018	師 為 甚 麼 從 闍 黎 脚 跟 下 走 過  僧 無 語   師 曰  却 是 闍 
ZH_X68_1319_018:0714b03	黎瞞老僧。	018	黎 瞞 老 僧  
ZH_X68_1319_018:0714b04	一日。法堂上逢首座。便問。向甚麼處去。　座曰。擬與和	018	一 日  法 堂 上 逢 首 座  便 問  向 甚 麼 處 去   座 曰  擬 與 和 
ZH_X68_1319_018:0714b05	尚商量一事。　師曰。便請。　曰。東家杓柄長。西家杓柄短。	018	尚 商 量 一 事   師 曰  便 請   曰  東 家 杓 柄 長  西 家 杓 柄 短  
ZH_X68_1319_018:0714b06	　師曰。為甚拈起鞏縣茶瓶。却是饒州磁碗。　曰。臨崖看	018	 師 曰  為 甚 拈 起 鞏 縣 茶 瓶  却 是 饒 州 磁 碗   曰  臨 崖 看 
ZH_X68_1319_018:0714b07	滸眼。特地一場愁。師叫屈。座吐舌而退。	018	滸 眼  特 地 一 場 愁  師 叫 屈  座 吐 舌 而 退  
ZH_X68_1319_018:0714b08	僧問。教中道。若有一人發真歸源。十方虗空悉皆銷	018	僧 問  教 中 道  若 有 一 人 發 真 歸 源  十 方 虗 空 悉 皆 銷 
ZH_X68_1319_018:0714b09	隕。未審此理如何。　師遂展掌點指曰。子丑寅卯。辰巳	018	隕  未 審 此 理 如 何   師 遂 展 掌 點 指 曰  子 丑 寅 卯  辰 巳 
ZH_X68_1319_018:0714b10	午未。一羅二土。三水四金。五太陽。六太陰。七計都。今	018	午 未  一 羅 二 土  三 水 四 金  五 太 陽  六 太 陰  七 計 都  今 
ZH_X68_1319_018:0714b11	日計都星入巨蟹宮。寶峰不打這鼓笛。便下座。	018	日 計 都 星 入 巨 蟹 宮  寶 峰 不 打 這 鼓 笛  便 下 座  
ZH_X68_1319_018:0714b12	示眾云。鑽珍珠。解玉板却易。看窟籠著楔却難。月色	018	示 眾 云  鑽 珍 珠  解 玉 板 却 易  看 窟 籠 著 楔 却 難  月 色 
ZH_X68_1319_018:0714b13	和雲白。松聲帶露寒即不問。你諸人且道大目犍連	018	和 雲 白  松 聲 帶 露 寒 即 不 問  你 諸 人 且 道 大 目 犍 連 
ZH_X68_1319_018:0714b14	共須菩提商量箇甚麼事。	018	共 須 菩 提 商 量 箇 甚 麼 事  
ZH_X68_1319_018:0714b15	清涼洪範慧禪師	018	清 涼 洪 範 慧 禪 師 
ZH_X68_1319_018:0714b16	師示眾曰。靈源禪師謂予曰。道人保養。如人病須服	018	師 示 眾 曰  靈 源 禪 師 謂 予 曰  道 人 保 養  如 人 病 須 服 
ZH_X68_1319_018:0714b17	藥。藥之靈驗易見。要須忌口乃可。不然。服藥何益。生	018	藥  藥 之 靈 驗 易 見  要 須 忌 口 乃 可  不 然  服 藥 何 益  生 
ZH_X68_1319_018:0714b18	死是大病。佛祖言教是良藥。汙染心是雜食。不能忌	018	死 是 大 病  佛 祖 言 教 是 良 藥  汙 染 心 是 雜 食  不 能 忌 
ZH_X68_1319_018:0714b19	之。生死之病無時而損也。予愛其言。追念圓覺經曰。	018	之  生 死 之 病 無 時 而 損 也  予 愛 其 言  追 念 圓 覺 經 曰  
ZH_X68_1319_018:0714b20	末世諸眾生。心不生虗妄。佛說如是人。現世即菩薩。	018	末 世 諸 眾 生  心 不 生 虗 妄  佛 說 如 是 人  現 世 即 菩 薩  
ZH_X68_1319_018:0714b21	法句經曰。若起精進心。是妄非精進。但能心不妄。精	018	法 句 經 曰  若 起 精 進 心  是 妄 非 精 進  但 能 心 不 妄  精 
ZH_X68_1319_018:0714b22	進無有涯。南嶽思大禪師悟入法華三昧。即誦曰。是	018	進 無 有 涯  南 嶽 思 大 禪 師 悟 入 法華三昧  即 誦 曰  是 
ZH_X68_1319_018:0714b23	真精進。是名真法供養。汾陽大達國師一生答學者	018	真 精 進  是 名 真 法 供 養  汾 陽 大 達 國 師 一 生 答 學 者 
ZH_X68_1319_018:0714b24	之問。但曰。莫妄想。是謂稱性之語。見道徑門。而禪者	018	之 問  但 曰  莫 妄 想  是 謂 稱 性 之 語  見 道 徑 門  而 禪 者 
ZH_X68_1319_018:0714c01	易其言。反求元妙。良可笑也。	018	易 其 言  反 求 元 妙  良 可 笑 也  
ZH_X68_1319_018:0714c02	尊勝有朋講師	018	尊 勝 有 朋 講 師 
ZH_X68_1319_018:0714c03	師嘗疏楞嚴．維摩等經。學者宗之。每疑祖師直指之	018	師 嘗 疏 楞 嚴  維 摩 等 經  學 者 宗 之  每 疑 祖 師 直 指 之 
ZH_X68_1319_018:0714c04	道。故多與禪衲遊。一日。謁開元。跡未及閫。心忽領悟。	018	道  故 多 與 禪 衲 遊  一 日  謁 開 元  跡 未 及 閫  心 忽 領 悟  
ZH_X68_1319_018:0714c05	開元出。遂問。座主來作甚麼。　師曰。不敢貴耳賤目。　開	018	開 元 出  遂 問  座 主 來 作 甚 麼   師 曰  不 敢 貴 耳 賤 目   開 
ZH_X68_1319_018:0714c06	元曰。老老大大。何必如是。　師曰。自是者不長。　開元曰。	018	元 曰  老 老 大 大  何 必 如 是   師 曰  自 是 者 不 長   開 元 曰  
ZH_X68_1319_018:0714c07	朝看華嚴。夜讀般若則不問。如何是當今一句。　師曰。	018	朝 看 華 嚴  夜 讀 般 若 則 不 問  如 何 是 當 今 一 句   師 曰  
ZH_X68_1319_018:0714c08	日輪正當午。　開元曰。閒言語。更道來。　師曰。平生仗忠	018	日 輪 正 當 午   開 元 曰  閒 言 語  更 道 來   師 曰  平 生 仗 忠 
ZH_X68_1319_018:0714c09	信。今日任風波。然雖如是。祗如和尚恁麼道。有甚交	018	信  今 日 任 風 波  然 雖 如 是  祗 如 和 尚 恁 麼 道  有 甚 交 
ZH_X68_1319_018:0714c10	涉。須要新戒草鞋穿。　開元曰。這裏且放你過。忽遇達	018	涉  須 要 新 戒 草 鞋 穿   開 元 曰  這 裏 且 放 你 過  忽 遇 達 
ZH_X68_1319_018:0714c11	摩問你。作麼生道。師便喝。　開元曰。這座主今日見老	018	摩 問 你  作 麼 生 道  師 便 喝   開 元 曰  這 座 主 今 日 見 老 
ZH_X68_1319_018:0714c12	僧氣衝牛斗。　師曰。再犯不容。開元拊掌大笑。	018	僧 氣 衝 牛 斗   師 曰  再 犯 不 容  開 元 拊 掌 大 笑  
ZH_X68_1319_018:0714c13	五祖法演禪師	018	五 祖 法 演 禪 師 
ZH_X68_1319_018:0714c14	師至白雲。舉僧問南泉摩尼珠話請問。雲叱之。師領	018	師 至 白 雲  舉 僧 問 南 泉 摩 尼 珠 話 請 問  雲 叱 之  師 領 
ZH_X68_1319_018:0714c15	悟。獻投機偈曰。山前一片閒田地。叉手叮嚀問祖翁。	018	悟  獻 投 機 偈 曰  山 前 一 片 閒 田 地  叉 手 叮 嚀 問 祖 翁  
ZH_X68_1319_018:0714c16	幾度賣來還自買。為憐松竹引清風。　雲特印可。令掌	018	幾 度 賣 來 還 自 買  為 憐 松 竹 引 清 風   雲 特 印 可  令 掌 
ZH_X68_1319_018:0714c17	磨事。一日。有僧見磨轉。遽指以問。師曰。此神通耶。法	018	磨 事  一 日  有 僧 見 磨 轉  遽 指 以 問  師 曰  此 神 通 耶  法 
ZH_X68_1319_018:0714c18	爾耶。師褰衣旋磨一匝。僧無語。　未幾。雲至。語師曰。有	018	爾 耶  師 褰 衣 旋 磨 一 匝  僧 無 語   未 幾  雲 至  語 師 曰  有 
ZH_X68_1319_018:0714c19	數禪客自廬山來。皆有悟入處。教伊說亦說得有來	018	數 禪 客 自 廬 山 來  皆 有 悟 入 處  教 伊 說 亦 說 得 有 來 
ZH_X68_1319_018:0714c20	由。舉因緣問伊亦明得。教伊下語亦下得。祗是未在。	018	由  舉 因 緣 問 伊 亦 明 得  教 伊 下 語 亦 下 得  祗 是 未 在  
ZH_X68_1319_018:0714c21	　師於是大疑。私自計曰。既悟了。說亦說得。明亦明得。	018	 師 於 是 大 疑  私 自 計 曰  既 悟 了  說 亦 說 得  明 亦 明 得  
ZH_X68_1319_018:0714c22	如何却未在。遂參究累日。忽然省悟。從前寶惜一時	018	如 何 却 未 在  遂 參 究 累 日  忽 然 省 悟  從 前 寶 惜 一 時 
ZH_X68_1319_018:0714c23	放下。走見白雲。雲為手舞足蹈。師亦一笑而已。師後	018	放 下  走 見 白 雲  雲 為 手 舞 足 蹈  師 亦 一 笑 而 已  師 後 
ZH_X68_1319_018:0714c24	曰。吾因茲出一身白汗。便明得下載清風。　雲一日示	018	曰  吾 因 茲 出 一 身 白 汗  便 明 得 下 載 清 風   雲 一 日 示 
ZH_X68_1319_018:0715a01	眾曰。古人道。如鏡鑄像。像成後。鏡在甚麼處。眾下語	018	眾 曰  古 人 道  如 鏡 鑄 像  像 成 後  鏡 在 甚 麼 處  眾 下 語 
ZH_X68_1319_018:0715a02	不契。舉以問師。　師近前問訊。曰。也不較多。　雲笑曰。須	018	不 契  舉 以 問 師   師 近 前 問 訊  曰  也 不 較 多   雲 笑 曰  須 
ZH_X68_1319_018:0715a03	是道者始得。乃命分座。	018	是 道 者 始 得  乃 命 分 座  
ZH_X68_1319_018:0715a04	問。如何是佛。　師曰。露胸跣足。　曰。如何是法。　師曰。大赦	018	問  如 何 是 佛   師 曰  露 胸 跣 足   曰  如 何 是 法   師 曰  大 赦 
ZH_X68_1319_018:0715a05	不放。　曰。如何是僧。　師曰。釣魚船上謝三郎。	018	不 放   曰  如 何 是 僧   師 曰  釣 魚 船 上 謝 三 郎  
ZH_X68_1319_018:0715a06	圓悟一日請益臨濟四賓主。師曰。也祗箇程限。是甚	018	圓 悟 一 日 請 益 臨 濟 四 賓 主  師 曰  也 祗 箇 程 限  是 甚 
ZH_X68_1319_018:0715a07	麼閒事。又云。我這裏却似馬前相撲。倒便休。	018	麼 閒 事  又 云  我 這 裏 却 似 馬 前 相 撲  倒 便 休  
ZH_X68_1319_018:0715a08	師謂圓悟曰。你也儘好。只是有些病。　悟再三請問。不	018	師 謂 圓 悟 曰  你 也 儘 好  只 是 有 些 病   悟 再 三 請 問  不 
ZH_X68_1319_018:0715a09	知某有甚麼病。　師云。只是禪忒多。　悟云。本為參禪。因	018	知 某 有 甚 麼 病   師 云  只 是 禪 忒 多   悟 云  本 為 參 禪  因 
ZH_X68_1319_018:0715a10	甚麼却嫌人說禪。　師云。只似尋常說話時多少好。　時	018	甚 麼 却 嫌 人 說 禪   師 云  只 似 尋 常 說 話 時 多 少 好   時 
ZH_X68_1319_018:0715a11	有僧便問。因甚嫌人說禪。　師云。惡情悰。	018	有 僧 便 問  因 甚 嫌 人 說 禪   師 云  惡 情 悰  
ZH_X68_1319_018:0715a12	師一日問圓悟無縫塔話。悟罔然。直從方丈至三門	018	師 一 日 問 圓 悟 無 縫 塔 話  悟 罔 然  直 從 方 丈 至 三 門 
ZH_X68_1319_018:0715a13	方道得。師云。你道得也。　悟云。不然。暫時不在。便不堪	018	方 道 得  師 云  你 道 得 也   悟 云  不 然  暫 時 不 在  便 不 堪 
ZH_X68_1319_018:0715a14	也。	018	也  
ZH_X68_1319_018:0715a15	三佛一日相謂曰。老和尚祗是乾爆爆地。往往說心	018	三 佛 一 日 相 謂 曰  老 和 尚 祗 是 乾 爆 爆 地  往 往 說 心 
ZH_X68_1319_018:0715a16	說性不得。因請益佛身無為。不墮諸數。　師曰。譬如清	018	說 性 不 得  因 請 益 佛 身 無 為  不 墮 諸 數   師 曰  譬 如 清 
ZH_X68_1319_018:0715a17	淨摩尼寶珠。映於五色。五色是數。摩尼是佛身。　圓悟	018	淨 摩 尼 寶 珠  映 於 五 色  五 色 是 數  摩 尼 是 佛 身   圓 悟 
ZH_X68_1319_018:0715a18	謂二老曰。他大段會說。我輩說時費多少工夫。他祗	018	謂 二 老 曰  他 大 段 會 說  我 輩 說 時 費 多 少 工 夫  他 祗 
ZH_X68_1319_018:0715a19	一兩句便了。分明是箇老大蟲。　師聞之。乃曰。若說心	018	一 兩 句 便 了  分 明 是 箇 老 大 蟲   師 聞 之  乃 曰  若 說 心 
ZH_X68_1319_018:0715a20	說性。便是惡口。又曰。猫有歃血之功。虎有起屍之德。	018	說 性  便 是 惡 口  又 曰  猫 有 歃 血 之 功  虎 有 起 屍 之 德  
ZH_X68_1319_018:0715a21	所謂驅耕夫之牛。奪飢人之食。若不如是。盡是弄泥	018	所 謂 驅 耕 夫 之 牛  奪 飢 人 之 食  若 不 如 是  盡 是 弄 泥 
ZH_X68_1319_018:0715a22	團漢。	018	團 漢  
ZH_X68_1319_018:0715a23	示眾。將四大海水為一枚硯。須彌山作一管筆。有人	018	示 眾  將 四 大 海 水 為 一 枚 硯  須 彌 山 作 一 管 筆  有 人 
ZH_X68_1319_018:0715a24	向虗空裏寫祖師西來意五字。太平下座。大展坐具。	018	向 虗 空 裏 寫 祖 師 西 來 意 五 字  太 平 下 座  大 展 坐 具  
ZH_X68_1319_018:0715b01	禮拜為師。若寫不得。佛法無靈驗。有麼。有麼。便下座。	018	禮 拜 為 師  若 寫 不 得  佛 法 無 靈 驗  有 麼  有 麼  便 下 座  
ZH_X68_1319_018:0715b02	大眾散。　師高聲云。侍者。者應諾。　師曰。收取坐具。復問	018	大 眾 散   師 高 聲 云  侍 者  者 應 諾   師 曰  收 取 坐 具  復 問 
ZH_X68_1319_018:0715b03	侍者云。收得坐具麼。者提起坐具。　師曰。我早知汝恁	018	侍 者 云  收 得 坐 具 麼  者 提 起 坐 具   師 曰  我 早 知 汝 恁 
ZH_X68_1319_018:0715b04	麼也。	018	麼 也  
ZH_X68_1319_018:0715b05	上堂。汝等諸人見老和尚鼓動唇吻。豎起拂子。便作	018	上 堂  汝 等 諸 人 見 老 和 尚 鼓 動 唇 吻  豎 起 拂 子  便 作 
ZH_X68_1319_018:0715b06	勝解。及乎山禽聚集。牛動尾巴。却將作等閒。殊不知	018	勝 解  及 乎 山 禽 聚 集  牛 動 尾 巴  却 將 作 等 閒  殊 不 知 
ZH_X68_1319_018:0715b07	簷聲不斷前旬雨。電影還連後夜雷。	018	簷 聲 不 斷 前 旬 雨  電 影 還 連 後 夜 雷  
ZH_X68_1319_018:0715b08	上堂。山僧昨日入城。見一棚傀儡。不免近前看。或見	018	上 堂  山 僧 昨 日 入 城  見 一 棚 傀 儡  不 免 近 前 看  或 見 
ZH_X68_1319_018:0715b09	端嚴奇特。或見醜陋不堪。動轉行坐。青黃赤白。一一	018	端 嚴 奇 特  或 見 醜 陋 不 堪  動 轉 行 坐  青 黃 赤 白  一 一 
ZH_X68_1319_018:0715b10	見了。仔細看時。元來青布幔裏有人。山僧忍俊不禁。	018	見 了  仔 細 看 時  元 來 青 布 幔 裏 有 人  山 僧 忍 俊 不 禁  
ZH_X68_1319_018:0715b11	乃問。長史高姓。他道。老和尚看便了。問甚麼姓。大眾。	018	乃 問  長 史 高 姓  他 道  老 和 尚 看 便 了  問 甚 麼 姓  大 眾  
ZH_X68_1319_018:0715b12	山僧被他一問。直得無言可對。無理可伸。還有人為	018	山 僧 被 他 一 問  直 得 無 言 可 對  無 理 可 伸  還 有 人 為 
ZH_X68_1319_018:0715b13	山僧道得麼。昨日那裏落節。今日這裏拔本。	018	山 僧 道 得 麼  昨 日 那 裏 落 節  今 日 這 裏 拔 本  
ZH_X68_1319_018:0715b14	師垂語曰。譬如水牯牛過窗櫺。頭角四蹄都過了。因	018	師 垂 語 曰  譬 如 水 牯 牛 過 窗 櫺  頭 角 四 蹄 都 過 了  因 
ZH_X68_1319_018:0715b15	甚尾巴過不得。	018	甚 尾 巴 過 不 得  
ZH_X68_1319_018:0715b16	室中常問僧。倩女離魂。那箇是真底。	018	室 中 常 問 僧  倩 女 離 魂  那 箇 是 真 底  
ZH_X68_1319_018:0715b17	示眾云。每日起來。拄却臨濟棒。吹雲門曲。應趙州拍。	018	示 眾 云  每 日 起 來  拄 却 臨 濟 棒  吹 雲 門 曲  應 趙 州 拍  
ZH_X68_1319_018:0715b18	擔仰山鍬。驅溈山牛。耕白雲田。七八年來漸成家活。	018	擔 仰 山 鍬  驅 溈 山 牛  耕 白 雲 田  七 八 年 來 漸 成 家 活  
ZH_X68_1319_018:0715b19	更告諸公。每人出一隻手。相共扶助。唱歸田樂。麤羮	018	更 告 諸 公  每 人 出 一 隻 手  相 共 扶 助  唱 歸 田 樂  麤 羮 
ZH_X68_1319_018:0715b20	淡飯。且恁麼過。何也。但願今年蠶麥熟。羅睺羅兒與	018	淡 飯  且 恁 麼 過  何 也  但 願 今 年 蠶 麥 熟  羅 睺 羅 兒 與 
ZH_X68_1319_018:0715b21	一文。　僧問。牛頭未見四祖時如何。　曰。頭上戴纍垂。　云。	018	一 文   僧 問  牛 頭 未 見 四 祖 時 如 何   曰  頭 上 戴 纍 垂   云  
ZH_X68_1319_018:0715b22	見後如何。　曰。青布遮前。　云。未見四祖時為甚麼百鳥	018	見 後 如 何   曰  青 布 遮 前   云  未 見 四 祖 時 為 甚 麼 百 鳥 
ZH_X68_1319_018:0715b23	銜花獻。　曰。富與貴是人之所欲。　云。見後為甚麼百鳥	018	銜 花 獻   曰  富 與 貴 是 人 之 所 欲   云  見 後 為 甚 麼 百 鳥 
ZH_X68_1319_018:0715b24	不銜花獻。　曰。貧與賤是人之所惡。	018	不 銜 花 獻   曰  貧 與 賤 是 人 之 所 惡  
ZH_X68_1319_018:0715c01	問。一代時教是箇切脚。未審切那箇字。　師曰。鉢囉娘。	018	問  一 代 時 教 是 箇 切 脚  未 審 切 那 箇 字   師 曰  鉢 囉 娘  
ZH_X68_1319_018:0715c02	天童正覺禪師	018	天 童 正 覺 禪 師 
ZH_X68_1319_018:0715c03	師至汝州。香山成枯木一見。深所器重。一日。聞僧誦	018	師 至 汝 州  香 山 成 枯 木 一 見  深 所 器 重  一 日  聞 僧 誦 
ZH_X68_1319_018:0715c04	蓮經。至父母所生眼。悉見三千界。瞥然有省。即詣丈	018	蓮 經  至 父母所生 眼  悉 見 三 千 界  瞥 然 有 省  即 詣 丈 
ZH_X68_1319_018:0715c05	室陳所悟。香山指臺上香合曰。裏面是甚麼物。　師曰。	018	室 陳 所 悟  香 山 指 臺 上 香 合 曰  裏 面 是 甚 麼 物   師 曰  
ZH_X68_1319_018:0715c06	是甚麼心行。　香山曰。汝悟處又作麼生。師以手畫一	018	是 甚 麼 心 行   香 山 曰  汝 悟 處 又 作 麼 生  師 以 手 畫 一 
ZH_X68_1319_018:0715c07	圓相呈之。復拋向後。　香山曰。弄泥團漢有甚麼限。　師	018	圓 相 呈 之  復 拋 向 後   香 山 曰  弄 泥 團 漢 有 甚 麼 限   師 
ZH_X68_1319_018:0715c08	曰。錯。　香山曰。別見人始得。師應喏喏。即造丹霞。　丹霞	018	曰  錯   香 山 曰  別 見 人 始 得  師 應 喏 喏  即 造 丹 霞   丹 霞 
ZH_X68_1319_018:0715c09	問。如何是空劫已前自己。　師曰。井底蝦蟆吞却月。三	018	問  如 何 是 空 劫 已 前 自 己   師 曰  井 底 蝦 蟆 吞 却 月  三 
ZH_X68_1319_018:0715c10	更不借夜明簾。　丹霞曰。未在。更道。　師擬議。丹霞打一	018	更 不 借 夜 明 簾   丹 霞 曰  未 在  更 道   師 擬 議  丹 霞 打 一 
ZH_X68_1319_018:0715c11	拂子曰。又道不借。師言下釋然。	018	拂 子 曰  又 道 不 借  師 言 下 釋 然  
ZH_X68_1319_018:0715c12	華藥智朋禪師	018	華 藥 智 朋 禪 師 
ZH_X68_1319_018:0715c13	師依寶峰有年。無省。因為眾持鉢。寶峰自題其像曰。	018	師 依 寶 峰 有 年  無 省  因 為 眾 持 鉢  寶 峰 自 題 其 像 曰  
ZH_X68_1319_018:0715c14	雨洗淡紅桃蕚嫩。風搖淺碧柳絲輕。白雲影裏怪石	018	雨 洗 淡 紅 桃 蕚 嫩  風 搖 淺 碧 柳 絲 輕  白 雲 影 裏 怪 石 
ZH_X68_1319_018:0715c15	露。綠水光中古木清。噫。你是何人。　至焦山。枯木成禪	018	露  綠 水 光 中 古 木 清  噫  你 是 何 人   至 焦 山  枯 木 成 禪 
ZH_X68_1319_018:0715c16	師見之。歎曰。今日方知此老親見先師來。師遂請益	018	師 見 之  歎 曰  今 日 方 知 此 老 親 見 先 師 來  師 遂 請 益 
ZH_X68_1319_018:0715c17	其贊。　成曰。豈不見法眼拈夾山境話。曰。我二十年祇	018	其 贊   成 曰  豈 不 見 法 眼 拈 夾 山 境 話  曰  我 二 十 年 祇 
ZH_X68_1319_018:0715c18	作境會。　師即契悟。乃曰。元來恁麼地。　成曰。汝作麼生	018	作 境 會   師 即 契 悟  乃 曰  元 來 恁 麼 地   成 曰  汝 作 麼 生 
ZH_X68_1319_018:0715c19	會。　師曰。春生夏長。秋收冬藏。　成曰。直須保任。師應喏。	018	會   師 曰  春 生 夏 長  秋 收 冬 藏   成 曰  直 須 保 任  師 應 喏  
ZH_X68_1319_018:0715c20	寶林果昌禪師	018	寶 林 果 昌 禪 師 
ZH_X68_1319_018:0715c21	師與提刑楊次公入山。同遊山次。楊拈起大士飯石。	018	師 與 提 刑 楊 次 公 入 山  同 遊 山 次  楊 拈 起 大 士 飯 石  
ZH_X68_1319_018:0715c22	問。既是飯石。為甚麼齩不破。　師曰。祗為太硬。　楊曰。猶	018	問  既 是 飯 石  為 甚 麼 齩 不 破   師 曰  祗 為 太 硬   楊 曰  猶 
ZH_X68_1319_018:0715c23	涉繁詞。　師曰。未審提刑作麼生。　楊曰。硬。　師曰。也是第	018	涉 繁 詞   師 曰  未 審 提 刑 作 麼 生   楊 曰  硬   師 曰  也 是 第 
ZH_X68_1319_018:0715c24	二月。　楊為寫七佛殿額。乃問。七佛重出世時如何。　師	018	二 月   楊 為 寫 七 佛 殿 額  乃 問  七 佛 重 出 世 時 如 何   師 
ZH_X68_1319_018:0716a01	曰。一回相見一回新。	018	曰  一 回 相 見 一 回 新  
ZH_X68_1319_018:0716a02	雲葢智本禪師	018	雲 葢 智 本 禪 師 
ZH_X68_1319_018:0716a03	上堂。滿口道不出。句句甚分明。滿目覰不見。山山疊	018	上 堂  滿 口 道 不 出  句 句 甚 分 明  滿 目 覰 不 見  山 山 疊 
ZH_X68_1319_018:0716a04	亂青。鼓聲猶不會。何況是鐘鳴。喝一喝。	018	亂 青  鼓 聲 猶 不 會  何 況 是 鐘 鳴  喝 一 喝  
ZH_X68_1319_018:0716a05	禾山方禪師	018	禾 山 方 禪 師 
ZH_X68_1319_018:0716a06	上堂。舉拂子曰。看看。祗這箇。在臨濟則照用齊行。在	018	上 堂  舉 拂 子 曰  看 看  祗 這 箇  在 臨 濟 則 照 用 齊 行  在 
ZH_X68_1319_018:0716a07	雲門則理事俱備。在曹洞則偏正叶通。在溈山則暗	018	雲 門 則 理 事 俱 備  在 曹 洞 則 偏 正 叶 通  在 溈 山 則 暗 
ZH_X68_1319_018:0716a08	機圓合。在法眼則何止於心。然五家宗派。門庭施設	018	機 圓 合  在 法 眼 則 何 止 於 心  然 五 家 宗 派  門 庭 施 設 
ZH_X68_1319_018:0716a09	則不無。直饒辯得倜儻分明去。猶是光影邊事。若要	018	則 不 無  直 饒 辯 得 倜 儻 分 明 去  猶 是 光 影 邊 事  若 要 
ZH_X68_1319_018:0716a10	抵敵生死。則霄壤有隔。且超越生死一句作麼生道。	018	抵 敵 生 死  則 霄 壤 有 隔  且 超 越 生 死 一 句 作 麼 生 道  
ZH_X68_1319_018:0716a11	良久。曰。洎合錯下註脚。	018	良 久  曰  洎 合 錯 下 註 脚  
ZH_X68_1319_018:0716a12	空室道人智通	018	空 室 道 人 智 通 
ZH_X68_1319_018:0716a13	龍圖范珣女也。幼聰慧。厭世相。求父祝髮。龍圖難之。	018	龍 圖 范 珣 女 也  幼 聰 慧  厭 世 相  求 父 祝 髮  龍 圖 難 之  
ZH_X68_1319_018:0716a14	遂清修。因看法界觀有省。乃連作二偈見意。　一曰。浩	018	遂 清 修  因 看 法 界 觀 有 省  乃 連 作 二 偈 見 意   一 曰  浩 
ZH_X68_1319_018:0716a15	浩塵中體一如。縱橫交互印毗盧。全波是水波非水。	018	浩 塵 中 體 一 如  縱 橫 交 互 印 毗 盧  全 波 是 水 波 非 水  
ZH_X68_1319_018:0716a16	全水成波水自殊。　二曰。物我元無異。森羅鏡像同。明	018	全 水 成 波 水 自 殊   二 曰  物 我 元 無 異  森 羅 鏡 像 同  明 
ZH_X68_1319_018:0716a17	明超主伴。了了徹真空。一體含多法。交參帝網中。重	018	明 超 主 伴  了 了 徹 真 空  一 體 含 多 法  交 參 帝 網 中  重 
ZH_X68_1319_018:0716a18	重無盡處。動靜悉圓通。　後父母俱亡。兄涓領分寧尉。	018	重 無 盡 處  動 靜 悉 圓 通   後 父 母 俱 亡  兄 涓 領 分 寧 尉  
ZH_X68_1319_018:0716a19	通偕行。聞死心名重。往謁之。心見知其所得。便問。常	018	通 偕 行  聞 死 心 名 重  往 謁 之  心 見 知 其 所 得  便 問  常 
ZH_X68_1319_018:0716a20	啼菩薩賣却心肝。教誰學般若。　通曰。你若無心我也	018	啼 菩 薩 賣 却 心 肝  教 誰 學 般 若   通 曰  你 若 無 心 我 也 
ZH_X68_1319_018:0716a21	休。　又問。一雨所滋。根苗有異。無陰陽地上生箇甚麼。	018	休   又 問  一 雨 所 滋  根 苗 有 異  無 陰 陽 地 上 生 箇 甚 麼  
ZH_X68_1319_018:0716a22	　通曰。一華五葉。　復問。十二時中向甚麼處安身立命。	018	 通 曰  一 華 五 葉   復 問  十 二 時 中 向 甚 麼 處 安 身 立 命  
ZH_X68_1319_018:0716a23	　通曰。和尚惜取眉毛好。　心打曰。這婦女亂作次第。通	018	 通 曰  和 尚 惜 取 眉 毛 好   心 打 曰  這 婦 女 亂 作 次 第  通 
ZH_X68_1319_018:0716a24	禮拜。心然之。	018	禮 拜  心 然 之  
ZH_X68_1319_018:0716b01	政和間。居金陵。嘗設浴於保寧。揭榜於門曰。一物也	018	政 和 間  居 金 陵  嘗 設 浴 於 保 寧  揭 榜 於 門 曰  一 物 也 
ZH_X68_1319_018:0716b02	無。洗箇甚麼。纖塵若有。起自何來。道取一句。乃可入	018	無  洗 箇 甚 麼  纖 塵 若 有  起 自 何 來  道 取 一 句  乃 可 入 
ZH_X68_1319_018:0716b03	浴。古靈祗解揩背。開士何曾明心。欲證離垢地時。須	018	浴  古 靈 祗 解 揩 背  開 士 何 曾 明 心  欲 證 離 垢 地 時  須 
ZH_X68_1319_018:0716b04	是通身汗出。盡道水能洗垢。焉知水亦是塵。直饒水	018	是 通 身 汗 出  盡 道 水 能 洗 垢  焉 知 水 亦 是 塵  直 饒 水 
ZH_X68_1319_018:0716b05	垢頓除。到此亦須洗却。後為尼。名惟久。挂錫姑蘇之	018	垢 頓 除  到 此 亦 須 洗 却  後 為 尼  名 惟 久  挂 錫 姑 蘇 之 
ZH_X68_1319_018:0716b06	西竺。	018	西 竺  
ZH_X68_1319_018:0716b07	雪竇持禪師	018	雪 竇 持 禪 師 
ZH_X68_1319_018:0716b08	上堂。悟心容易息心難。息得心源到處閒。斗轉星移	018	上 堂  悟 心 容 易 息 心 難  息 得 心 源 到 處 閒  斗 轉 星 移 
ZH_X68_1319_018:0716b09	天欲曉。白雲依舊覆青山。	018	天 欲 曉  白 雲 依 舊 覆 青 山  
ZH_X68_1319_018:0716b10	石佛益禪師	018	石 佛 益 禪 師 
ZH_X68_1319_018:0716b11	上堂。一葉落。天下秋。一塵起。大地收。一法透。萬法周。	018	上 堂  一 葉 落  天 下 秋  一 塵 起  大 地 收  一 法 透  萬 法 周  
ZH_X68_1319_018:0716b12	且道透那一法。遂喝曰。切忌錯認驢鞍橋作阿爺下	018	且 道 透 那 一 法  遂 喝 曰  切 忌 錯 認 驢 鞍 橋 作 阿 爺 下 
ZH_X68_1319_018:0716b13	頷。便下座。	018	頷  便 下 座  
ZH_X68_1319_018:0716b14	中巖蘊能禪師	018	中 巖 蘊 能 禪 師 
ZH_X68_1319_018:0716b15	師一日與黃提刑奕棊。黃曰。數局之中。無一局同。千	018	師 一 日 與 黃 提 刑 奕 棊  黃 曰  數 局 之 中  無 一 局 同  千 
ZH_X68_1319_018:0716b16	著萬著則固是。如何是那一著。師提起棊子示之。黃	018	著 萬 著 則 固 是  如 何 是 那 一 著  師 提 起 棊 子 示 之  黃 
ZH_X68_1319_018:0716b17	佇思。　師曰。不見道。從前十九路。迷殺幾多人。	018	佇 思   師 曰  不 見 道  從 前 十 九 路  迷 殺 幾 多 人  
ZH_X68_1319_018:0716b18	慧日安禪師	018	慧 日 安 禪 師 
ZH_X68_1319_018:0716b19	僧問。如何是和尚為人一句。　師曰。狗走抖擻口。　曰。意	018	僧 問  如 何 是 和 尚 為 人 一 句   師 曰  狗 走 抖 擻 口   曰  意 
ZH_X68_1319_018:0716b20	旨如何。　師曰。猴愁擻[打-丁+敕]頭。	018	旨 如 何   師 曰  猴 愁 擻 [打丁敕] 頭  
ZH_X68_1319_018:0716b21	雪竇智鑑禪師	018	雪 竇 智 鑑 禪 師 
ZH_X68_1319_018:0716b22	上堂。世尊有密語。迦葉不覆藏。一夜落華雨。滿城流	018	上 堂  世 尊 有 密 語  迦 葉 不 覆 藏  一 夜 落 華 雨  滿 城 流 
ZH_X68_1319_018:0716b23	水香。	018	水 香  
ZH_X68_1319_018:0716b24	大平慧懃佛鑑禪師	018	大 平 慧 懃 佛 鑑 禪 師 
ZH_X68_1319_018:0716c01	師以惟此一事實。餘二則非真味之。有省。乃徧參名	018	師 以 惟 此 一 事 實  餘 二 則 非 真 味 之  有 省  乃 徧 參 名 
ZH_X68_1319_018:0716c02	宿。往來五祖之門有年。恚祖不為印據。與圓悟相繼	018	宿  往 來 五 祖 之 門 有 年  恚 祖 不 為 印 據  與 圓 悟 相 繼 
ZH_X68_1319_018:0716c03	而去。及悟還侍五祖。得徹證。而師忽至。意欲他邁。悟	018	而 去  及 悟 還 侍 五 祖  得 徹 證  而 師 忽 至  意 欲 他 邁  悟 
ZH_X68_1319_018:0716c04	勉令挂搭。且曰。某與兄相別始月餘。比舊相見時如	018	勉 令 挂 搭  且 曰  某 與 兄 相 別 始 月 餘  比 舊 相 見 時 如 
ZH_X68_1319_018:0716c05	何。　師曰。我所疑者此也。遂參堂。　一日。聞祖舉僧問趙	018	何   師 曰  我 所 疑 者 此 也  遂 參 堂   一 日  聞 祖 舉 僧 問 趙 
ZH_X68_1319_018:0716c06	州。如何是和尚家風。州曰。老僧耳聾。高聲問將來。僧	018	州  如 何 是 和 尚 家 風  州 曰  老 僧 耳 聾  高 聲 問 將 來  僧 
ZH_X68_1319_018:0716c07	再問。州曰。你問我家風。我却識你家風了也。師即大	018	再 問  州 曰  你 問 我 家 風  我 却 識 你 家 風 了 也  師 即 大 
ZH_X68_1319_018:0716c08	豁所疑。曰。乞和尚指示極則。　祖曰。森羅及萬象。一法	018	豁 所 疑  曰  乞 和 尚 指 示 極 則   祖 曰  森 羅 及 萬 象  一 法 
ZH_X68_1319_018:0716c09	之所印。師展拜。祖令掌翰墨。　後同圓悟語話次。舉。東	018	之 所 印  師 展 拜  祖 令 掌 翰 墨   後 同 圓 悟 語 話 次  舉  東 
ZH_X68_1319_018:0716c10	寺和尚問仰山。汝是甚處人。仰山曰。廣南人。寺曰。我	018	寺 和 尚 問 仰 山  汝 是 甚 處 人  仰 山 曰  廣 南 人  寺 曰  我 
ZH_X68_1319_018:0716c11	聞廣南有鎮海明珠。曾收得否。山曰。收得。寺曰。珠作	018	聞 廣 南 有 鎮 海 明 珠  曾 收 得 否  山 曰  收 得  寺 曰  珠 作 
ZH_X68_1319_018:0716c12	何色。山曰。白月即現。黑月即隱。寺曰。何不呈似老僧。	018	何 色  山 曰  白 月 即 現  黑 月 即 隱  寺 曰  何 不 呈 似 老 僧  
ZH_X68_1319_018:0716c13	山叉手近前云。慧寂昨到溈山。被索此珠。直得無言	018	山 叉 手 近 前 云  慧 寂 昨 到 溈 山  被 索 此 珠  直 得 無 言 
ZH_X68_1319_018:0716c14	可對。無理可伸。悟顧師曰。既云收得。逮索此珠。又云	018	可 對  無 理 可 伸  悟 顧 師 曰  既 云 收 得  逮 索 此 珠  又 云 
ZH_X68_1319_018:0716c15	無言可對。無理可伸。是如何。師無語。　忽一日。謂悟曰。	018	無 言 可 對  無 理 可 伸  是 如 何  師 無 語   忽 一 日  謂 悟 曰  
ZH_X68_1319_018:0716c16	仰山見東寺因緣。我有語也。東寺當時只索一顆珠。	018	仰 山 見 東 寺 因 緣  我 有 語 也  東 寺 當 時 只 索 一 顆 珠  
ZH_X68_1319_018:0716c17	仰山傾出一栲栳。　悟深肯之。乃告之曰。老兄更宜親	018	仰 山 傾 出 一 栲 栳   悟 深 肯 之  乃 告 之 曰  老 兄 更 宜 親 
ZH_X68_1319_018:0716c18	近老和尚去。　師一日造方丈。未及語。被祖詬罵。懡[怡-台+羅]	018	近 老 和 尚 去   師 一 日 造 方 丈  未 及 語  被 祖 詬 罵  懡 [怡台羅] 
ZH_X68_1319_018:0716c19	而退。歸寮閉門打睡。恨祖不已。悟已密知。即往扣門。	018	而 退  歸 寮 閉 門 打 睡  恨 祖 不 已  悟 已 密 知  即 往 扣 門  
ZH_X68_1319_018:0716c20	師曰。誰。　悟曰。我。師即開門。　悟問。你見老和尚何如。　師	018	師 曰  誰   悟 曰  我  師 即 開 門   悟 問  你 見 老 和 尚 何 如   師 
ZH_X68_1319_018:0716c21	曰。我本不去。被你賺累。我遭這老漢詬罵。　悟呵呵大	018	曰  我 本 不 去  被 你 賺 累  我 遭 這 老 漢 詬 罵   悟 呵 呵 大 
ZH_X68_1319_018:0716c22	笑曰。你記得前日下的語麼。　師曰。是甚麼語。　悟曰。你	018	笑 曰  你 記 得 前 日 下 的 語 麼   師 曰  是 甚 麼 語   悟 曰  你 
ZH_X68_1319_018:0716c23	又道。東寺祗索一顆。仰山傾出一栲栳。師當下釋然。	018	又 道  東 寺 祗 索 一 顆  仰 山 傾 出 一 栲 栳  師 當 下 釋 然  
ZH_X68_1319_018:0716c24	　悟遂領師同上方丈。祖纔見。遽曰。懃兄。且喜大事了	018	 悟 遂 領 師 同 上 方 丈  祖 纔 見  遽 曰  懃 兄  且 喜 大 事 了 
ZH_X68_1319_018:0717a01	畢。	018	畢  
ZH_X68_1319_018:0717a02	龍門清遠佛眼禪師	018	龍 門 清 遠 佛 眼 禪 師 
ZH_X68_1319_018:0717a03	師讀法華。至是法非思量分別之所能解。質其講師。	018	師 讀 法 華  至 是 法 非 思 量 分 別 之 所 能 解  質 其 講 師  
ZH_X68_1319_018:0717a04	師不能答。遂徧參。至太平。見五祖。旋丐於廬州。偶雨	018	師 不 能 答  遂 徧 參  至 太 平  見 五 祖  旋 丐 於 廬 州  偶 雨 
ZH_X68_1319_018:0717a05	仆地。煩懣間。聞二人交相惡罵。諫者曰。你猶自煩惱	018	仆 地  煩 懣 間  聞 二 人 交 相 惡 罵  諫 者 曰  你 猶 自 煩 惱 
ZH_X68_1319_018:0717a06	在。師於言下有省。及歸。凡有所問。祖即曰。我不如你。	018	在  師 於 言 下 有 省  及 歸  凡 有 所 問  祖 即 曰  我 不 如 你  
ZH_X68_1319_018:0717a07	你自會得好。或曰。我不會。我不如你。　師愈疑。遂咨決	018	你 自 會 得 好  或 曰  我 不 會  我 不 如 你   師 愈 疑  遂 咨 決 
ZH_X68_1319_018:0717a08	於元禮首座。禮乃以手引師之耳。繞圍罏數匝。且行	018	於 元 禮 首 座  禮 乃 以 手 引 師 之 耳  繞 圍 罏 數 匝  且 行 
ZH_X68_1319_018:0717a09	且語曰。你自會得好。　師曰。有冀開發。乃爾相戲耶。　禮	018	且 語 曰  你 自 會 得 好   師 曰  有 冀 開 發  乃 爾 相 戲 耶   禮 
ZH_X68_1319_018:0717a10	曰。你他後悟去。方知今日曲折耳。　太平將遷海會。師	018	曰  你 他 後 悟 去  方 知 今 日 曲 折 耳   太 平 將 遷 海 會  師 
ZH_X68_1319_018:0717a11	慨然曰。吾持鉢方歸。復參隨往一荒院。安能究決己	018	慨 然 曰  吾 持 鉢 方 歸  復 參 隨 往 一 荒 院  安 能 究 決 己 
ZH_X68_1319_018:0717a12	事耶。遂作偈告辭。　之蔣山坐夏。邂逅靈源禪師。相與	018	事 耶  遂 作 偈 告 辭   之 蔣 山 坐 夏  邂 逅 靈 源 禪 師  相 與 
ZH_X68_1319_018:0717a13	甚善。話次。師曰。比見都下一尊宿語句似有緣。　源曰。	018	甚 善  話 次  師 曰  比 見 都 下 一 尊 宿 語 句 似 有 緣   源 曰  
ZH_X68_1319_018:0717a14	演公天下第一宗師。何故捨而事遠遊耶。所謂有緣	018	演 公 天 下 第 一 宗 師  何 故 捨 而 事 遠 遊 耶  所 謂 有 緣 
ZH_X68_1319_018:0717a15	者。蓋知解之。師與公初心相應耳。　師從所勉。徑趨海	018	者  蓋 知 解 之  師 與 公 初 心 相 應 耳   師 從 所 勉  徑 趨 海 
ZH_X68_1319_018:0717a16	會。後命典謁。適寒夜孤坐。撥罏。見火如豆許。恍然自	018	會  後 命 典 謁  適 寒 夜 孤 坐  撥 罏  見 火 如 豆 許  恍 然 自 
ZH_X68_1319_018:0717a17	喜曰。深深撥。有些子。平生事。只如此。遽起閱几上傳	018	喜 曰  深 深 撥  有 些 子  平 生 事  只 如 此  遽 起 閱 几 上 傳 
ZH_X68_1319_018:0717a18	燈錄。至破竈墮因緣。忽大悟。作偈曰。刀刀林鳥啼。披	018	燈 錄  至 破 竈 墮 因 緣  忽 大 悟  作 偈 曰  刀 刀 林 鳥 啼  披 
ZH_X68_1319_018:0717a19	衣終夜坐。撥火悟平生。窮神歸破墮。事皎人自迷。曲	018	衣 終 夜 坐  撥 火 悟 平 生  窮 神 歸 破 墮  事 皎 人 自 迷  曲 
ZH_X68_1319_018:0717a20	淡誰能和。念之永不忘。門開少人過。	018	淡 誰 能 和  念 之 永 不 忘  門 開 少 人 過  
ZH_X68_1319_018:0717a21	示眾。以迷心故。山林中來見善知識。將謂別有一道	018	示 眾  以 迷 心 故  山 林 中 來 見 善 知 識  將 謂 別 有 一 道 
ZH_X68_1319_018:0717a22	可令人安樂。不知返究向來迷處。工夫乃最第一。	018	可 令 人 安 樂  不 知 返 究 向 來 迷 處  工 夫 乃 最 第 一  
ZH_X68_1319_018:0717a23	大隨南堂元靜禪師	018	大 隨 南 堂 元 靜 禪 師 
ZH_X68_1319_018:0717a24	師參永安恩。於臨濟三頓棒話發明。次依諸名宿。無	018	師 參 永 安 恩  於 臨 濟 三 頓 棒 話 發 明  次 依 諸 名 宿  無 
ZH_X68_1319_018:0717b01	有當意者。聞五祖機峻。欲抑之。遂謁祖。祖乃曰。我此	018	有 當 意 者  聞 五 祖 機 峻  欲 抑 之  遂 謁 祖  祖 乃 曰  我 此 
ZH_X68_1319_018:0717b02	間不比諸方。凡於室中。不要汝進前退後。豎指擎拳。	018	間 不 比 諸 方  凡 於 室 中  不 要 汝 進 前 退 後  豎 指 擎 拳  
ZH_X68_1319_018:0717b03	繞禪牀作女人拜。提起坐具。千般伎倆。祗要你一言	018	繞 禪 牀 作 女 人 拜  提 起 坐 具  千 般 伎 倆  祗 要 你 一 言 
ZH_X68_1319_018:0717b04	下諦當。便是汝見處。師茫然退。參歷三載。　一日。入室	018	下 諦 當  便 是 汝 見 處  師 茫 然 退  參 歷 三 載   一 日  入 室 
ZH_X68_1319_018:0717b05	罷。祖謂曰。子所下語。已得十分。試更與我說看。師即	018	罷  祖 謂 曰  子 所 下 語  已 得 十 分  試 更 與 我 說 看  師 即 
ZH_X68_1319_018:0717b06	剖而陳之。　祖曰。說亦說得十分。更與我斷看。師隨所	018	剖 而 陳 之   祖 曰  說 亦 說 得 十 分  更 與 我 斷 看  師 隨 所 
ZH_X68_1319_018:0717b07	問而判之。　祖曰。好即好。祗是未得老僧說話在。齋後	018	問 而 判 之   祖 曰  好 即 好  祗 是 未 得 老 僧 說 話 在  齋 後 
ZH_X68_1319_018:0717b08	汝可來祖爺塔所。與汝一一按過始得。　及至彼。祖便	018	汝 可 來 祖 爺 塔 所  與 汝 一 一 按 過 始 得   及 至 彼  祖 便 
ZH_X68_1319_018:0717b09	以即心即佛。非心非佛。睦州擔板漢。南泉斬猫兒。趙	018	以 即 心 即 佛  非 心 非 佛  睦 州 擔 板 漢  南 泉 斬 猫 兒  趙 
ZH_X68_1319_018:0717b10	州狗子無佛性．有佛性之語編辟之。其所對了無凝	018	州 狗 子 無 佛 性  有 佛 性 之 語 編 辟 之  其 所 對 了 無 凝 
ZH_X68_1319_018:0717b11	滯。至子胡狗話。祖遽轉面曰。不是。　師曰。不是却如何。	018	滯  至 子 胡 狗 話  祖 遽 轉 面 曰  不 是   師 曰  不 是 却 如 何  
ZH_X68_1319_018:0717b12	　祖曰。此不是。則和前面皆不是。　師曰。望和尚慈悲指	018	 祖 曰  此 不 是  則 和 前 面 皆 不 是   師 曰  望 和 尚 慈 悲 指 
ZH_X68_1319_018:0717b13	示。　祖曰。看他道子胡有一狗。上取人頭。中取人腰。下	018	示   祖 曰  看 他 道 子 胡 有 一 狗  上 取 人 頭  中 取 人 腰  下 
ZH_X68_1319_018:0717b14	取人脚。入門者好看。纔見僧入門。便道看狗。向子胡	018	取 人 脚  入 門 者 好 看  纔 見 僧 入 門  便 道 看 狗  向 子 胡 
ZH_X68_1319_018:0717b15	道看狗處下得一轉語。教子胡結舌。老僧鈐口。便是	018	道 看 狗 處 下 得 一 轉 語  教 子 胡 結 舌  老 僧 鈐 口  便 是 
ZH_X68_1319_018:0717b16	你了當處。　次日入室。師密啟其說。祖笑曰。不道你不	018	你 了 當 處   次 日 入 室  師 密 啟 其 說  祖 笑 曰  不 道 你 不 
ZH_X68_1319_018:0717b17	是千了百當底人。此語祗似先師下底語。　師曰。某何	018	是 千 了 百 當 底 人  此 語 祗 似 先 師 下 底 語   師 曰  某 何 
ZH_X68_1319_018:0717b18	人。得似端和尚。　祖曰。不然。老僧雖承嗣他。謂他語拙。	018	人  得 似 端 和 尚   祖 曰  不 然  老 僧 雖 承 嗣 他  謂 他 語 拙  
ZH_X68_1319_018:0717b19	蓋祗用遠錄公手段接人故也。如老僧共遠錄公。便	018	蓋 祗 用 遠 錄 公 手 段 接 人 故 也  如 老 僧 共 遠 錄 公  便 
ZH_X68_1319_018:0717b20	與百丈．黃檗．南泉．趙州輩把手共行。纔見語拙即不	018	與 百 丈  黃 檗  南 泉  趙 州 輩 把 手 共 行  纔 見 語 拙 即 不 
ZH_X68_1319_018:0717b21	堪。師以為不然。乃拽杖渡江。適大水泛漲。因留四祖。	018	堪  師 以 為 不 然  乃 拽 杖 渡 江  適 大 水 泛 漲  因 留 四 祖  
ZH_X68_1319_018:0717b22	儕輩挽其歸。又二年。祖方許可。　嘗商略古今次。執師	018	儕 輩 挽 其 歸  又 二 年  祖 方 許 可   嘗 商 略 古 今 次  執 師 
ZH_X68_1319_018:0717b23	手曰。得汝說。須是吾舉。得汝舉。須是吾說。而今而後。	018	手 曰  得 汝 說  須 是 吾 舉  得 汝 舉  須 是 吾 說  而 今 而 後  
ZH_X68_1319_018:0717b24	佛祖祕要。諸方關鍵。無逃子掌握矣。	018	佛 祖 祕 要  諸 方 關 鍵  無 逃 子 掌 握 矣  
ZH_X68_1319_018:0717c01	上堂。有祖已來。時人錯會。祗將言句以為禪道。殊不	018	上 堂  有 祖 已 來  時 人 錯 會  祗 將 言 句 以 為 禪 道  殊 不 
ZH_X68_1319_018:0717c02	知道本無體。因體而立名。道本無名。因名而立號。祗	018	知 道 本 無 體  因 體 而 立 名  道 本 無 名  因 名 而 立 號  祗 
ZH_X68_1319_018:0717c03	如適來上座纔恁麼出來。便恁麼歸眾。且道具眼不	018	如 適 來 上 座 纔 恁 麼 出 來  便 恁 麼 歸 眾  且 道 具 眼 不 
ZH_X68_1319_018:0717c04	具眼。若道具眼。纔恁麼出來。眼在甚麼處。若道不具	018	具 眼  若 道 具 眼  纔 恁 麼 出 來  眼 在 甚 麼 處  若 道 不 具 
ZH_X68_1319_018:0717c05	眼。爭合便恁麼去。諸仁者。於此見得倜儻分明。則知	018	眼  爭 合 便 恁 麼 去  諸 仁 者  於 此 見 得 倜 儻 分 明  則 知 
ZH_X68_1319_018:0717c06	二祖禮拜。依位而立。真得其髓。祗這些子。是三世諸	018	二 祖 禮 拜  依 位 而 立  真 得 其 髓  祗 這 些 子  是 三 世 諸 
ZH_X68_1319_018:0717c07	佛命根。六代祖師命脈。天下老和尚安身立命處。雖	018	佛 命 根  六 代 祖 師 命 脈  天 下 老 和 尚 安 身 立 命 處  雖 
ZH_X68_1319_018:0717c08	然如是。須是親到始得。	018	然 如 是  須 是 親 到 始 得  
ZH_X68_1319_018:0717c09	有一老宿垂語云。十字街頭起一間茅廝。祗是不許	018	有 一 老 宿 垂 語 云  十 字 街 頭 起 一 間 茅 廝  祗 是 不 許 
ZH_X68_1319_018:0717c10	人屙。僧舉以叩師。　師曰。是你先屙了。更教甚麼人屙。	018	人 屙  僧 舉 以 叩 師   師 曰  是 你 先 屙 了  更 教 甚 麼 人 屙  
ZH_X68_1319_018:0717c11	宿聞。焚香遙望大隨拜謝。	018	宿 聞  焚 香 遙 望 大 隨 拜 謝  
ZH_X68_1319_018:0717c12	無為宗泰禪師	018	無 為 宗 泰 禪 師 
ZH_X68_1319_018:0717c13	師參五祖。祖舉趙州洗鉢盂話俾參。洎入室。舉此話	018	師 參 五 祖  祖 舉 趙 州 洗 鉢 盂 話 俾 參  洎 入 室  舉 此 話 
ZH_X68_1319_018:0717c14	問師。你道趙州向伊道甚麼。這僧便悟去。　師曰。洗鉢	018	問 師  你 道 趙 州 向 伊 道 甚 麼  這 僧 便 悟 去   師 曰  洗 鉢 
ZH_X68_1319_018:0717c15	盂去呢。　祖曰。你祗知路上事。不知路上滋味。　師曰。既	018	盂 去 呢   祖 曰  你 祗 知 路 上 事  不 知 路 上 滋 味   師 曰  既 
ZH_X68_1319_018:0717c16	知路上事。路上有甚滋味。　祖曰。你不知耶。又問。你曾	018	知 路 上 事  路 上 有 甚 滋 味   祖 曰  你 不 知 耶  又 問  你 曾 
ZH_X68_1319_018:0717c17	游浙否。　師曰。未也。　祖曰。你未悟在。師自此凡五年不	018	游 浙 否   師 曰  未 也   祖 曰  你 未 悟 在  師 自 此 凡 五 年 不 
ZH_X68_1319_018:0717c18	能對。　祖一日陞堂。顧眾曰。八十翁翁輥繡毬。便下座。	018	能 對   祖 一 日 陞 堂  顧 眾 曰  八 十 翁 翁 輥 繡 毬  便 下 座  
ZH_X68_1319_018:0717c19	　師欣然出眾曰。和尚試輥一輥看。　祖以手作打杖鼓	018	 師 欣 然 出 眾 曰  和 尚 試 輥 一 輥 看   祖 以 手 作 打 杖 鼓 
ZH_X68_1319_018:0717c20	勢。操蜀音唱緜州巴歌曰。豆子山。打瓦鼓。楊平山。撒	018	勢  操 蜀 音 唱 緜 州 巴 歌 曰  豆 子 山  打 瓦 鼓  楊 平 山  撒 
ZH_X68_1319_018:0717c21	白雨。白雨下。取龍女。織得絹。二丈五。一半屬羅江。一	018	白 雨  白 雨 下  取 龍 女  織 得 絹  二 丈 五  一 半 屬 羅 江  一 
ZH_X68_1319_018:0717c22	半屬元武。　師聞大悟。掩祖口曰。祇消唱到這裏。祖大	018	半 屬 元 武   師 聞 大 悟  掩 祖 口 曰  祇 消 唱 到 這 裏  祖 大 
ZH_X68_1319_018:0717c23	笑而歸。	018	笑 而 歸  
ZH_X68_1319_018:0717c24	五祖表自禪師	018	五 祖 表 自 禪 師 
ZH_X68_1319_018:0718a01	師依五祖最久。未有省。時圓悟為座元。往請益。悟曰。	018	師 依 五 祖 最 久  未 有 省  時 圓 悟 為 座 元  往 請 益  悟 曰  
ZH_X68_1319_018:0718a02	兄有疑處。試語我。　師遂舉。德山小參不答話。問話者	018	兄 有 疑 處  試 語 我   師 遂 舉  德 山 小 參 不 答 話  問 話 者 
ZH_X68_1319_018:0718a03	三十棒。　悟曰。禮拜著。我作得你師。舉話尚不會。　師作	018	三 十 棒   悟 曰  禮 拜 著  我 作 得 你 師  舉 話 尚 不 會   師 作 
ZH_X68_1319_018:0718a04	禮竟。悟令再舉前話。師曰。德山小參不答話。　悟掩其	018	禮 竟  悟 令 再 舉 前 話  師 曰  德 山 小 參 不 答 話   悟 掩 其 
ZH_X68_1319_018:0718a05	口曰。但恁麼看。　師出。揚聲曰。屈。屈。豈有公案祇教人	018	口 曰  但 恁 麼 看   師 出  揚 聲 曰  屈  屈  豈 有 公 案 祇 教 人 
ZH_X68_1319_018:0718a06	看一句底道理。　有僧謂師曰。兄不可如此說。首座須	018	看 一 句 底 道 理   有 僧 謂 師 曰  兄 不 可 如 此 說  首 座 須 
ZH_X68_1319_018:0718a07	有方便。因靜坐體究。及旬。頓釋所疑。詣悟禮謝。　悟曰。	018	有 方 便  因 靜 坐 體 究  及 旬  頓 釋 所 疑  詣 悟 禮 謝   悟 曰  
ZH_X68_1319_018:0718a08	兄始知吾不汝欺。又詣方丈。祖迎笑。	018	兄 始 知 吾 不 汝 欺  又 詣 方 丈  祖 迎 笑  
ZH_X68_1319_018:0718a09	師榜侍者門曰。東山有三句。若人道得。即挂搭。衲子	018	師 榜 侍 者 門 曰  東 山 有 三 句  若 人 道 得  即 挂 搭  衲 子 
ZH_X68_1319_018:0718a10	皆披靡。　一日。有僧攜坐具徑造丈室。謂師曰。某甲道	018	皆 披 靡   一 日  有 僧 攜 坐 具 徑 造 丈 室  謂 師 曰  某 甲 道 
ZH_X68_1319_018:0718a11	不得。祇要挂搭。師大喜。呼維那於明窗下安排。	018	不 得  祇 要 挂 搭  師 大 喜  呼 維 那 於 明 窗 下 安 排  
ZH_X68_1319_018:0718a12	九頂清素禪師	018	九 頂 清 素 禪 師 
ZH_X68_1319_018:0718a13	師聞五祖舉首山西來意話。倏然契悟。述偈曰。顛倒	018	師 聞 五 祖 舉 首 山 西 來 意 話  倏 然 契 悟  述 偈 曰  顛 倒 
ZH_X68_1319_018:0718a14	顛。顛倒顛。新婦騎驢阿家牽。便恁麼。太無端。回頭不	018	顛  顛 倒 顛  新 婦 騎 驢 阿 家 牽  便 恁 麼  太 無 端  回 頭 不 
ZH_X68_1319_018:0718a15	覺布衫穿。　祖見。乃問。百丈野狐話又作麼生。　師曰。來	018	覺 布 衫 穿   祖 見  乃 問  百 丈 野 狐 話 又 作 麼 生   師 曰  來 
ZH_X68_1319_018:0718a16	說是非者。便是是非人。祖大悅。	018	說 是 非 者  便 是 是 非 人  祖 大 悅  
ZH_X68_1319_018:0718a17	太守呂公來瞻大像。問曰。既是大像。因甚肩負兩楹。	018	太 守 呂 公 來 瞻 大 像  問 曰  既 是 大 像  因 甚 肩 負 兩 楹  
ZH_X68_1319_018:0718a18	　師曰。船上無散工。　至閣下覩觀音像。又問。彌勒化境。	018	 師 曰  船 上 無 散 工   至 閣 下 覩 觀 音 像  又 問  彌 勒 化 境  
ZH_X68_1319_018:0718a19	觀音何來。　師曰。家富小兒嬌。守乃禮敬。	018	觀 音 何 來   師 曰  家 富 小 兒 嬌  守 乃 禮 敬  
ZH_X68_1319_018:0718a20	法閃上座	018	法 閃 上 座 
ZH_X68_1319_018:0718a21	師久依五祖。未有所入。一日造室。祖問。不與萬法為	018	師 久 依 五 祖  未 有 所 入  一 日 造 室  祖 問  不 與 萬 法 為 
ZH_X68_1319_018:0718a22	侶者是甚麼人。　曰。法閃即不然。　祖以手指曰。住。住。法	018	侶 者 是 甚 麼 人   曰  法 閃 即 不 然   祖 以 手 指 曰  住  住  法 
ZH_X68_1319_018:0718a23	閃即不然作麼生。師於是啟悟。	018	閃 即 不 然 作 麼 生  師 於 是 啟 悟  
ZH_X68_1319_018:0718a24	師至東林宣密度禪師席下。見其得平實之旨。一日。	018	師 至 東 林 宣 密 度 禪 師 席 下  見 其 得 平 實 之 旨  一 日  
ZH_X68_1319_018:0718b01	拈花繞度禪牀一帀。背手插香罏中。曰。和尚且道意	018	拈 花 繞 度 禪 牀 一 帀  背 手 插 香 罏 中  曰  和 尚 且 道 意 
ZH_X68_1319_018:0718b02	作麼生。度屢下語。皆不契。　踰兩月。乃令師試說之。師	018	作 麼 生  度 屢 下 語  皆 不 契   踰 兩 月  乃 令 師 試 說 之  師 
ZH_X68_1319_018:0718b03	曰。某祗將花插香罏中。和尚自疑。有甚麼事來。	018	曰  某 祗 將 花 插 香 罏 中  和 尚 自 疑  有 甚 麼 事 來  
ZH_X68_1319_018:0718b04	金陵俞道婆	018	金 陵 俞 道 婆 
ZH_X68_1319_018:0718b05	市油餐為業。常隨眾參問瑯琊。琊以臨濟無位真人	018	市 油 餐 為 業  常 隨 眾 參 問 瑯 琊  琊 以 臨 濟 無 位 真 人 
ZH_X68_1319_018:0718b06	話示之。一日。聞丐者唱蓮花落云。不因柳毅傳書信。	018	話 示 之  一 日  聞 丐 者 唱 蓮 花 落 云  不 因 柳 毅 傳 書 信  
ZH_X68_1319_018:0718b07	何緣得到洞庭湖。忽大悟。以油餈投地。　夫曰。你顛耶。	018	何 緣 得 到 洞 庭 湖  忽 大 悟  以 油 餈 投 地   夫 曰  你 顛 耶  
ZH_X68_1319_018:0718b08	　婆掌曰。非汝境界。　往見瑯琊。琊望之。知其造詣。問。那	018	 婆 掌 曰  非 汝 境 界   往 見 瑯 琊  琊 望 之  知 其 造 詣  問  那 
ZH_X68_1319_018:0718b09	箇是無位真人。　婆應聲曰。有一無位真人。六臂三頭	018	箇 是 無 位 真 人   婆 應 聲 曰  有 一 無 位 真 人  六 臂 三 頭 
ZH_X68_1319_018:0718b10	努力瞋。一擘華山分兩路。萬年流水不知春。	018	努 力 瞋  一 擘 華 山 分 兩 路  萬 年 流 水 不 知 春  
ZH_X68_1319_018:0718b11	圓悟蔣山開堂。方至法座前。婆於眾中躍出。以身一	018	圓 悟 蔣 山 開 堂  方 至 法 座 前  婆 於 眾 中 躍 出  以 身 一 
ZH_X68_1319_018:0718b12	拶。便歸眾。悟曰。見怪不怪。其怪自壞。　悟次日至其家。	018	拶  便 歸 眾  悟 曰  見 怪 不 怪  其 怪 自 壞   悟 次 日 至 其 家  
ZH_X68_1319_018:0718b13	婆不出。厲聲曰。這般黃口小兒。也道出來開堂說法。	018	婆 不 出  厲 聲 曰  這 般 黃 口 小 兒  也 道 出 來 開 堂 說 法  
ZH_X68_1319_018:0718b14	　悟曰。婆子少賣弄。我識得你了也。婆遂大笑。出相見。	018	 悟 曰  婆 子 少 賣 弄  我 識 得 你 了 也  婆 遂 大 笑  出 相 見  
ZH_X68_1319_018:0718b15	凡有僧至。則曰。兒。兒。僧擬議。即掩門。　佛燈珣禪師往	018	凡 有 僧 至  則 曰  兒  兒  僧 擬 議  即 掩 門   佛 燈 珣 禪 師 往 
ZH_X68_1319_018:0718b16	勘之。婆見。如前問。珣曰。爺在甚處。　婆轉身拜露柱。珣	018	勘 之  婆 見  如 前 問  珣 曰  爺 在 甚 處   婆 轉 身 拜 露 柱  珣 
ZH_X68_1319_018:0718b17	即踏倒曰。將謂有多少奇特。便出。　婆蹶起曰。兒。兒。來。	018	即 踏 倒 曰  將 謂 有 多 少 奇 特  便 出   婆 蹶 起 曰  兒  兒  來  
ZH_X68_1319_018:0718b18	惜你則箇。珣竟不顧。	018	惜 你 則 箇  珣 竟 不 顧  
ZH_X68_1319_018:0718b19	頌馬祖不安因緣曰。日面月面。虗空閃電。雖然截斷	018	頌 馬 祖 不 安 因 緣 曰  日 面 月 面  虗 空 閃 電  雖 然 截 斷 
ZH_X68_1319_018:0718b20	天下人舌頭。分明祇道得一半。	018	天 下 人 舌 頭  分 明 祇 道 得 一 半  
ZH_X68_1319_018:0718b21	石門聰和尚	018	石 門 聰 和 尚 
ZH_X68_1319_018:0718b22	師在報慈。聞鳩子鳴。乃問僧。是甚麼聲。　云。鳩鳩聲。　師	018	師 在 報 慈  聞 鳩 子 鳴  乃 問 僧  是 甚 麼 聲   云  鳩 鳩 聲   師 
ZH_X68_1319_018:0718b23	曰。欲得不招無間業。莫謗如來正法輪。	018	曰  欲 得 不 招 無 間 業  莫 謗 如 來 正 法 輪  
ZH_X68_1319_018:0718b24	淨慈慧暉禪師	018	淨 慈 慧 暉 禪 師 
ZH_X68_1319_018:0718c01	師謁宏智。智舉當明中有暗。不以暗相遇。當暗中有	018	師 謁 宏 智  智 舉 當 明 中 有 暗  不 以 暗 相 遇  當 暗 中 有 
ZH_X68_1319_018:0718c02	明。不以明相覩問之。語不契。初夜定回往聖僧前燒	018	明  不 以 明 相 覩 問 之  語 不 契  初 夜 定 回 往 聖 僧 前 燒 
ZH_X68_1319_018:0718c03	香。而宏智適至。師見之。頓明前話。　次日。入室。智舉堪	018	香  而 宏 智 適 至  師 見 之  頓 明 前 話   次 日  入 室  智 舉 堪 
ZH_X68_1319_018:0718c04	嗟去日顏如玉。却歎回時鬢似霜詰之。師曰。其入離。	018	嗟 去 日 顏 如 玉  却 歎 回 時 鬢 似 霜 詰 之  師 曰  其 入 離  
ZH_X68_1319_018:0718c05	其出微。自爾問答無滯。智許為室中真子。	018	其 出 微  自 爾 問 答 無 滯  智 許 為 室 中 真 子  
ZH_X68_1319_018:0718c06	雪竇嗣宗禪師	018	雪 竇 嗣 宗 禪 師 
ZH_X68_1319_018:0718c07	僧問。如何是正法眼。　師曰。烏豆。	018	僧 問  如 何 是 正 法 眼   師 曰  烏 豆  
ZH_X68_1319_018:0718c08	問。如何是君。　師曰。磨礱三尺劍。待斬不平人。　曰。如何	018	問  如 何 是 君   師 曰  磨 礱 三 尺 劍  待 斬 不 平 人   曰  如 何 
ZH_X68_1319_018:0718c09	是臣。　師曰。白雲閒不徹。流水太忙生。　曰。如何是君臣	018	是 臣   師 曰  白 雲 閒 不 徹  流 水 太 忙 生   曰  如 何 是 君 臣 
ZH_X68_1319_018:0718c10	道合。　師曰。雲行雨施。月皎星輝。	018	道 合   師 曰  雲 行 雨 施  月 皎 星 輝  
ZH_X68_1319_018:0718c11	問。如何是正中偏。　師曰。菱華未照前。　曰。如何是偏中	018	問  如 何 是 正 中 偏   師 曰  菱 華 未 照 前   曰  如 何 是 偏 中 
ZH_X68_1319_018:0718c12	正。　師曰。團圞無少剩。　曰。如何是正中來。　師曰。徧界絕	018	正   師 曰  團 圞 無 少 剩   曰  如 何 是 正 中 來   師 曰  徧 界 絕 
ZH_X68_1319_018:0718c13	纖埃。　曰。如何是兼中至。　師曰。齧鏃功前戲。　曰。如何是	018	纖 埃   曰  如 何 是 兼 中 至   師 曰  齧 鏃 功 前 戲   曰  如 何 是 
ZH_X68_1319_018:0718c14	兼中到。　師曰。十道不通耗。	018	兼 中 到   師 曰  十 道 不 通 耗  
ZH_X68_1319_018:0718c15	問。如何是轉功就位。　師曰。撒手無依全體現。扁舟漁	018	問  如 何 是 轉 功 就 位   師 曰  撒 手 無 依 全 體 現  扁 舟 漁 
ZH_X68_1319_018:0718c16	父宿蘆華。　曰。如何是轉位就功。　師曰。半夜嶺頭風月	018	父 宿 蘆 華   曰  如 何 是 轉 位 就 功   師 曰  半 夜 嶺 頭 風 月 
ZH_X68_1319_018:0718c17	靜。一聲高樹老猿啼。　曰。如何是功位齊彰。　師曰。出門	018	靜  一 聲 高 樹 老 猿 啼   曰  如 何 是 功 位 齊 彰   師 曰  出 門 
ZH_X68_1319_018:0718c18	不踏來時路。滿目飛塵絕點埃。　曰。如何是功位俱隱。	018	不 踏 來 時 路  滿 目 飛 塵 絕 點 埃   曰  如 何 是 功 位 俱 隱  
ZH_X68_1319_018:0718c19	　師曰。泥牛飲盡澄潭月。石馬加鞭不轉頭。	018	 師 曰  泥 牛 飲 盡 澄 潭 月  石 馬 加 鞭 不 轉 頭  
ZH_X68_1319_018:0718c20	吉祥元實禪師	018	吉 祥 元 實 禪 師 
ZH_X68_1319_018:0718c21	師自到天衣。早夜精勤。脇不至席。一日。偶失笑喧眾。	018	師 自 到 天 衣  早 夜 精 勤  脇 不 至 席  一 日  偶 失 笑 喧 眾  
ZH_X68_1319_018:0718c22	天衣擯之。中夜宿田里。覩星月粲然。有省。曉歸趨方	018	天 衣 擯 之  中 夜 宿 田 里  覩 星 月 粲 然  有 省  曉 歸 趨 方 
ZH_X68_1319_018:0718c23	丈。天衣見。乃問。洞山五位君臣如何話會。　師曰。我這	018	丈  天 衣 見  乃 問  洞 山 五 位 君 臣 如 何 話 會   師 曰  我 這 
ZH_X68_1319_018:0718c24	裏一位也無。　天衣令參堂。謂侍僧曰。這漢却有箇見	018	裏 一 位 也 無   天 衣 令 參 堂  謂 侍 僧 曰  這 漢 却 有 箇 見 
ZH_X68_1319_018:0719a01	處。奈不識宗旨何。　入室次。天衣預令行者五人分序	018	處  奈 不 識 宗 旨 何   入 室 次  天 衣 預 令 行 者 五 人 分 序 
ZH_X68_1319_018:0719a02	而立。師至。俱召。實上座。師於是密契奧旨。述偈曰。一	018	而 立  師 至  俱 召  實 上 座  師 於 是 密 契 奧 旨  述 偈 曰  一 
ZH_X68_1319_018:0719a03	位纔彰五位分。君臣叶處紫雲屯。夜明簾卷無私照。	018	位 纔 彰 五 位 分  君 臣 叶 處 紫 雲 屯  夜 明 簾 卷 無 私 照  
ZH_X68_1319_018:0719a04	金殿重重顯至尊。　天衣稱善。	018	金 殿 重 重 顯 至 尊   天 衣 稱 善  
ZH_X68_1319_018:0719a05	左丞范冲致虗居士	018	左 丞 范 冲 致 虗 居 士 
ZH_X68_1319_018:0719a06	公由翰苑守豫章。過圓通。謁旻禪師。茶罷。曰。某行將	018	公 由 翰 苑 守 豫 章  過 圓 通  謁 旻 禪 師  茶 罷  曰  某 行 將 
ZH_X68_1319_018:0719a07	老矣。墮在金紫行中。去此事稍遠。　通呼。內翰。公應諾。	018	老 矣  墮 在 金 紫 行 中  去 此 事 稍 遠   通 呼  內 翰  公 應 諾  
ZH_X68_1319_018:0719a08	　通曰。何遠之有。　公躍然曰。乞師再垂指示。　通曰。此去	018	 通 曰  何 遠 之 有   公 躍 然 曰  乞 師 再 垂 指 示   通 曰  此 去 
ZH_X68_1319_018:0719a09	洪都有四程。公佇思。　通曰。見即便見。擬思即差。公豁	018	洪 都 有 四 程  公 佇 思   通 曰  見 即 便 見  擬 思 即 差  公 豁 
ZH_X68_1319_018:0719a10	然有省。	018	然 有 省  
ZH_X68_1319_018:0719a11	士與圓通擁罏次。公問。諸家因緣。不勞拈出。直截一	018	士 與 圓 通 擁 罏 次  公 問  諸 家 因 緣  不 勞 拈 出  直 截 一 
ZH_X68_1319_018:0719a12	句。請師指示。　通厲聲指曰。看火。　公急撥衣。忽大悟。謝	018	句  請 師 指 示   通 厲 聲 指 曰  看 火   公 急 撥 衣  忽 大 悟  謝 
ZH_X68_1319_018:0719a13	曰。灼然佛法無多子。　通喝曰。放下著。公應諾諾。	018	曰  灼 然 佛 法 無 多 子   通 喝 曰  放 下 著  公 應 諾 諾  
ZH_X68_1319_018:0719a14	士問圓通曰。是法非思量分別之所能解。如何湊泊。	018	士 問 圓 通 曰  是 法 非 思 量 分 別 之 所 能 解  如 何 湊 泊  
ZH_X68_1319_018:0719a15	　通曰。全身入火聚。　公曰。畢竟如何會。　通曰。驀直去。公	018	 通 曰  全 身 入 火 聚   公 曰  畢 竟 如 何 會   通 曰  驀 直 去  公 
ZH_X68_1319_018:0719a16	沈吟。　通曰。可更喫茶麼。　公曰。不必。　通曰。何不恁麼會。	018	沈 吟   通 曰  可 更 喫 茶 麼   公 曰  不 必   通 曰  何 不 恁 麼 會  
ZH_X68_1319_018:0719a17	　公契旨曰。元來太近。　通曰。十萬八千。　公占偈曰。不可	018	 公 契 旨 曰  元 來 太 近   通 曰  十 萬 八 千   公 占 偈 曰  不 可 
ZH_X68_1319_018:0719a18	思議。是大火聚。便恁麼去。不離當處。　通曰。咦。猶有這	018	思 議  是 大 火 聚  便 恁 麼 去  不 離 當 處   通 曰  咦  猶 有 這 
ZH_X68_1319_018:0719a19	箇在。　公曰。乞師再垂指示。　通曰。便恁麼去。鐺是鐵鑄。	018	箇 在   公 曰  乞 師 再 垂 指 示   通 曰  便 恁 麼 去  鐺 是 鐵 鑄  
ZH_X68_1319_018:0719a20	公頓首謝之。	018	公 頓 首 謝 之  
ZH_X68_1319_018:0719a21	徑山塗毒智策禪師	018	徑 山 塗 毒 智 策 禪 師 
ZH_X68_1319_018:0719a22	師初謁寂室光。灑然有省。次謁大圓於萬壽。圓問曰。	018	師 初 謁 寂 室 光  灑 然 有 省  次 謁 大 圓 於 萬 壽  圓 問 曰  
ZH_X68_1319_018:0719a23	甚處來。　師曰。天台來。　曰。見智者大師麼。　師曰。即今亦	018	甚 處 來   師 曰  天 台 來   曰  見 智 者 大 師 麼   師 曰  即 今 亦 
ZH_X68_1319_018:0719a24	不少。　曰。因甚在汝脚跟下。　師曰。當面蹉過。　圓曰。上人	018	不 少   曰  因 甚 在 汝 脚 跟 下   師 曰  當 面 蹉 過   圓 曰  上 人 
ZH_X68_1319_018:0719b01	不耘而秀。不扶而直。　一日。辭去。圓送之門。拊師背曰。	018	不 耘 而 秀  不 扶 而 直   一 日  辭 去  圓 送 之 門  拊 師 背 曰  
ZH_X68_1319_018:0719b02	寶所在近。此城非實。師頷之。　往豫章。謁典牛。道由雲	018	寶 所 在 近  此 城 非 實  師 頷 之   往 豫 章  謁 典 牛  道 由 雲 
ZH_X68_1319_018:0719b03	居。風雪塞路。坐閱四十二日。午時。版聲鏗然。豁爾大	018	居  風 雪 塞 路  坐 閱 四 十 二 日  午 時  版 聲 鏗 然  豁 爾 大 
ZH_X68_1319_018:0719b04	悟。及造門。典牛獨指師曰。甚處見神見鬼來。　師曰。雲	018	悟  及 造 門  典 牛 獨 指 師 曰  甚 處 見 神 見 鬼 來   師 曰  雲 
ZH_X68_1319_018:0719b05	居聞版聲來。　牛曰。是甚麼。　師曰。打破虗空。全不柄靶。	018	居 聞 版 聲 來   牛 曰  是 甚 麼   師 曰  打 破 虗 空  全 不 柄 靶  
ZH_X68_1319_018:0719b06	　牛曰。向上事未在。　師曰。東家暗坐。西家廝罵。　牛曰。嶄	018	 牛 曰  向 上 事 未 在   師 曰  東 家 暗 坐  西 家 廝 罵   牛 曰  嶄 
ZH_X68_1319_018:0719b07	然超出佛祖。他日起家。一麟足矣。	018	然 超 出 佛 祖  他 日 起 家  一 麟 足 矣  
ZH_X68_1319_018:0719b08	虎丘紹隆禪師。	018	虎 丘 紹 隆 禪 師  
ZH_X68_1319_018:0719b09	師初謁長蘆信禪師。得其大略。有傳圓悟語至者。師	018	師 初 謁 長 蘆 信 禪 師  得 其 大 略  有 傳 圓 悟 語 至 者  師 
ZH_X68_1319_018:0719b10	讀之。歎曰。想酢生液。雖未澆腸沃胃。要且使人慶快。	018	讀 之  歎 曰  想 酢 生 液  雖 未 澆 腸 沃 胃  要 且 使 人 慶 快  
ZH_X68_1319_018:0719b11	第恨未聆謦欬耳。遂由寶峰次湛堂。客黃龍。扣死心	018	第 恨 未 聆 謦 欬 耳  遂 由 寶 峰 次 湛 堂  客 黃 龍  扣 死 心 
ZH_X68_1319_018:0719b12	禪師。次謁圓悟。　一日。入堂。悟問曰。見見之時。見非是	018	禪 師  次 謁 圓 悟   一 日  入 堂  悟 問 曰  見 見 之 時  見 非 是 
ZH_X68_1319_018:0719b13	見。見猶離見。見不能及。舉拳曰。還見麼。　師曰。見。　悟曰。	018	見  見 猶 離 見  見 不 能 及  舉 拳 曰  還 見 麼   師 曰  見   悟 曰  
ZH_X68_1319_018:0719b14	頭上安頭。師聞。脫然契證。　悟叱曰。見箇甚麼。　師曰。竹	018	頭 上 安 頭  師 聞  脫 然 契 證   悟 叱 曰  見 箇 甚 麼   師 曰  竹 
ZH_X68_1319_018:0719b15	密不妨流水過。悟肯之。　尋俾掌藏教。有問悟曰。隆藏	018	密 不 妨 流 水 過  悟 肯 之   尋 俾 掌 藏 教  有 問 悟 曰  隆 藏 
ZH_X68_1319_018:0719b16	主柔易若此。何能為哉。　悟曰。瞌睡虎耳。	018	主 柔 易 若 此  何 能 為 哉   悟 曰  瞌 睡 虎 耳  
ZH_X68_1319_018:0719b17	育王佛智端裕禪師	018	育 王 佛 智 端 裕 禪 師 
ZH_X68_1319_018:0719b18	上堂曰。行時絕行跡。說時無說蹤。行說若到。則垛生	018	上 堂 曰  行 時 絕 行 跡  說 時 無 說 蹤  行 說 若 到  則 垛 生 
ZH_X68_1319_018:0719b19	招箭。行說未明。則神鋒劃斷。就使說無滲漏。行不迷	018	招 箭  行 說 未 明  則 神 鋒 劃 斷  就 使 說 無 滲 漏  行 不 迷 
ZH_X68_1319_018:0719b20	方。猶滯[穀-禾+卵]漏在。若是大鵬金翅。奮迅百千由旬。十影	018	方  猶 滯 [穀禾卵] 漏 在  若 是 大 鵬 金 翅  奮 迅 百 千 由 旬  十 影 
ZH_X68_1319_018:0719b21	神駒。馳驟四方八極。不取次啗啄。不隨處埋身。且總	018	神 駒  馳 驟 四 方 八 極  不 取 次 啗 啄  不 隨 處 埋 身  且 總 
ZH_X68_1319_018:0719b22	不依倚。還有履踐分也無。剎剎塵塵是要津。	018	不 依 倚  還 有 履 踐 分 也 無  剎 剎 塵 塵 是 要 津  
ZH_X68_1319_018:0719b23	護國景元禪師	018	護 國 景 元 禪 師 
ZH_X68_1319_018:0719b24	上堂。威音王已前。這一隊漢錯七錯八。威音王已後。	018	上 堂  威 音 王 已 前  這 一 隊 漢 錯 七 錯 八  威 音 王 已 後  
ZH_X68_1319_018:0719c01	這一隊漢落二落三。而今這一隊漢坐立儼然。且道	018	這 一 隊 漢 落 二 落 三  而 今 這 一 隊 漢 坐 立 儼 然  且 道 
ZH_X68_1319_018:0719c02	是錯七錯八。落二落三。還定當得出麼。舉拂子曰。吽。	018	是 錯 七 錯 八  落 二 落 三  還 定 當 得 出 麼  舉 拂 子 曰  吽  
ZH_X68_1319_018:0719c03	吽。	018	吽  
ZH_X68_1319_018:0719c04	師因僧讀死心小參語云。既迷。須得箇悟。既悟。須識	018	師 因 僧 讀 死 心 小 參 語 云  既 迷  須 得 箇 悟  既 悟  須 識 
ZH_X68_1319_018:0719c05	悟中迷。迷中悟。迷悟雙忘。却從無迷悟處建立一切	018	悟 中 迷  迷 中 悟  迷 悟 雙 忘  却 從 無 迷 悟 處 建 立 一 切 
ZH_X68_1319_018:0719c06	法。師聞而疑。即趨佛殿。以手拓開門扉。豁然大徹。　繼	018	法  師 聞 而 疑  即 趨 佛 殿  以 手 拓 開 門 扉  豁 然 大 徹   繼 
ZH_X68_1319_018:0719c07	而執事。機辯逸發。圓悟目為聱頭玄侍者。悟自題肖	018	而 執 事  機 辯 逸 發  圓 悟 目 為 聱 頭 玄 侍 者  悟 自 題 肖 
ZH_X68_1319_018:0719c08	像付之。有曰。生平只說聱頭禪。撞著聱頭如鐵壁。	018	像 付 之  有 曰  生 平 只 說 聱 頭 禪  撞 著 聱 頭 如 鐵 壁  
ZH_X68_1319_018:0719c09	靈隱慧遠禪師	018	靈 隱 慧 遠 禪 師 
ZH_X68_1319_018:0719c10	內翰曾開居士。久參諸方。紹興辛未。值師領光孝。開	018	內 翰 曾 開 居 士  久 參 諸 方  紹 興 辛 未  值 師 領 光 孝  開 
ZH_X68_1319_018:0719c11	來謁。問曰。如何是善知識。　師曰。燈籠露柱。猫兒狗子。	018	來 謁  問 曰  如 何 是 善 知 識   師 曰  燈 籠 露 柱  猫 兒 狗 子  
ZH_X68_1319_018:0719c12	　開曰。為甚麼贊即歡喜。毀即煩惱。　師曰。侍郎曾見善	018	 開 曰  為 甚 麼 贊 即 歡 喜  毀 即 煩 惱   師 曰  侍 郎 曾 見 善 
ZH_X68_1319_018:0719c13	知識否。　開曰。某三十年參問。何言不見。　師曰。向煩惱	018	知 識 否   開 曰  某 三 十 年 參 問  何 言 不 見   師 曰  向 煩 惱 
ZH_X68_1319_018:0719c14	處見。向歡喜處見。　開擬議。師震聲便喝。開擬對。師曰。	018	處 見  向 歡 喜 處 見   開 擬 議  師 震 聲 便 喝  開 擬 對  師 曰  
ZH_X68_1319_018:0719c15	開口底不是公。　開罔然。師召曰。侍郎向甚麼處去也。	018	開 口 底 不 是 公   開 罔 然  師 召 曰  侍 郎 向 甚 麼 處 去 也  
ZH_X68_1319_018:0719c16	　開猛省點頭。說偈曰。咄哉瞎驢。叢林妖孼。震地一聲。	018	 開 猛 省 點 頭  說 偈 曰  咄 哉 瞎 驢  叢 林 妖 孼  震 地 一 聲  
ZH_X68_1319_018:0719c17	天機漏泄。有人更問意如何。拈起拂子劈口截。　師曰。	018	天 機 漏 泄  有 人 更 問 意 如 何  拈 起 拂 子 劈 口 截   師 曰  
ZH_X68_1319_018:0719c18	也祇得一橛。	018	也 祇 得 一 橛  
ZH_X68_1319_018:0719c19	知府葛剡志慕禪宗。久無證入。一日。舉。不是心。不是	018	知 府 葛 剡 志 慕 禪 宗  久 無 證 入  一 日  舉  不 是 心  不 是 
ZH_X68_1319_018:0719c20	佛。不是物。豁然有省。說偈云。非心非佛亦非物。五鳳	018	佛  不 是 物  豁 然 有 省  說 偈 云  非 心 非 佛 亦 非 物  五 鳳 
ZH_X68_1319_018:0719c21	樓前山突兀。豔陽影裏倒翻身。野狐跳入金毛窟。　謁	018	樓 前 山 突 兀  豔 陽 影 裏 倒 翻 身  野 狐 跳 入 金 毛 窟   謁 
ZH_X68_1319_018:0719c22	師求證。師云。居士見處。祇可入佛。未得入魔在。葛禮	018	師 求 證  師 云  居 士 見 處  祇 可 入 佛  未 得 入 魔 在  葛 禮 
ZH_X68_1319_018:0719c23	拜。　師曰。云何不道金毛跳入野狐窟。葛乃頓領。	018	拜   師 曰  云 何 不 道 金 毛 跳 入 野 狐 窟  葛 乃 頓 領  
ZH_X68_1319_018:0719c24	華藏安民禪師	018	華 藏 安 民 禪 師 
ZH_X68_1319_018:0720a01	師謁佛鑑。鑑問。佛果有不曾亂為人說底句。曾與你	018	師 謁 佛 鑑  鑑 問  佛 果 有 不 曾 亂 為 人 說 底 句  曾 與 你 
ZH_X68_1319_018:0720a02	說麼。　師曰。合取狗口。　鑑震聲曰。不是這箇道理。　師曰。	018	說 麼   師 曰  合 取 狗 口   鑑 震 聲 曰  不 是 這 箇 道 理   師 曰  
ZH_X68_1319_018:0720a03	無人奪你茶鹽袋。叫作甚麼。　鑑曰。佛果若不為你說。	018	無 人 奪 你 茶 鹽 袋  叫 作 甚 麼   鑑 曰  佛 果 若 不 為 你 說  
ZH_X68_1319_018:0720a04	我為你說。　師曰。和尚疑時。退院別參去。鑑呵呵大笑。	018	我 為 你 說   師 曰  和 尚 疑 時  退 院 別 參 去  鑑 呵 呵 大 笑  
ZH_X68_1319_018:0720a05	玄沙僧昭禪師	018	玄 沙 僧 昭 禪 師 
ZH_X68_1319_018:0720a06	上堂。天上無彌勒。地下無彌勒。且道彌勒在甚麼處。	018	上 堂  天 上 無 彌 勒  地 下 無 彌 勒  且 道 彌 勒 在 甚 麼 處  
ZH_X68_1319_018:0720a07	良久。曰。夜行莫踏白。不是水便是石。	018	良 久  曰  夜 行 莫 踏 白  不 是 水 便 是 石  
ZH_X68_1319_018:0720a08	南峰雲辯禪師	018	南 峰 雲 辯 禪 師 
ZH_X68_1319_018:0720a09	師參圓悟。值入室。纔踵門。悟曰。看脚下。師打露柱一	018	師 參 圓 悟  值 入 室  纔 踵 門  悟 曰  看 脚 下  師 打 露 柱 一 
ZH_X68_1319_018:0720a10	下。　悟曰。何不著實道取一句。　師曰。師若搖頭。弟子擺	018	下   悟 曰  何 不 著 實 道 取 一 句   師 曰  師 若 搖 頭  弟 子 擺 
ZH_X68_1319_018:0720a11	尾。　悟曰。你試擺尾看。師翻筋斗而出。悟大笑。	018	尾   悟 曰  你 試 擺 尾 看  師 翻 筋 斗 而 出  悟 大 笑  
ZH_X68_1319_018:0720a12	上堂。好是仲春漸暖。那堪寒食清明。萬疊雲山聳翠。	018	上 堂  好 是 仲 春 漸 暖  那 堪 寒 食 清 明  萬 疊 雲 山 聳 翠  
ZH_X68_1319_018:0720a13	一天風月良鄰。在處華紅柳綠。湖天浪穩風平。山禽	018	一 天 風 月 良 鄰  在 處 華 紅 柳 綠  湖 天 浪 穩 風 平  山 禽 
ZH_X68_1319_018:0720a14	枝上語諄諄。再三瑣瑣碎碎。囑付叮叮嚀嚀。且道叮	018	枝 上 語 諄 諄  再 三 瑣 瑣 碎 碎  囑 付 叮 叮 嚀 嚀  且 道 叮 
ZH_X68_1319_018:0720a15	嚀囑付箇甚麼。卓拄杖曰。記取明年今日。依舊寒食	018	嚀 囑 付 箇 甚 麼  卓 拄 杖 曰  記 取 明 年 今 日  依 舊 寒 食 
ZH_X68_1319_018:0720a16	清明。	018	清 明  
ZH_X68_1319_018:0720a17	僧問。十二時中教學人如何用心。　師曰。蘸雪喫冬瓜。	018	僧 問  十 二 時 中 教 學 人 如 何 用 心   師 曰  蘸 雪 喫 冬 瓜  
ZH_X68_1319_018:0720a18	　問。浩浩塵中如何辨主。　師曰。木杓頭邊鐮切菜。　曰。莫	018	 問  浩 浩 塵 中 如 何 辨 主   師 曰  木 杓 頭 邊 鐮 切 菜   曰  莫 
ZH_X68_1319_018:0720a19	便是和尚為人處也無。　師曰。研槌撩餺飥。	018	便 是 和 尚 為 人 處 也 無   師 曰  研 槌 撩 餺 飥  
ZH_X68_1319_018:0720a20	大溈佛性法泰禪師	018	大 溈 佛 性 法 泰 禪 師 
ZH_X68_1319_018:0720a21	上堂。欲識佛去處。祇這語聲是。咄。傅大士不識好惡。	018	上 堂  欲 識 佛 去 處  祇 這 語 聲 是  咄  傅 大 士 不 識 好 惡  
ZH_X68_1319_018:0720a22	以昭昭靈靈教壞人家男女。被誌公和尚一喝曰。大	018	以 昭 昭 靈 靈 教 壞 人 家 男 女  被 誌 公 和 尚 一 喝 曰  大 
ZH_X68_1319_018:0720a23	士莫作是說。別更道看。大士復說曰。空手把鋤頭。步	018	士 莫 作 是 說  別 更 道 看  大 士 復 說 曰  空 手 把 鋤 頭  步 
ZH_X68_1319_018:0720a24	行騎水牛。人從橋上過。橋流水不流。誌公呵呵大笑	018	行 騎 水 牛  人 從 橋 上 過  橋 流 水 不 流  誌 公 呵 呵 大 笑 
ZH_X68_1319_018:0720b01	曰。前頭猶似可。末後更愁人。	018	曰  前 頭 猶 似 可  末 後 更 愁 人  
ZH_X68_1319_018:0720b02	鼓山珍禪師	018	鼓 山 珍 禪 師 
ZH_X68_1319_018:0720b03	上堂。尋牛須訪跡。學道貴無心。跡在牛還在。無心道	018	上 堂  尋 牛 須 訪 跡  學 道 貴 無 心  跡 在 牛 還 在  無 心 道 
ZH_X68_1319_018:0720b04	易尋。豎起拂子曰。這箇是跡。牛在甚麼處。直饒見得	018	易 尋  豎 起 拂 子 曰  這 箇 是 跡  牛 在 甚 麼 處  直 饒 見 得 
ZH_X68_1319_018:0720b05	頭角分明。鼻孔也在法石手裏。	018	頭 角 分 明  鼻 孔 也 在 法 石 手 裏  
ZH_X68_1319_018:0720b06	昭覺道祖首座	018	昭 覺 道 祖 首 座 
ZH_X68_1319_018:0720b07	初見圓悟。於即心即佛語下發明。久之。悟命分座。一	018	初 見 圓 悟  於 即 心 即 佛 語 下 發 明  久 之  悟 命 分 座  一 
ZH_X68_1319_018:0720b08	日。為眾入室。師忽問曰。生死到來。如何迴避。僧無對。	018	日  為 眾 入 室  師 忽 問 曰  生 死 到 來  如 何 迴 避  僧 無 對  
ZH_X68_1319_018:0720b09	師擲下拂子。奄然而逝。眾皆眙愕。　悟聞。至召曰。祖首	018	師 擲 下 拂 子  奄 然 而 逝  眾 皆 眙 愕   悟 聞  至 召 曰  祖 首 
ZH_X68_1319_018:0720b10	座。師張目視之。　悟曰。抖擻精神透關去。師點頭。竟爾	018	座  師 張 目 視 之   悟 曰  抖 擻 精 神 透 關 去  師 點 頭  竟 爾 
ZH_X68_1319_018:0720b11	趨寂。	018	趨 寂  
ZH_X68_1319_018:0720b12	慧日默菴道禪師	018	慧 日 默 菴 道 禪 師 
ZH_X68_1319_018:0720b13	上堂。同雲欲雪未雪。愛日似暉不暉。寒雀啾啾閙籬	018	上 堂  同 雲 欲 雪 未 雪  愛 日 似 暉 不 暉  寒 雀 啾 啾 閙 籬 
ZH_X68_1319_018:0720b14	落。朔風冽冽舞簾帷。要會韶陽親切句。今朝覿面為	018	落  朔 風 冽 冽 舞 簾 帷  要 會 韶 陽 親 切 句  今 朝 覿 面 為 
ZH_X68_1319_018:0720b15	提撕。卓拄杖。下座。	018	提 撕  卓 拄 杖  下 座  
ZH_X68_1319_018:0720b16	樞密徐俯師川居士	018	樞 密 徐 俯 師 川 居 士 
ZH_X68_1319_018:0720b17	公參圓悟。悟喜其見地超邁。一日。至書記寮。指悟頂	018	公 參 圓 悟  悟 喜 其 見 地 超 邁  一 日  至 書 記 寮  指 悟 頂 
ZH_X68_1319_018:0720b18	相曰。這老漢脚跟猶未點地在。　悟䫌面曰。甕裏何曾	018	相 曰  這 老 漢 脚 跟 猶 未 點 地 在   悟 䫌 面 曰  甕 裏 何 曾 
ZH_X68_1319_018:0720b19	走却鱉。　公曰。且喜老漢脚跟點地。　悟曰。莫謗他好。公	018	走 却 鱉   公 曰  且 喜 老 漢 脚 跟 點 地   悟 曰  莫 謗 他 好  公 
ZH_X68_1319_018:0720b20	休去。	018	休 去  
ZH_X68_1319_018:0720b21	龍牙智才禪師	018	龍 牙 智 才 禪 師 
ZH_X68_1319_018:0720b22	師初住嶽麓。開堂日。僧問。德山棒．臨濟喝。今日請師	018	師 初 住 嶽 麓  開 堂 日  僧 問  德 山 棒  臨 濟 喝  今 日 請 師 
ZH_X68_1319_018:0720b23	為拈掇。　師曰。蘇嚕蘇嚕。　曰。蘇嚕蘇嚕。還有西來意也	018	為 拈 掇   師 曰  蘇 嚕 蘇 嚕   曰  蘇 嚕 蘇 嚕  還 有 西 來 意 也 
ZH_X68_1319_018:0720b24	無。　師曰。蘇嚕蘇嚕。由是叢林呼為才蘇嚕。	018	無   師 曰  蘇 嚕 蘇 嚕  由 是 叢 林 呼 為 才 蘇 嚕  
ZH_X68_1319_018:0720c01	何山佛燈守珣禪師	018	何 山 佛 燈 守 珣 禪 師 
ZH_X68_1319_018:0720c02	師參佛鑑。隨眾咨請。邈無所入。乃封其衾曰。此生若	018	師 參 佛 鑑  隨 眾 咨 請  邈 無 所 入  乃 封 其 衾 曰  此 生 若 
ZH_X68_1319_018:0720c03	不徹。誓不展此。於是晝坐宵立。如喪考妣。　逾七七日。	018	不 徹  誓 不 展 此  於 是 晝 坐 宵 立  如 喪 考 妣   逾 七 七 日  
ZH_X68_1319_018:0720c04	忽佛鑑上堂曰。森羅及萬象。一法之所印。　師聞頓悟。	018	忽 佛 鑑 上 堂 曰  森 羅 及 萬 象  一 法 之 所 印   師 聞 頓 悟  
ZH_X68_1319_018:0720c05	往見鑑。鑑曰。可惜一顆明珠被這風顛漢拾得。乃詰	018	往 見 鑑  鑑 曰  可 惜 一 顆 明 珠 被 這 風 顛 漢 拾 得  乃 詰 
ZH_X68_1319_018:0720c06	之曰。靈雲道。自從一見桃花後。直至如今更不疑。如	018	之 曰  靈 雲 道  自 從 一 見 桃 花 後  直 至 如 今 更 不 疑  如 
ZH_X68_1319_018:0720c07	何是他不疑處。　師曰。莫道靈雲不疑。知今覓箇疑處	018	何 是 他 不 疑 處   師 曰  莫 道 靈 雲 不 疑  知 今 覓 箇 疑 處 
ZH_X68_1319_018:0720c08	了不可得。　鑑曰。玄沙道。諦當。甚諦當。敢保老兄未徹	018	了 不 可 得   鑑 曰  玄 沙 道  諦 當  甚 諦 當  敢 保 老 兄 未 徹 
ZH_X68_1319_018:0720c09	在。那裏是他未徹處。　師曰。深知和尚老婆心切。鑑然	018	在  那 裏 是 他 未 徹 處   師 曰  深 知 和 尚 老 婆 心 切  鑑 然 
ZH_X68_1319_018:0720c10	之。　師拜起。呈偈曰。終日看天不舉頭。桃花爛熳始擡	018	之   師 拜 起  呈 偈 曰  終 日 看 天 不 舉 頭  桃 花 爛 熳 始 擡 
ZH_X68_1319_018:0720c11	眸。饒君更有遮天網。透得牢關即便休。　鑑囑令護持。	018	眸  饒 君 更 有 遮 天 網  透 得 牢 關 即 便 休   鑑 囑 令 護 持  
ZH_X68_1319_018:0720c12	是夕。厲聲謂眾曰。這回珣上座穩睡去也。　圓悟聞得。	018	是 夕  厲 聲 謂 眾 曰  這 回 珣 上 座 穩 睡 去 也   圓 悟 聞 得  
ZH_X68_1319_018:0720c13	疑其未然。乃曰。我須勘過始得。遂令人召至。　因與遊	018	疑 其 未 然  乃 曰  我 須 勘 過 始 得  遂 令 人 召 至   因 與 遊 
ZH_X68_1319_018:0720c14	山。偶到一水潭。悟推師入水。遽問曰。牛頭未見四祖	018	山  偶 到 一 水 潭  悟 推 師 入 水  遽 問 曰  牛 頭 未 見 四 祖 
ZH_X68_1319_018:0720c15	時如何。　師曰。潭深魚聚。　悟曰。見後如何。　師曰。樹高招	018	時 如 何   師 曰  潭 深 魚 聚   悟 曰  見 後 如 何   師 曰  樹 高 招 
ZH_X68_1319_018:0720c16	風。　悟曰。見與未見時如何。　師曰。伸脚在縮脚裏。悟大	018	風   悟 曰  見 與 未 見 時 如 何   師 曰  伸 脚 在 縮 脚 裏  悟 大 
ZH_X68_1319_018:0720c17	稱之。	018	稱 之  
ZH_X68_1319_018:0720c18	待制潘良貴依師。久不契。謂師曰。某祇欲死去。如何。	018	待 制 潘 良 貴 依 師  久 不 契  謂 師 曰  某 祇 欲 死 去  如 何  
ZH_X68_1319_018:0720c19	　師曰。好箇封皮。且留著使用。而今不了不當便去。忽	018	 師 曰  好 箇 封 皮  且 留 著 使 用  而 今 不 了 不 當 便 去  忽 
ZH_X68_1319_018:0720c20	被他換却封皮。卒無整理處。　公又以南泉斬猫話問	018	被 他 換 却 封 皮  卒 無 整 理 處   公 又 以 南 泉 斬 猫 話 問 
ZH_X68_1319_018:0720c21	曰。某看此甚久。終未透徹。望和尚慈悲。　師曰。你祇管	018	曰  某 看 此 甚 久  終 未 透 徹  望 和 尚 慈 悲   師 曰  你 祇 管 
ZH_X68_1319_018:0720c22	理會別人家猫兒。不知走却自家狗子。公於言下如	018	理 會 別 人 家 猫 兒  不 知 走 却 自 家 狗 子  公 於 言 下 如 
ZH_X68_1319_018:0720c23	醉醒。　師復曰。不易。公進此一步。更須知有向上事始	018	醉 醒   師 復 曰  不 易  公 進 此 一 步  更 須 知 有 向 上 事 始 
ZH_X68_1319_018:0720c24	得。如今士大夫說禪說道。祇依著義理便快活。大率	018	得  如 今 士 大 夫 說 禪 說 道  祇 依 著 義 理 便 快 活  大 率 
ZH_X68_1319_018:0721a01	似將錢買油餈喫了便不飢。其餘便道是瞞他。亦可	018	似 將 錢 買 油 餈 喫 了 便 不 飢  其 餘 便 道 是 瞞 他  亦 可 
ZH_X68_1319_018:0721a02	笑也。公唯唯。	018	笑 也  公 唯 唯  
ZH_X68_1319_018:0721a03	師嘗謂眾曰。兄弟如有省悟處。不拘時節。請來露箇	018	師 嘗 謂 眾 曰  兄 弟 如 有 省 悟 處  不 拘 時 節  請 來 露 箇 
ZH_X68_1319_018:0721a04	消息。　雪夜。有僧扣方丈門。師起秉燭。震威喝曰。雪深	018	消 息   雪 夜  有 僧 扣 方 丈 門  師 起 秉 燭  震 威 喝 曰  雪 深 
ZH_X68_1319_018:0721a05	夜半。求決疑情。因甚麼威儀不具。僧顧視衣裓。師逐	018	夜 半  求 決 疑 情  因 甚 麼 威 儀 不 具  僧 顧 視 衣 裓  師 逐 
ZH_X68_1319_018:0721a06	出院。	018	出 院  
ZH_X68_1319_018:0721a07	龍翔士珪禪師	018	龍 翔 士 珪 禪 師 
ZH_X68_1319_018:0721a08	師醉心楞嚴。逾五秋。南遊。謁諸尊宿。始登龍門。即以	018	師 醉 心 楞 嚴  逾 五 秋  南 遊  謁 諸 尊 宿  始 登 龍 門  即 以 
ZH_X68_1319_018:0721a09	平時所得白佛眼。眼曰。汝解心已極。但欠著力開眼	018	平 時 所 得 白 佛 眼  眼 曰  汝 解 心 已 極  但 欠 著 力 開 眼 
ZH_X68_1319_018:0721a10	耳。俾職堂司。　一日。侍立次。問云。絕對待時如何。　眼曰。	018	耳  俾 職 堂 司   一 日  侍 立 次  問 云  絕 對 待 時 如 何   眼 曰  
ZH_X68_1319_018:0721a11	如汝僧堂中白椎相似。師罔措。　眼晚至堂司。師理前	018	如 汝 僧 堂 中 白 椎 相 似  師 罔 措   眼 晚 至 堂 司  師 理 前 
ZH_X68_1319_018:0721a12	話。眼曰。閒言語。師遂大悟。	018	話  眼 曰  閒 言 語  師 遂 大 悟  
ZH_X68_1319_018:0721a13	黃龍法忠禪師	018	黃 龍 法 忠 禪 師 
ZH_X68_1319_018:0721a14	師習台教。悟一心三觀之旨。未能泯跡。徧參名宿。至	018	師 習 台 教  悟 一 心 三 觀 之 旨  未 能 泯 跡  徧 參 名 宿  至 
ZH_X68_1319_018:0721a15	龍門。觀水磨旋轉。發明心要。乃述偈曰。轉大法輪。目	018	龍 門  觀 水 磨 旋 轉  發 明 心 要  乃 述 偈 曰  轉 大 法 輪  目 
ZH_X68_1319_018:0721a16	前包裹。更問如何。水推石磨。　呈佛眼。眼曰。其中事作	018	前 包 裹  更 問 如 何  水 推 石 磨   呈 佛 眼  眼 曰  其 中 事 作 
ZH_X68_1319_018:0721a17	麼生。　師曰。磵下水長流。　眼曰。我有末後一句。待分付	018	麼 生   師 曰  磵 下 水 長 流   眼 曰  我 有 末 後 一 句  待 分 付 
ZH_X68_1319_018:0721a18	汝。師掩耳而出。　已而禮辭。渡九江。登廬阜。露眠草宿。	018	汝  師 掩 耳 而 出   已 而 禮 辭  渡 九 江  登 廬 阜  露 眠 草 宿  
ZH_X68_1319_018:0721a19	相羊山水。會意則居。或數日不食。或連宵不臥。髮長	018	相 羊 山 水  會 意 則 居  或 數 日 不 食  或 連 宵 不 臥  髮 長 
ZH_X68_1319_018:0721a20	不翦。衣敝不易。故禪會呼為忠道者。	018	不 翦  衣 敝 不 易  故 禪 會 呼 為 忠 道 者  
ZH_X68_1319_018:0721a21	宣和間。湘潭大旱。禱而不應。師躍入龍淵。呼曰。業畜。	018	宣 和 間  湘 潭 大 旱  禱 而 不 應  師 躍 入 龍 淵  呼 曰  業 畜  
ZH_X68_1319_018:0721a22	當雨一尺。雨隨至。居南嶽。恒跨虎出遊。儒釋望塵而	018	當 雨 一 尺  雨 隨 至  居 南 嶽  恒 跨 虎 出 遊  儒 釋 望 塵 而 
ZH_X68_1319_018:0721a23	拜。	018	拜  
ZH_X68_1319_018:0721a24	世奇首座	018	世 奇 首 座 
ZH_X68_1319_018:0721b01	師徧參諸方。晚造龍門。一日。燕坐瞌睡間。羣蛙忽鳴。	018	師 徧 參 諸 方  晚 造 龍 門  一 日  燕 坐 瞌 睡 間  羣 蛙 忽 鳴  
ZH_X68_1319_018:0721b02	悞聽為淨髮版響。亟趨往。有曉之者曰。蛙鳴非版也。	018	悞 聽 為 淨 髮 版 響  亟 趨 往  有 曉 之 者 曰  蛙 鳴 非 版 也  
ZH_X68_1319_018:0721b03	師恍然。詣方丈剖露。佛眼曰。豈不見羅睺羅。　師遽止	018	師 恍 然  詣 方 丈 剖 露  佛 眼 曰  豈 不 見 羅 睺 羅   師 遽 止 
ZH_X68_1319_018:0721b04	曰。和尚不必舉。待去自看。　未幾有省。乃占偈曰。夢中	018	曰  和 尚 不 必 舉  待 去 自 看   未 幾 有 省  乃 占 偈 曰  夢 中 
ZH_X68_1319_018:0721b05	聞版響。覺後蝦蟆啼。蝦蟆與版響。山嶽一時齊。　由是	018	聞 版 響  覺 後 蝦 蟆 啼  蝦 蟆 與 版 響  山 嶽 一 時 齊   由 是 
ZH_X68_1319_018:0721b06	益加參究。洞臻玄奧。佛眼命分座。師固辭曰。此非細	018	益 加 參 究  洞 臻 玄 奧  佛 眼 命 分 座  師 固 辭 曰  此 非 細 
ZH_X68_1319_018:0721b07	事也。如金針刺眼。毫髮若差。眼則破矣。願生生居學	018	事 也  如 金 針 刺 眼  毫 髮 若 差  眼 則 破 矣  願 生 生 居 學 
ZH_X68_1319_018:0721b08	地而自煅煉。佛眼因以偈美之。	018	地 而 自 煅 煉  佛 眼 因 以 偈 美 之  
ZH_X68_1319_018:0721b09	護聖居靜禪師	018	護 聖 居 靜 禪 師 
ZH_X68_1319_018:0721b10	師年十四禮白馬安慧為師。聞南堂道望。遂往依焉。	018	師 年 十 四 禮 白 馬 安 慧 為 師  聞 南 堂 道 望  遂 往 依 焉  
ZH_X68_1319_018:0721b11	南堂舉香嚴枯木裏龍吟話往返酬詰。師於言下大	018	南 堂 舉 香 嚴 枯 木 裏 龍 吟 話 往 返 酬 詰  師 於 言 下 大 
ZH_X68_1319_018:0721b12	悟。一日。南堂問曰。莫守寒巖異草青。坐却白雲宗不	018	悟  一 日  南 堂 問 曰  莫 守 寒 巖 異 草 青  坐 却 白 雲 宗 不 
ZH_X68_1319_018:0721b13	妙。汝作麼生。　師曰。直須揮劍。若不揮劍。漁父棲巢。　南	018	妙  汝 作 麼 生   師 曰  直 須 揮 劍  若 不 揮 劍  漁 父 棲 巢   南 
ZH_X68_1319_018:0721b14	堂矍然曰。這小廝兒。師珍重便行。	018	堂 矍 然 曰  這 小 廝 兒  師 珍 重 便 行  
ZH_X68_1319_018:0721b15	開先智和尚	018	開 先 智 和 尚 
ZH_X68_1319_018:0721b16	示眾曰。宗之與教權道。佛之與祖強名。受教傳心。俱	018	示 眾 曰  宗 之 與 教 權 道  佛 之 與 祖 強 名  受 教 傳 心  俱 
ZH_X68_1319_018:0721b17	為虗妄。求真覓實。轉更參差。若取自己自心為究竟。	018	為 虗 妄  求 真 覓 實  轉 更 參 差  若 取 自 己 自 心 為 究 竟  
ZH_X68_1319_018:0721b18	必有他物他人作對治。　時有僧問。如何則是。　曰。是則	018	必 有 他 物 他 人 作 對 治   時 有 僧 問  如 何 則 是   曰  是 則 
ZH_X68_1319_018:0721b19	有非。　云。如何得入。　曰。汝何劫在外頭。　問。如何是佛。　曰。	018	有 非   云  如 何 得 入   曰  汝 何 劫 在 外 頭   問  如 何 是 佛   曰  
ZH_X68_1319_018:0721b20	汝喚那箇作眾生。　云。與麼則無佛無眾生也。　曰。者眾	018	汝 喚 那 箇 作 眾 生   云  與 麼 則 無 佛 無 眾 生 也   曰  者 眾 
ZH_X68_1319_018:0721b21	生。　問。如何是平常心。　曰。蜂蠆狼貪。　云。與麼則全眾生	018	生   問  如 何 是 平 常 心   曰  蜂 蠆 狼 貪   云  與 麼 則 全 眾 生 
ZH_X68_1319_018:0721b22	心也。　曰。你道那箇是平常心。　云。不會。　曰。汝他後會去	018	心 也   曰  你 道 那 箇 是 平 常 心   云  不 會   曰  汝 他 後 會 去 
ZH_X68_1319_018:0721b23	在。　問。四大何緣有形。　曰。你道虗空何緣無像。　云。到者	018	在   問  四 大 何 緣 有 形   曰  你 道 虗 空 何 緣 無 像   云  到 者 
ZH_X68_1319_018:0721b24	裏却不會。　曰。我也不會。又曰。汝道汝不會與我不會。	018	裏 却 不 會   曰  我 也 不 會  又 曰  汝 道 汝 不 會 與 我 不 會  
ZH_X68_1319_018:0721c01	是一是二。　云。乞和尚慈悲。　曰。我早晚曾罵辱汝。　問。如	018	是 一 是 二   云  乞 和 尚 慈 悲   曰  我 早 晚 曾 罵 辱 汝   問  如 
ZH_X68_1319_018:0721c02	何是大道。　曰。我無小徑。　云。如何是小徑。　曰。我不知有	018	何 是 大 道   曰  我 無 小 徑   云  如 何 是 小 徑   曰  我 不 知 有 
ZH_X68_1319_018:0721c03	大道。　問。和尚見處如何。　曰。非汝境界。　云。學人見處如	018	大 道   問  和 尚 見 處 如 何   曰  非 汝 境 界   云  學 人 見 處 如 
ZH_X68_1319_018:0721c04	何。　曰。取我處分又爭得。　云。乞師指授。　曰。我長劫來不	018	何   曰  取 我 處 分 又 爭 得   云  乞 師 指 授   曰  我 長 劫 來 不 
ZH_X68_1319_018:0721c05	曾蒙蔽汝。	018	曾 蒙 蔽 汝  
ZH_X68_1319_018:0721c06	龍圖王蕭居士	018	龍 圖 王 蕭 居 士 
ZH_X68_1319_018:0721c07	居士字觀復。留昭覺日。聞開靜板聲。有省。問南堂曰。	018	居 士 字 觀 復  留 昭 覺 日  聞 開 靜 板 聲  有 省  問 南 堂 曰  
ZH_X68_1319_018:0721c08	某有箇見處。纔被人問。却開口不得。未審過在甚處。	018	某 有 箇 見 處  纔 被 人 問  却 開 口 不 得  未 審 過 在 甚 處  
ZH_X68_1319_018:0721c09	　南堂曰。過在有箇見處。南堂却問。朝斾幾時到任。　公	018	 南 堂 曰  過 在 有 箇 見 處  南 堂 却 問  朝 斾 幾 時 到 任   公 
ZH_X68_1319_018:0721c10	曰。去年八月四日。　南堂曰。自按察幾時離衙。　公曰。前	018	曰  去 年 八 月 四 日   南 堂 曰  自 按 察 幾 時 離 衙   公 曰  前 
ZH_X68_1319_018:0721c11	月二十。　南堂曰。為甚麼道開口不得。公乃契悟。	018	月 二 十   南 堂 曰  為 甚 麼 道 開 口 不 得  公 乃 契 悟  
ZH_X68_1319_018:0721c12	南臺安和尚	018	南 臺 安 和 尚 
ZH_X68_1319_018:0721c13	因僧問。寂寂無依時如何。　曰。寂寂底呢。因有頌曰。南	018	因 僧 問  寂 寂 無 依 時 如 何   曰  寂 寂 底 呢  因 有 頌 曰  南 
ZH_X68_1319_018:0721c14	臺靜坐一爐香。終日凝然萬慮忘。不是息心除忘想。	018	臺 靜 坐 一 爐 香  終 日 凝 然 萬 慮 忘  不 是 息 心 除 忘 想  
ZH_X68_1319_018:0721c15	都緣無事可思量。	018	都 緣 無 事 可 思 量  
ZH_X68_1319_018:0721c16	法輪添禪師	018	法 輪 添 禪 師 
ZH_X68_1319_018:0721c17	上堂。喝一喝。曰。獅子哮吼。又喝一喝。曰。象王嚬呻。又	018	上 堂  喝 一 喝  曰  獅 子 哮 吼  又 喝 一 喝  曰  象 王 嚬 呻  又 
ZH_X68_1319_018:0721c18	喝一喝。曰。狂狗趁塊。又喝一喝。曰。鰕跳不出斗。乃曰。	018	喝 一 喝  曰  狂 狗 趁 塊  又 喝 一 喝  曰  鰕 跳 不 出 斗  乃 曰  
ZH_X68_1319_018:0721c19	此四喝。有一喝堪與祖佛為師。明眼衲僧試請揀看。	018	此 四 喝  有 一 喝 堪 與 祖 佛 為 師  明 眼 衲 僧 試 請 揀 看  
ZH_X68_1319_018:0721c20	若揀不出。大似日中迷路。	018	若 揀 不 出  大 似 日 中 迷 路  
ZH_X68_1319_018:0721c21	光孝深禪師	018	光 孝 深 禪 師 
ZH_X68_1319_018:0721c22	上堂。維摩一默。普賢廣說。歷代聖人。互呈醜拙。君不	018	上 堂  維 摩 一 默  普 賢 廣 說  歷 代 聖 人  互 呈 醜 拙  君 不 
ZH_X68_1319_018:0721c23	見落華三月子規啼。一聲聲是一點血。	018	見 落 華 三 月 子 規 啼  一 聲 聲 是 一 點 血  
ZH_X68_1319_018:0721c24	上堂。風蕭蕭。葉飄飄。雲片片。水茫茫。江干獨立向誰	018	上 堂  風 蕭 蕭  葉 飄 飄  雲 片 片  水 茫 茫  江 干 獨 立 向 誰 
ZH_X68_1319_018:0722a01	說。天外飛鴻三兩行。	018	說  天 外 飛 鴻 三 兩 行  
ZH_X68_1319_018:0722a02	中竺癡禪玄妙禪師	018	中 竺 癡 禪 玄 妙 禪 師 
ZH_X68_1319_018:0722a03	僧問。如何是截斷眾流句。　師曰。佛祖開口無分。　曰。如	018	僧 問  如 何 是 截 斷 眾 流 句   師 曰  佛 祖 開 口 無 分   曰  如 
ZH_X68_1319_018:0722a04	何是函葢乾坤句。　師曰。匝地普天。　曰。如何是隨波逐	018	何 是 函 葢 乾 坤 句   師 曰  匝 地 普 天   曰  如 何 是 隨 波 逐 
ZH_X68_1319_018:0722a05	浪句。　師曰。有時入荒草。有時上孤峰。	018	浪 句   師 曰  有 時 入 荒 草  有 時 上 孤 峰  
