segmentnr	original	folio	analyzed
ZH_X50_0819_003:0171a15	成唯識論疏抄卷第三	003	成 唯 識 論 疏 抄 卷 第 三 
ZH_X50_0819_003:0171a17	北京　靈泰　撰	003	北 京  靈 泰  撰 
ZH_X50_0819_003:0171a18	第二論云有三有為之有為相者。有三有為。即是所	003	第 二 論 云 有 三 有 為 之 有 為 相 者  有 三 有 為  即 是 所 
ZH_X50_0819_003:0171a19	相有為體也。三有為者。即是能相。謂生住異是也。也	003	相 有 為 體 也  三 有 為 者  即 是 能 相  謂 生 住 異 是 也  也 
ZH_X50_0819_003:0171a20	云重言有為者。顯有為是生滅法。不表有為有無善	003	云 重 言 有 為 者  顯 有 為 是 生 滅 法  不 表 有 為 有 無 善 
ZH_X50_0819_003:0171a21	惡也。	003	惡 也  
ZH_X50_0819_003:0171a22	疏云非如童女表其善惡。解云。小女若面首端正。好	003	疏 云 非 如 童 女 表 其 善 惡  解 云  小 女 若 面 首 端 正  好 
ZH_X50_0819_003:0171a23	生男女。亦好名善。此小女若面首醜惡。生男女亦惡。	003	生 男 女  亦 好 名 善  此 小 女 若 面 首 醜 惡  生 男 女 亦 惡  
ZH_X50_0819_003:0171a24	此如能表男女之善惡也。俱舍二說初云除住乃至	003	此 如 能 表 男 女 之 善 惡 也  俱 舍 二 說 初 云 除 住 乃 至 
ZH_X50_0819_003:0171b01	為令生厭與異合說者。問此二師所說。有何別。答然	003	為 令 生 厭 與 異 合 說 者  問 此 二 師 所 說  有 何 別  答 然 
ZH_X50_0819_003:0171b02	初師即說三相者。或時除住相。但說生異滅三相。如	003	初 師 即 說 三 相 者  或 時 除 住 相  但 說 生 異 滅 三 相  如 
ZH_X50_0819_003:0171b03	疏中說除住。所以或時。住相即是異相之別名。故住	003	疏 中 說 除 住  所 以 或 時  住 相 即 是 異 相 之 別 名  故 住 
ZH_X50_0819_003:0171b04	即是異。由如生亦名生起。生是起之異名。滅亦名為	003	即 是 異  由 如 生 亦 名 生 起  生 是 起 之 異 名  滅 亦 名 為 
ZH_X50_0819_003:0171b05	滅。亦斷名滅盡。盡即是滅之異名。今此住與異亦爾。	003	滅  亦 斷 名 滅 盡  盡 即 是 滅 之 異 名  今 此 住 與 異 亦 爾  
ZH_X50_0819_003:0171b06	即亦名為異。亦名住異也。故住是異之別名故。經但	003	即 亦 名 為 異  亦 名 住 異 也  故 住 是 異 之 別 名 故  經 但 
ZH_X50_0819_003:0171b07	說三相。第二師即住與異合說。亦不說住是異之別	003	說 三 相  第 二 師 即 住 與 異 合 說  亦 不 說 住 是 異 之 別 
ZH_X50_0819_003:0171b08	名。亦不說除住故。二師別也。無為有自相住者。即體	003	名  亦 不 說 除 住 故  二 師 別 也  無 為 有 自 相 住 者  即 體 
ZH_X50_0819_003:0171b09	凝然常住相監彼者。若說住作有為相。謂言無為住	003	凝 然 常 住 相 監 彼 者  若 說 住 作 有 為 相  謂 言 無 為 住 
ZH_X50_0819_003:0171b10	稱無為。亦是有為家能能相。	003	稱 無 為  亦 是 有 為 家 能 能 相  
ZH_X50_0819_003:0171b11	疏云如示黑耳與吉祥俱。解云。西方說黑耳者。如人	003	疏 云 如 示 黑 耳 與 吉 祥 俱  解 云  西 方 說 黑 耳 者  如 人 
ZH_X50_0819_003:0171b12	間說為赤鼻相似。涅槃經中。說功德天黑闇。天喻於	003	間 說 為 赤 鼻 相 似  涅 槃 經 中  說 功 德 天 黑 闇  天 喻 於 
ZH_X50_0819_003:0171b13	生死。黑耳喻死。吉祥喻生。此處喻於住異。吉祥喻住	003	生 死  黑 耳 喻 死  吉 祥 喻 生  此 處 喻 於 住 異  吉 祥 喻 住 
ZH_X50_0819_003:0171b14	相。黑耳喻異相。謂有為之起亦可了知者。此即經文。	003	相  黑 耳 喻 異 相  謂 有 為 之 起 亦 可 了 知 者  此 即 經 文  
ZH_X50_0819_003:0171b15	此經當時。佛第難陁。說為難陁取得端正婦。心生愛	003	此 經 當 時  佛 第 難 陁  說 為 難 陁 取 得 端 正 婦  心 生 愛 
ZH_X50_0819_003:0171b16	著。不旨出家。佛即難陁說法言。有為之法。剎那剎那	003	著  不 旨 出 家  佛 即 難 陁 說 法 言  有 為 之 法  剎 那 剎 那 
ZH_X50_0819_003:0171b17	念念生滅。為說四相。有為之起。亦可了知。盡及住異	003	念念生滅  為 說 四 相  有 為 之 起  亦 可 了 知  盡 及 住 異 
ZH_X50_0819_003:0171b18	亦可了知。起者即是生相。盡者即是滅相。嗢陁南者。	003	亦 可 了 知  起 者 即 是 生 相  盡 者 即 是 滅 相  嗢 陁 南 者  
ZH_X50_0819_003:0171b19	此云集施。即集散義。以施眾生。謂弟子說生滅法者。	003	此 云 集 施  即 集 散 義  以 施 眾 生  謂 弟 子 說 生 滅 法 者  
ZH_X50_0819_003:0171b20	意令諸弟子。作無常觀。令厭生死。即修苦諦中無常	003	意 令 諸 弟 子  作 無 常 觀  令 厭 生 死  即 修 苦 諦 中 無 常 
ZH_X50_0819_003:0171b21	行也。八十一云。有起盡者起中。即攝得生住異三。生	003	行 也  八 十 一 云  有 起 盡 者 起 中  即 攝 得 生 住 異 三  生 
ZH_X50_0819_003:0171b22	住異三。能起諸法。盡者即是滅相。故起盡中。亦攝得	003	住 異 三  能 起 諸 法  盡 者 即 是 滅 相  故 起 盡 中  亦 攝 得 
ZH_X50_0819_003:0171b23	四相也。若由此相起厭思惟乃至離欲解脫者。若諸	003	四 相 也  若 由 此 相 起 厭 思 惟 乃 至 離 欲 解 脫 者  若 諸 
ZH_X50_0819_003:0171b24	弟子。起厭思惟。能離貪欲。而得解脫。解脫者即得擇	003	弟 子  起 厭 思 惟  能 離 貪 欲  而 得 解 脫  解 脫 者 即 得 擇 
ZH_X50_0819_003:0171c01	滅。故經即說為四相也。此非即是四中滅相。亦兼生	003	滅  故 經 即 說 為 四 相 也  此 非 即 是 四 中 滅 相  亦 兼 生 
ZH_X50_0819_003:0171c02	故。住異與生。同一世有故合說者。然前說無常為一	003	故  住 異 與 生  同 一 世 有 故 合 說 者  然 前 說 無 常 為 一 
ZH_X50_0819_003:0171c03	相者。其無常非是四相。為無常也。即取四相。總名無	003	相 者  其 無 常 非 是 四 相  為 無 常 也  即 取 四 相  總 名 無 
ZH_X50_0819_003:0171c04	常。即前文言無非恒無。所以言生生中即。攝得生住	003	常  即 前 文 言 無 非 恒 無  所 以 言 生 生 中 即  攝 得 生 住 
ZH_X50_0819_003:0171c05	異三也。即住異與生合說。以同一世故。總名為生攝	003	異 三 也  即 住 異 與 生 合 說  以 同 一 世 故  總 名 為 生 攝 
ZH_X50_0819_003:0171c06	故。言所以言生即非恒有所以言生滅者。滅即是四	003	故  言 所 以 言 生 即 非 恒 有 所 以 言 生 滅 者  滅 即 是 四 
ZH_X50_0819_003:0171c07	相中滅相故。生滅總攝得四想故。生滅總名無常也。	003	相 中 滅 相 故  生 滅 總 攝 得 四 想 故  生 滅 總 名 無 常 也  
ZH_X50_0819_003:0171c08	故此無常不唯取四相中滅相。亦攝得四相也。無為	003	故 此 無 常 不 唯 取 四 相 中 滅 相  亦 攝 得 四 相 也  無 為 
ZH_X50_0819_003:0171c09	有而恒有。所以不成戎菟角。無而恒無。所以不生也。	003	有 而 恒 有  所 以 不 成 戎 菟 角  無 而 恒 無  所 以 不 生 也  
ZH_X50_0819_003:0171c10	瑜伽論說乃至建立滅品者。若生住異同一處說此	003	瑜 伽 論 說 乃 至 建 立 滅 品 者  若 生 住 異 同 一 處 說 此 
ZH_X50_0819_003:0171c11	住異相。由生相顯故。故立一分生品。品者品類。此生	003	住 異 相  由 生 相 顯 故  故 立 一 分 生 品  品 者 品 類  此 生 
ZH_X50_0819_003:0171c12	住異相。即是生相家品性抄相。建立一分抄品。品者	003	住 異 相  即 是 生 相 家 品 性 抄 相  建 立 一 分 抄 品  品 者 
ZH_X50_0819_003:0171c13	品類此。抄相即是抄家品類。又無常相乃至說二所	003	品 類 此  抄 相 即 是 抄 家 品 類  又 無 常 相 乃 至 說 二 所 
ZH_X50_0819_003:0171c14	以者。若說無常相。即是此間說生滅二相所以。	003	以 者  若 說 無 常 相  即 是 此 間 說 生 滅 二 相 所 以  
ZH_X50_0819_003:0171c15	疏云似同俱舍第二師然世不同。解云。然世不同者。	003	疏 云 似 同 俱 舍 第 二 師 然 世 不 同  解 云  然 世 不 同 者  
ZH_X50_0819_003:0171c16	若大乘中。即住異合說。合說似同。俱舍第二師。即前	003	若 大 乘 中  即 住 異 合 說  合 說 似 同  俱 舍 第 二 師  即 前 
ZH_X50_0819_003:0171c17	三相。然世不同者。若大乘中即說。生住異現在世。滅	003	三 相  然 世 不 同 者  若 大 乘 中 即 說  生 住 異 現 在 世  滅 
ZH_X50_0819_003:0171c18	相在過去世。若小乘薩婆多即說。生相在未來。住異	003	相 在 過 去 世  若 小 乘 薩 婆 多 即 說  生 相 在 未 來  住 異 
ZH_X50_0819_003:0171c19	滅三在現在世。說四相者。義用四故者。即下論文。自	003	滅 三 在 現 在 世  說 四 相 者  義 用 四 故 者  即 下 論 文  自 
ZH_X50_0819_003:0171c20	解四相。謂生表有法先非有等。又說初有名為生。后	003	解 四 相  謂 生 表 有 法 先 非 有 等  又 說 初 有 名 為 生  后 
ZH_X50_0819_003:0171c21	無名滅等。皆是釋四相也。祠受之鉢等。今為作不定	003	無 名 滅 等  皆 是 釋 四 相 也  祠 受 之 鉢 等  今 為 作 不 定 
ZH_X50_0819_003:0171c22	過者。為如色心之體有第六轉言故。云有為相無別	003	過 者  為 如 色 心 之 體 有 第 六 轉 言 故  云 有 為 相 無 別 
ZH_X50_0819_003:0171c23	體耶。為如天受之衣。有第六轉言故。云有為相有別	003	體 耶  為 如 天 受 之 衣  有 第 六 轉 言 故  云 有 為 相 有 別 
ZH_X50_0819_003:0171c24	體耶。亦為將名名字之體。地之堅性皆得審。若俱舍	003	體 耶  亦 為 將 名 名 字 之 體  地 之 堅 性 皆 得 審  若 俱 舍 
ZH_X50_0819_003:0172a01	中。即名名字之體。若此論中。即言色心之體。返成生	003	中  即 名 名 字 之 體  若 此 論 中  即 言 色 心 之 體  返 成 生 
ZH_X50_0819_003:0172a02	等。非離於法者。又量云之有為相定無別體。有之言	003	等  非 離 於 法 者  又 量 云 之 有 為 相 定 無 別 體  有 之 言 
ZH_X50_0819_003:0172a03	故。如名字之體。	003	故  如 名 字 之 體  
ZH_X50_0819_003:0172a04	疏云然遮生等定別有法。決定相違者之有為相言	003	疏 云 然 遮 生 等 定 別 有 法  決定相違 者 之 有 為 相 言 
ZH_X50_0819_003:0172a05	定無別體。有第六轉言。如色心之體。	003	定 無 別 體  有 第 六 轉 言  如 色 心 之 體  
ZH_X50_0819_003:0172a06	疏云大士體。即眾同分。大士相。謂三十二相。解云。若	003	疏 云 大 士 體  即 眾 同 分  大 士 相  謂 三十二相  解 云  若 
ZH_X50_0819_003:0172a07	薩婆多大士眾同分體。是實有。同眾分為能相。三十	003	薩 婆 多 大 士 眾 同 分 體  是 實 有  同 眾 分 為 能 相  三 十 
ZH_X50_0819_003:0172a08	二相為所相。此例生等。為能相。有為為所有。能相俱	003	二 相 為 所 相  此 例 生 等  為 能 相  有 為 為 所 有  能 相 俱 
ZH_X50_0819_003:0172a09	成假故即成。若以三十二相為能相。眾同分為所相。	003	成 假 故 即 成  若 以 三十二相 為 能 相  眾 同 分 為 所 相  
ZH_X50_0819_003:0172a10	即例生等不成。豈可能相是實。所相是假故。以眾同	003	即 例 生 等 不 成  豈 可 能 相 是 實  所 相 是 假 故  以 眾 同 
ZH_X50_0819_003:0172a11	為能相。三十二相。為所相也。如烟表火。火為能相。烟	003	為 能 相  三十二相  為 所 相 也  如 烟 表 火  火 為 能 相  烟 
ZH_X50_0819_003:0172a12	為所相。	003	為 所 相  
ZH_X50_0819_003:0172a13	疏云大乘經部。皆不許知所解故。解云。大乘釋大士	003	疏 云 大 乘 經 部  皆 不 許 知 所 解 故  解 云  大 乘 釋 大 士 
ZH_X50_0819_003:0172a14	眾同分。是假三十二相。即是實有。即如眉間白毫相。	003	眾 同 分  是 假 三十二相  即 是 實 有  即 如 眉間白毫相  
ZH_X50_0819_003:0172a15	白色是實。餘者皆假。若經部師元。不立有眾同分。	003	白 色 是 實  餘 者 皆 假  若 經 部 師 元  不 立 有 眾 同 分  
ZH_X50_0819_003:0172a16	疏云故俱舍中返以為難云。然大士相異於大士等。	003	疏 云 故 俱 舍 中 返 以 為 難 云  然 大 士 相 異 於 大 士 等  
ZH_X50_0819_003:0172a17	乃至作不定過等。彼論中天親菩薩。明經部難薩婆	003	乃 至 作 不 定 過 等  彼 論 中 天 親 菩 薩  明 經 部 難 薩 婆 
ZH_X50_0819_003:0172a18	多云。角峯蹄胡尾不異。於中相非大士相。異於大士	003	多 云  角 峯 蹄 胡 尾 不 異  於 中 相 非 大 士 相  異 於 大 士 
ZH_X50_0819_003:0172a19	相。非有為相異。所相猶等如相中之法。有五種。一若	003	相  非 有 為 相 異  所 相 猶 等 如 相 中 之 法  有 五 種  一 若 
ZH_X50_0819_003:0172a20	中角細小。其中即扶好。若中角麤大。其中即惡。二峯	003	中 角 細 小  其 中 即 扶 好  若 中 角 麤 大  其 中 即 惡  二 峯 
ZH_X50_0819_003:0172a21	者。即中頭上有峯。如五舛方譯大。即是好中元者。即	003	者  即 中 頭 上 有 峯  如 五 舛 方 譯 大  即 是 好 中 元 者  即 
ZH_X50_0819_003:0172a22	惡三諦。若中蹄中原大。即是好中。中若薄蹄甲。即是	003	惡 三 諦  若 中 蹄 中 原 大  即 是 好 中  中 若 薄 蹄 甲  即 是 
ZH_X50_0819_003:0172a23	惡中四中即。中頭下彼乘地。即好中五者。尾若中與	003	惡 中 四 中 即  中 頭 下 彼 乘 地  即 好 中 五 者  尾 若 中 與 
ZH_X50_0819_003:0172a24	尾翠育平尾長垂地。即是好中。若飜五相。即是惡中。	003	尾 翠 育 平 尾 長 垂 地  即 是 好 中  若 飜 五 相  即 是 惡 中  
ZH_X50_0819_003:0172b01	此五相。不異於中也。今於滿中。與彼難別汝大士。相	003	此 五 相  不 異 於 中 也  今 於 滿 中  與 彼 難 別 汝 大 士  相 
ZH_X50_0819_003:0172b02	為及有為能相。非別有體。有之言故。如色心之體。設	003	為 及 有 為 能 相  非 別 有 體  有 之 言 故  如 色 心 之 體  設 
ZH_X50_0819_003:0172b03	彼立量云。大士相及有為相。定別有體。即之言故。如	003	彼 立 量 云  大 士 相 及 有 為 相  定 別 有 體  即 之 言 故  如 
ZH_X50_0819_003:0172b04	烟之火。今與彼作不定云為如色心之體有之言。大	003	烟 之 火  今 與 彼 作 不 定 云 為 如 色 心 之 體 有 之 言  大 
ZH_X50_0819_003:0172b05	士相無別體。為如烟火之相有之言故。大士相有別	003	士 相 無 別 體  為 如 烟 火 之 相 有 之 言 故  大 士 相 有 別 
ZH_X50_0819_003:0172b06	體二處難。各別大士者。即是輪王及佛輪王。能通領	003	體 二 處 難  各 別 大 士 者  即 是 輪 王 及 佛 輪 王  能 通 領 
ZH_X50_0819_003:0172b07	四天下。名大士。大士相者。即是三十二相也。令非無	003	四 天 下  名 大 士  大 士 相 者  即 是 三十二相 也  令 非 無 
ZH_X50_0819_003:0172b08	一切者。其烟與火。遠能所相別也。然今論主亦有應	003	一 切 者  其 烟 與 火  遠 能 所 相 別 也  然 今 論 主 亦 有 應 
ZH_X50_0819_003:0172b09	然乃至有無者故者。此文即是薩婆多。難大乘也。彼	003	然 乃 至 有 無 者 故 者  此 文 即 是 薩 婆 多  難 大 乘 也  彼 
ZH_X50_0819_003:0172b10	斷曰。汝大乘於有為法上。直有假四相。亦應無為法	003	斷 曰  汝 大 乘 於 有 為 法 上  直 有 假 四 相  亦 應 無 為 法 
ZH_X50_0819_003:0172b11	上。有假四相。若論主有說有為法上。立假四相。無為	003	上  有 假 四 相  若 論 主 有 說 有 為 法 上  立 假 四 相  無 為 
ZH_X50_0819_003:0172b12	法上。無假四相者。我宗亦然。於有為上。即立有實四	003	法 上  無 假 四 相 者  我 宗 亦 然  於 有 為 上  即 立 有 實 四 
ZH_X50_0819_003:0172b13	相故。云亦有有者。其無為上。不立有實四相故。有無	003	相 故  云 亦 有 有 者  其 無 為 上  不 立 有 實 四 相 故  有 無 
ZH_X50_0819_003:0172b14	者故也。有為有變異者。乃至何法。立假相者。此文即	003	者 故 也  有 為 有 變 異 者  乃 至 何 法  立 假 相 者  此 文 即 
ZH_X50_0819_003:0172b15	是大乘師。與他小乘解也。然有為法。有變異。有眾多	003	是 大 乘 師  與 他 小 乘 解 也  然 有 為 法  有 變 異  有 眾 多 
ZH_X50_0819_003:0172b16	差別故。故有為上。立假四相。無為猶不變異。又無多	003	差 別 故  故 有 為 上  立 假 四 相  無 為 猶 不 變 異  又 無 多 
ZH_X50_0819_003:0172b17	差別故。故無為上。不立假四相無。為為生無老無滅	003	差 別 故  故 無 為 上  不 立 假 四 相 無  為 為 生 無 老 無 滅 
ZH_X50_0819_003:0172b18	等。亦應無為之上。立此三法為能相。無為名所相。體	003	等  亦 應 無 為 之 上  立 此 三 法 為 能 相  無 為 名 所 相  體 
ZH_X50_0819_003:0172b19	無起盡乃至此義應思者。此文即是大乘解也。然無	003	無 起 盡 乃 至 此 義 應 思 者  此 文 即 是 大 乘 解 也  然 無 
ZH_X50_0819_003:0172b20	為體無起盡。又非多法。猶分位差別故。於無為上。不	003	為 體 無 起 盡  又 非 多 法  猶 分位差別 故  於 無 為 上  不 
ZH_X50_0819_003:0172b21	立假相。其有為體有生滅。又是多法故。有為上立假	003	立 假 相  其 有 為 體 有 生 滅  又 是 多 法 故  有 為 上 立 假 
ZH_X50_0819_003:0172b22	相也。外人復云。乃至故與能相合者。此文即是薩婆	003	相 也  外 人 復 云  乃 至 故 與 能 相 合 者  此 文 即 是 薩 婆 
ZH_X50_0819_003:0172b23	多師。立理並解也。然有為墮三世故。所相有為法。即	003	多 師  立 理 並 解 也  然 有 為 墮 三 世 故  所 相 有 為 法  即 
ZH_X50_0819_003:0172b24	與生住等能相。令然無為。不墮三世。故云無為法。不	003	與 生 住 等 能 相  令 然 無 為  不 墮 三 世  故 云 無 為 法  不 
ZH_X50_0819_003:0172c01	與生住等能相合此。亦不能乃至非立相合者。此文	003	與 生 住 等 能 相 合 此  亦 不 能 乃 至 非 立 相 合 者  此 文 
ZH_X50_0819_003:0172c02	即是大乘難薩婆多曰。有為墮世。即與墮世等四相	003	即 是 大 乘 難 薩 婆 多 曰  有 為 墮 世  即 與 墮 世 等 四 相 
ZH_X50_0819_003:0172c03	合。若無為不墮世。應即與無生無滅等。非世相合。大	003	合  若 無 為 不 墮 世  應 即 與 無生無滅 等  非 世 相 合  大 
ZH_X50_0819_003:0172c04	乘應亦乃至墮世無假相者。此文即是薩婆多。却質	003	乘 應 亦 乃 至 墮 世 無 假 相 者  此 文 即 是 薩 婆 多  却 質 
ZH_X50_0819_003:0172c05	難大乘曰。無為不墮世。不墮世故無假相有為既墮	003	難 大 乘 曰  無 為 不 墮 世  不 墮 世 故 無 假 相 有 為 既 墮 
ZH_X50_0819_003:0172c06	墮世無假相。此難不然。乃至何得立假相者。此文即	003	墮 世 無 假 相  此 難 不 然  乃 至 何 得 立 假 相 者  此 文 即 
ZH_X50_0819_003:0172c07	是大乘解也。若有眾多差別法。又墮世有為法。可立	003	是 大 乘 解 也  若 有 眾 多 差 別 法  又 墮 世 有 為 法  可 立 
ZH_X50_0819_003:0172c08	假相。無多差別。又不墮世無為故不立。	003	假 相  無 多 差 別  又 不 墮 世 無 為 故 不 立  
ZH_X50_0819_003:0172c09	疏云住等三用比量亦然者。量云。汝住用時。異滅用	003	疏 云 住 等 三 用 比 量 亦 然 者  量 云  汝 住 用 時  異 滅 用 
ZH_X50_0819_003:0172c10	應起體現有故。如住汝異滅起用時。生住用應起體	003	應 起 體 現 有 故  如 住 汝 異 滅 起 用 時  生 住 用 應 起 體 
ZH_X50_0819_003:0172c11	現有故。如異滅他宗用是。此上古薩婆多師四相。用	003	現 有 故  如 異 滅 他 宗 用 是  此 上 古 薩 婆 多 師 四 相  用 
ZH_X50_0819_003:0172c12	違前後不起。乃至不及前法者。若古薩婆多師。四相	003	違 前 後 不 起  乃 至 不 及 前 法 者  若 古 薩 婆 多 師  四 相 
ZH_X50_0819_003:0172c13	用違故。即立四相。橫布前後。別起未來。初起生相。過	003	用 違 故  即 立 四 相  橫 布 前 後  別 起 未 來  初 起 生 相  過 
ZH_X50_0819_003:0172c14	現在時。初起住相。次及異相。後起滅相。即四相前後	003	現 在 時  初 起 住 相  次 及 異 相  後 起 滅 相  即 四 相 前 後 
ZH_X50_0819_003:0172c15	橫起。即彼世親菩薩等。難古薩婆多曰。色中至小一	003	橫 起  即 彼 世 親 菩 薩 等  難 古 薩 婆 多 曰  色 中 至 小 一 
ZH_X50_0819_003:0172c16	極微。即許無方分時中。極住一剎那。如何三相前後	003	極 微  即 許 無 方 分 時 中  極 住 一 剎 那  如 何 三 相 前 後 
ZH_X50_0819_003:0172c17	起。若現在極住一剎那。即許三相前後起。亦可色中。	003	起  若 現 在 極 住 一 剎 那  即 許 三 相 前 後 起  亦 可 色 中  
ZH_X50_0819_003:0172c18	極小一極微。微應有方分。其正理師。見古師被難已。	003	極 小 一 極 微  微 應 有 方 分  其 正 理 師  見 古 師 被 難 已  
ZH_X50_0819_003:0172c19	即救言。現在住異滅三相堅一時並故起。若住相。即	003	即 救 言  現 在 住 異 滅 三 相 堅 一 時 並 故 起  若 住 相  即 
ZH_X50_0819_003:0172c20	能引後念等。勝等流果。若異衰其力。能引後念。劣等	003	能 引 後 念 等  勝 等 流 果  若 異 衰 其 力  能 引 後 念  劣 等 
ZH_X50_0819_003:0172c21	流果滅法也。故知。現在世一剎那三相俱時起。言等	003	流 果 滅 法 也  故 知  現 在 世 一 剎 那 三 相 俱 時 起  言 等 
ZH_X50_0819_003:0172c22	流果。即與或等或勝為等流果。如下品。法為因。能引	003	流 果  即 與 或 等 或 勝 為 等 流 果  如 下 品  法 為 因  能 引 
ZH_X50_0819_003:0172c23	下品中品法為因。唯引上品果。必無上品為因。而引	003	下 品 中 品 法 為 因  唯 引 上 品 果  必 無 上 品 為 因  而 引 
ZH_X50_0819_003:0172c24	下品果也。問其異相滅相。能引等流果。不然。薩婆多	003	下 品 果 也  問 其 異 相 滅 相  能 引 等 流 果  不 然  薩 婆 多 
ZH_X50_0819_003:0173a01	師說。未來世中。亦有生住異滅四相體。然不別起起	003	師 說  未 來 世 中  亦 有 生住異滅 四 相 體  然 不 別 起 起 
ZH_X50_0819_003:0173a02	作用。然四相。從現在落入過去世中。過去世中亦有	003	作 用  然 四 相  從 現 在 落 入 過 去 世 中  過 去 世 中 亦 有 
ZH_X50_0819_003:0173a03	住異滅四相。四相體仍有而不滅。即現在中。起住。異	003	住 異 滅 四 相  四 相 體 仍 有 而 不 滅  即 現 在 中  起 住  異 
ZH_X50_0819_003:0173a04	滅之作用。然說未來法。欲後至現在時。即生相而有	003	滅 之 作 用  然 說 未 來 法  欲 後 至 現 在 時  即 生 相 而 有 
ZH_X50_0819_003:0173a05	作用。若邊現在世。即同時而有住異滅。其因有別。然	003	作 用  若 邊 現 在 世  即 同 時 而 有 住 異 滅  其 因 有 別  然 
ZH_X50_0819_003:0173a06	住相強來。能引未來等流果。其同時異滅。皆能引未	003	住 相 強 來  能 引 未 來 等 流 果  其 同 時 異 滅  皆 能 引 未 
ZH_X50_0819_003:0173a07	來等流果。其同時異滅。皆能引等流果。然住相增勝。	003	來 等 流 果  其 同 時 異 滅  皆 能 引 等 流 果  然 住 相 增 勝  
ZH_X50_0819_003:0173a08	且說住相。能取等流果。實同時異滅未來。皆引未來	003	且 說 住 相  能 取 等 流 果  實 同 時 異 滅 未 來  皆 引 未 來 
ZH_X50_0819_003:0173a09	等流。且如信根上四相在現時。即能引未來異熟果。	003	等 流  且 如 信 根 上 四 相 在 現 時  即 能 引 未 來 異 熟 果  
ZH_X50_0819_003:0173a10	亦能引未來信等。有等流果也。其同時異時相即異	003	亦 能 引 未 來 信 等  有 等 流 果 也  其 同 時 異 時 相 即 異 
ZH_X50_0819_003:0173a11	有力。能衰其力。滅相有滅。有力能滅法體故。住異滅	003	有 力  能 衰 其 力  滅 相 有 滅  有 力 能 滅 法 體 故  住 異 滅 
ZH_X50_0819_003:0173a12	三。皆同時而有。不分前後也。若爾滅相應不滅住不	003	三  皆 同 時 而 有  不 分 前 後 也  若 爾 滅 相 應 不 滅 住 不 
ZH_X50_0819_003:0173a13	相違故者。問此住要問。為屬上句下句(云云)。今用同	003	相 違 故 者  問 此 住 要 問  為 屬 上 句 下 句  云 云   今 用 同 
ZH_X50_0819_003:0173a14	體亦本來有者。然薩婆多。即計三世中。皆有生住異	003	體 亦 本 來 有 者  然 薩 婆 多  即 計 三 世 中  皆 有 生 住 異 
ZH_X50_0819_003:0173a15	滅。四相體性也。住異滅。唯現在起用也。緣謂餘三緣。	003	滅  四 相 體 性 也  住 異 滅  唯 現 在 起 用 也  緣 謂 餘 三 緣  
ZH_X50_0819_003:0173a16	三緣者。即取等無間。所緣緣。增上緣。上言緣者。即是	003	三 緣 者  即 取 等 無 間  所 緣 緣  增 上 緣  上 言 緣 者  即 是 
ZH_X50_0819_003:0173a17	因緣故。言三不言四。種子體本有。乃至理應無起者。	003	因 緣 故  言 三 不 言 四  種 子 體 本 有  乃 至 理 應 無 起 者  
ZH_X50_0819_003:0173a18	此文即是薩婆多。難大乘也。若以假故乃至實緣方	003	此 文 即 是 薩 婆 多  難 大 乘 也  若 以 假 故 乃 至 實 緣 方 
ZH_X50_0819_003:0173a19	起者。此文即是。薩婆多假破論主救。又量成己義。若	003	起 者  此 文 即 是  薩 婆 多 假 破 論 主 救  又 量 成 己 義  若 
ZH_X50_0819_003:0173a20	論主言。種子假故。要待緣合。方生我宗亦爾。諸法實	003	論 主 言  種 子 假 故  要 待 緣 合  方 生 我 宗 亦 爾  諸 法 實 
ZH_X50_0819_003:0173a21	故。要待緣方起也。汝實緣現有。何不恒時。生汝假緣	003	故  要 待 緣 方 起 也  汝 實 緣 現 有  何 不 恒 時  生 汝 假 緣 
ZH_X50_0819_003:0173a22	恒有。何不頓生者。此文即小乘。難大乘也。也云汝之	003	恒 有  何 不 頓 生 者  此 文 即 小 乘  難 大 乘 也  也 云 汝 之 
ZH_X50_0819_003:0173a23	實法何得例。然此義應思。解云。彼外難因。種子既恒	003	實 法 何 得 例  然 此 義 應 思  解 云  彼 外 難 因  種 子 既 恒 
ZH_X50_0819_003:0173a24	有三界種子。一時生五趣種子。應意起。解云。親因雖	003	有 三 界 種 子  一 時 生 五 趣 種 子  應 意 起  解 云  親 因 雖 
ZH_X50_0819_003:0173b01	是有無外緣合。則不能生。又是虗疎心。既是實。豈得	003	是 有 無 外 緣 合  則 不 能 生  又 是 虗 疎 心  既 是 實  豈 得 
ZH_X50_0819_003:0173b02	為例。故言此義思也。類親因緣體。解云。薩婆多。計過	003	為 例  故 言 此 義 思 也  類 親 因 緣 體  解 云  薩 婆 多  計 過 
ZH_X50_0819_003:0173b03	去法。與過去法。為同類因。	003	去 法  與 過 去 法  為 同 類 因  
ZH_X50_0819_003:0173b04	疏因有親疎緣法亦爾者。親因者。即相應。俱有。遍行。	003	疏 因 有 親 疎 緣 法 亦 爾 者  親 因 者  即 相 應  俱 有  遍 行  
ZH_X50_0819_003:0173b05	異熟。同類。此五因皆是因緣性。疎因者。謂能作因也。	003	異 熟  同 類  此 五 因 皆 是 因 緣 性  疎 因 者  謂 能 作 因 也  
ZH_X50_0819_003:0173b06	親緣者。謂因緣疎緣者。餘三緣也。	003	親 緣 者  謂 因 緣 疎 緣 者  餘 三 緣 也  
ZH_X50_0819_003:0173b07	疏云既有同類因。為有義義生多剎那故。過去法。與	003	疏 云 既 有 同 類 因  為 有 義 義 生 多 剎 那 故  過 去 法  與 
ZH_X50_0819_003:0173b08	現在法。為同類因。過去法。與未來法。同類因。現在法。	003	現 在 法  為 同 類 因  過 去 法  與 未 來 法  同 類 因  現 在 法  
ZH_X50_0819_003:0173b09	不與過去為同類因。何以故。果先而因後故。現在法。	003	不 與 過 去 為 同 類 因  何 以 故  果 先 而 因 後 故  現 在 法  
ZH_X50_0819_003:0173b10	不與現存為同類因。為現在唯有一剎那。所以不得	003	不 與 現 存 為 同 類 因  為 現 在 唯 有 一 剎 那  所 以 不 得 
ZH_X50_0819_003:0173b11	也。現在法。與未來法。為同類因。若未來世。無同類因。	003	也  現 在 法  與 未 來 法  為 同 類 因  若 未 來 世  無同類因  
ZH_X50_0819_003:0173b12	以是諸法。未起此同類因。唯當起五靜煩惱。各自為	003	以 是 諸 法  未 起 此 同 類 因  唯 當 起 五 靜 煩 惱  各 自 為 
ZH_X50_0819_003:0173b13	因。當界當起地為因。餘色心。為同類因。如現在心王。	003	因  當 界 當 起 地 為 因  餘 色 心  為 同 類 因  如 現 在 心 王  
ZH_X50_0819_003:0173b14	能引未來五蘊也。	003	能 引 未 來 五 蘊 也  
ZH_X50_0819_003:0173b15	疏云有為亦然此中比量返覆可知。解云。汝有為法。	003	疏 云 有 為 亦 然 此 中 比 量 返 覆 可 知  解 云  汝 有 為 法  
ZH_X50_0819_003:0173b16	應無生等。合體恒有故。如無為汝無為應生等。合體	003	應 無 生 等  合 體 恒 有 故  如 無 為 汝 無 為 應 生 等  合 體 
ZH_X50_0819_003:0173b17	恒有故。如有為也。	003	恒 有 故  如 有 為 也  
ZH_X50_0819_003:0173b18	疏云非常之言簡無為法。解云。若不言非常。若但言	003	疏 云 非 常 之 言 簡 無 為 法  解 云  若 不 言 非 常  若 但 言 
ZH_X50_0819_003:0173b19	去來世。定非實有因云非現故。即無為不落三世。即	003	去 來 世  定 非 實 有 因 云 非 現 故  即 無 為 不 落 三 世  即 
ZH_X50_0819_003:0173b20	後無為而作不定。云為如無為非現故。今去來世。是	003	後 無 為 而 作 不 定  云 為 如 無 為 非 現 故  今 去 來 世  是 
ZH_X50_0819_003:0173b21	實解為有。如空華非現。合去來世。非實有耶。若但非	003	實 解 為 有  如 空 華 非 現  合 去 來 世  非 實 有 耶  若 但 非 
ZH_X50_0819_003:0173b22	常為因。不言非現他。作不定過云。為如現世是非常	003	常 為 因  不 言 非 現 他  作 不 定 過 云  為 如 現 世 是 非 常 
ZH_X50_0819_003:0173b23	故。是實有。令去來世。是實有耶。為如空華等。是非常	003	故  是 實 有  令 去 來 世  是 實 有 耶  為 如 空 華 等  是 非 常 
ZH_X50_0819_003:0173b24	故。令去來世。非實有耶。故雙言非現非常也。故非常	003	故  令 去 來 世  非 實 有 耶  故 雙 言 非 現 非 常 也  故 非 常 
ZH_X50_0819_003:0173c01	簡無為。非現簡現在。	003	簡 無 為  非 現 簡 現 在  
ZH_X50_0819_003:0173c02	疏云生滅體相違者。問生能相違。如何小乘說。大乘	003	疏 云 生 滅 體 相 違 者  問 生 能 相 違  如 何 小 乘 說  大 乘 
ZH_X50_0819_003:0173c03	生能生小滅。乃至大滅能生小生。答若大乘中。即生	003	生 能 生 小 滅  乃 至 大 滅 能 生 小 生  答 若 大 乘 中  即 生 
ZH_X50_0819_003:0173c04	相體。是有滅相。是無法即有無相違。其生不能生於	003	相 體  是 有 滅 相  是 無 法 即 有 無 相 違  其 生 不 能 生 於 
ZH_X50_0819_003:0173c05	滅。其滅不能生前生。若薩婆多說。生滅之法。皆是有	003	滅  其 滅 不 能 生 前 生  若 薩 婆 多 說  生 滅 之 法  皆 是 有 
ZH_X50_0819_003:0173c06	猶。有猶之法。即不相違。故說生相能生有滅。滅相能	003	猶  有 猶 之 法  即 不 相 違  故 說 生 相 能 生 有 滅  滅 相 能 
ZH_X50_0819_003:0173c07	生於生相等故。滅相即是能法。其生即是能生世。生	003	生 於 生 相 等 故  滅 相 即 是 能 法  其 生 即 是 能 生 世  生 
ZH_X50_0819_003:0173c08	有功能。乃至唯現在即是取果用者。	003	有 功 能  乃 至 唯 現 在 即 是 取 果 用 者  
ZH_X50_0819_003:0173c09	疏云然正理師未來之者。此文即是正理師救古薩	003	疏 云 然 正 理 師 未 來 之 者  此 文 即 是 正 理 師 救 古 薩 
ZH_X50_0819_003:0173c10	婆多義別立也。彼計言。五取果。唯現二與果。亦有二	003	婆 多 義 別 立 也  彼 計 言  五 取 果  唯 現 二 與 果  亦 有 二 
ZH_X50_0819_003:0173c11	因。一與唯過去五取果。唯現者。謂六因中。取相應。俱	003	因  一 與 唯 過 去 五 取 果  唯 現 者  謂 六 因 中  取 相 應  俱 
ZH_X50_0819_003:0173c12	有。遍行。異熟。同類。此之五因。唯是現在能取果。不通	003	有  遍 行  異 熟  同 類  此 之 五 因  唯 是 現 在 能 取 果  不 通 
ZH_X50_0819_003:0173c13	過未世。然除能作因。能作因不定故。二與果亦能者。	003	過 未 世  然 除 能 作 因  能 作 因 不 定 故  二 與 果 亦 能 者  
ZH_X50_0819_003:0173c14	謂相應因。俱有因。此二因。於現在世心王心所。更現	003	謂 相 應 因  俱 有 因  此 二 因  於 現 在 世 心 王 心 所  更 現 
ZH_X50_0819_003:0173c15	在相望。作過現與二因者。即是同類遍行二因。二因	003	在 相 望  作 過 現 與 二 因 者  即 是 同 類 遍 行 二 因  二 因 
ZH_X50_0819_003:0173c16	若隣次之者。即現在果。亦現在與果。若漏起者。即現	003	若 隣 次 之 者  即 現 在 果  亦 現 在 與 果  若 漏 起 者  即 現 
ZH_X50_0819_003:0173c17	在取果。過去與果也。一與唯過去者。謂異熟因。唯現	003	在 取 果  過 去 與 果 也  一 與 唯 過 去 者  謂 異 熟 因  唯 現 
ZH_X50_0819_003:0173c18	在取果。即過去與果。其異熟因。必無現在與果。作忌	003	在 取 果  即 過 去 與 果  其 異 熟 因  必 無 現 在 與 果  作 忌 
ZH_X50_0819_003:0173c19	不世受故。又如入無心定時。此欲滅心。能取果後出	003	不 世 受 故  又 如 入 無 心 定 時  此 欲 滅 心  能 取 果 後 出 
ZH_X50_0819_003:0173c20	定心。能與果也。言取果者。為彼種故。名為取果。由如	003	定 心  能 與 果 也  言 取 果 者  為 彼 種 故  名 為 取 果  由 如 
ZH_X50_0819_003:0173c21	人從他借物。若與果者。酬彼力故。名為與果。即如人	003	人 從 他 借 物  若 與 果 者  酬 彼 力 故  名 為 與 果  即 如 人 
ZH_X50_0819_003:0173c22	送物還他故。未來生相起時。其異熟因與果。唯在過	003	送 物 還 他 故  未 來 生 相 起 時  其 異 熟 因 與 果  唯 在 過 
ZH_X50_0819_003:0173c23	去。然古薩婆多師。計過去世中。有與果作用。謂異熟	003	去  然 古 薩 婆 多 師  計 過 去 世 中  有 與 果 作 用  謂 異 熟 
ZH_X50_0819_003:0173c24	因。全同類遍行因。各各一分取漏令者。及等無間緣。	003	因  全 同 類 遍 行 因  各 各 一 分 取 漏 令 者  及 等無間緣  
ZH_X50_0819_003:0174a01	此等皆過去世中。有與果作用。及計未來世中。生相。	003	此 等 皆 過 去 世 中  有 與 果 作 用  及 計 未 來 世 中  生 相  
ZH_X50_0819_003:0174a02	光明。苦法智忍。此之三法。於未來世中有作用。其經	003	光 明  苦 法 智 忍  此 之 三 法  於未來世 中 有 作 用  其 經 
ZH_X50_0819_003:0174a03	部。及天親菩薩。古薩婆多曰。汝三世法中。生相光明。	003	部  及 天 親 菩 薩  古 薩 婆 多 曰  汝 三 世 法 中  生 相 光 明  
ZH_X50_0819_003:0174a04	若法智忍。此之三法。於未來世中。有作用。外計未來	003	若 法 智 忍  此 之 三 法  於未來世 中  有 作 用  外 計 未 來 
ZH_X50_0819_003:0174a05	世中。生相。光明。苦法智忍。此之三法。於未來世中。有	003	世 中  生 相  光 明  苦 法 智 忍  此 之 三 法  於未來世 中  有 
ZH_X50_0819_003:0174a06	作用。其經部。及天親菩薩難。古薩婆多曰。汝計三世	003	作 用  其 經 部  及 天 親 菩 薩 難  古 薩 婆 多 曰  汝 計 三 世 
ZH_X50_0819_003:0174a07	法。若作用未起名未來。若作用正起名現在。若作用	003	法  若 作 用 未 起 名 未 來  若 作 用 正 起 名 現 在  若 作 用 
ZH_X50_0819_003:0174a08	已息名過去。汝計過去。有與果作用。及未來生等三	003	已 息 名 過 去  汝 計 過 去  有 與 果 作 用  及 未 來 生 等 三 
ZH_X50_0819_003:0174a09	法。有作用。既去來世中有作用。其去來世。有作用故。	003	法  有 作 用  既 去 來 世 中 有 作 用  其 去 來 世  有 作 用 故  
ZH_X50_0819_003:0174a10	應名現在。不名過未也。其正理師。既見古師被難已	003	應 名 現 在  不 名 過 未 也  其 正 理 師  既 見 古 師 被 難 已 
ZH_X50_0819_003:0174a11	便諦却去來世中。有作用。即救言。其過去世中。與果	003	便 諦 却 去 來 世 中  有 作 用  即 救 言  其 過 去 世 中  與 果 
ZH_X50_0819_003:0174a12	者。但名功能。不名作用。其未來世。生等三法。亦但名	003	者  但 名 功 能  不 名 作 用  其 未 來 世  生 等 三 法  亦 但 名 
ZH_X50_0819_003:0174a13	功能。不名作用。若起作用。唯是現在世。現在世中取	003	功 能  不 名 作 用  若 起 作 用  唯 是 現 在 世  現 在 世 中 取 
ZH_X50_0819_003:0174a14	果。即名作用也。若現在世中。相應。俱有全。及同類。遍	003	果  即 名 作 用 也  若 現 在 世 中  相 應  俱 有 全  及 同 類  遍 
ZH_X50_0819_003:0174a15	行。一分與果者。亦名功能。不名作用。此亦不然。何不	003	行  一 分 與 果 者  亦 名 功 能  不 名 作 用  此 亦 不 然  何 不 
ZH_X50_0819_003:0174a16	知來去法。皆令有功能者。此文即是論主難正理師	003	知 來 去 法  皆 令 有 功 能 者  此 文 即 是 論 主 難 正 理 師 
ZH_X50_0819_003:0174a17	曰。若言未來世中。有生等三法功能。及過去世中。遍	003	曰  若 言 未 來 世 中  有 生 等 三 法 功 能  及 過 去 世 中  遍 
ZH_X50_0819_003:0174a18	行同類因一分。及異熟因全。及等無間緣有與果功	003	行 同 類 因 一 分  及 異 熟 因 全  及 等無間緣 有 與 果 功 
ZH_X50_0819_003:0174a19	能者。何不知來世出一切法。皆具有功能。偏說未來	003	能 者  何 不 知 來 世 出 一 切 法  皆 具 有 功 能  偏 說 未 來 
ZH_X50_0819_003:0174a20	生等三法有功能。及過去世異熟因等。有餘功能。能	003	生 等 三 法 有 功 能  及 過 去 世 異 熟 因 等  有 餘 功 能  能 
ZH_X50_0819_003:0174a21	生非作用與果。亦非作用。乃至過去一切法。應恒與	003	生 非 作 用 與 果  亦 非 作 用  乃 至 過 去 一 切 法  應 恒 與 
ZH_X50_0819_003:0174a22	果者。此文論主又明彼計而難之。若汝言未來世中。	003	果 者  此 文 論 主 又 明 彼 計 而 難 之  若 汝 言 未 來 世 中  
ZH_X50_0819_003:0174a23	生等三法。非是作用。但名功能。及過去世中。異熟全	003	生 等 三 法  非 是 作 用  但 名 功 能  及 過 去 世 中  異 熟 全 
ZH_X50_0819_003:0174a24	同類遍行因。可分及等無間緣等。能與果者。非是作	003	同 類 遍 行 因  可 分 及 等無間緣 等  能 與 果 者  非 是 作 
ZH_X50_0819_003:0174b01	用。但名功能者。即未來一切法。皆有功能功能故。其	003	用  但 名 功 能 者  即 未 來 一 切 法  皆 有 功 能 功 能 故  其 
ZH_X50_0819_003:0174b02	未來法。應恒時。生如何未來生中。有不生法耶。又過	003	未 來 法  應 恒 時  生 如 何 未 來 生 中  有 不 生 法 耶  又 過 
ZH_X50_0819_003:0174b03	去異熟因等。有與果功能世者。其過去一切法。皆有	003	去 異 熟 因 等  有 與 果 功 能 世 者  其 過 去 一 切 法  皆 有 
ZH_X50_0819_003:0174b04	功能。應一切法。皆能與果。何故。偏說異熟同類因等。	003	功 能  應 一 切 法  皆 能 與 果  何 故  偏 說 異 熟 同 類 因 等  
ZH_X50_0819_003:0174b05	名與果也。若言作用者。說現在過未說功能。即現在	003	名 與 果 也  若 言 作 用 者  說 現 在 過 未 說 功 能  即 現 在 
ZH_X50_0819_003:0174b06	有功能。名為過未者。此文即是論主。明彼此而難之。	003	有 功 能  名 為 過 未 者  此 文 即 是 論 主  明 彼 此 而 難 之  
ZH_X50_0819_003:0174b07	汝若言現在有取果。取果名作用。過未無取果。過去	003	汝 若 言 現 在 有 取 果  取 果 名 作 用  過 未 無 取 果  過 去 
ZH_X50_0819_003:0174b08	雖有與果。但名功能者。難曰。現在立相。應俱有全。及	003	雖 有 與 果  但 名 功 能 者  難 曰  現 在 立 相  應 俱 有 全  及 
ZH_X50_0819_003:0174b09	同類遍行因一分隣次起者。皆現在能與果與果既	003	同 類 遍 行 因 一 分 隣 次 起 者  皆 現 在 能 與 果 與 果 既 
ZH_X50_0819_003:0174b10	名功能者。此等現在有功能。應名為過未。不名現在	003	名 功 能 者  此 等 現 在 有 功 能  應 名 為 過 未  不 名 現 在 
ZH_X50_0819_003:0174b11	世也。生位相取果。可名作用。異熟滅。不能取果。即是	003	世 也  生 位 相 取 果  可 名 作 用  異 熟 滅  不 能 取 果  即 是 
ZH_X50_0819_003:0174b12	功能。便非現在者。然此疏文即錯也。若疏主說。薩婆	003	功 能  便 非 現 在 者  然 此 疏 文 即 錯 也  若 疏 主 說  薩 婆 
ZH_X50_0819_003:0174b13	多宗。住相能取果異滅相。不能取果者。非也。若汎明	003	多 宗  住 相 能 取 果 異 滅 相  不 能 取 果 者  非 也  若 汎 明 
ZH_X50_0819_003:0174b14	四相者。即說生相能遷。未來法流入現在。現在住相。	003	四 相 者  即 說 生 相 能 遷  未 來 法 流 入 現 在  現 在 住 相  
ZH_X50_0819_003:0174b15	能引後念等。勝等流果。異相衰其力。能引後念劣等	003	能 引 後 念 等  勝 等 流 果  異 相 衰 其 力  能 引 後 念 劣 等 
ZH_X50_0819_003:0174b16	流果。滅相能滅法也。可言住相能引等流果耶。今者	003	流 果  滅 相 能 滅 法 也  可 言 住 相 能 引 等 流 果 耶  今 者 
ZH_X50_0819_003:0174b17	明取果者。如破薩婆多宗說。住異滅三相。皆能取果。	003	明 取 果 者  如 破 薩 婆 多 宗 說  住 異 滅 三 相  皆 能 取 果  
ZH_X50_0819_003:0174b18	何以得知。彼宗說。一个色法。從未來生流至現在。即	003	何 以 得 知  彼 宗 說  一 个 色 法  從 未 來 生 流 至 現 在  即 
ZH_X50_0819_003:0174b19	有九法。謂本法體。大生大住。大異大滅。小生。小異。小	003	有 九 法  謂 本 法 體  大 生 大 住  大 異 大 滅  小 生  小 異  小 
ZH_X50_0819_003:0174b20	滅。小住。然大四相。各具三種名。一若大四相。即亦名	003	滅  小 住  然 大 四 相  各 具 三 種 名  一 若 大 四 相  即 亦 名 
ZH_X50_0819_003:0174b21	本相。即名本生本異本滅。若小四相。隨他大四相。故	003	本 相  即 名 本 生 本 異 本 滅  若 小 四 相  隨 他 大 四 相  故 
ZH_X50_0819_003:0174b22	本隨對。二其大四相。即單名四相。謂但如生住異滅。	003	本 隨 對  二 其 大 四 相  即 單 名 四 相  謂 但 如 生住異滅  
ZH_X50_0819_003:0174b23	若小四相。即對他大四相。其小四相。皆得後名。謂名	003	若 小 四 相  即 對 他 大 四 相  其 小 四 相  皆 得 後 名  謂 名 
ZH_X50_0819_003:0174b24	生生。住住。異異。滅滅。即單復對。三其大四相。即名大	003	生 生  住 住  異 異  滅 滅  即 單 復 對  三 其 大 四 相  即 名 大 
ZH_X50_0819_003:0174c01	四相。其隨四相。即名小相。即大小對。若本法對。全本	003	四 相  其 隨 四 相  即 名 小 相  即 大 小 對  若 本 法 對  全 本 
ZH_X50_0819_003:0174c02	法體。即四因。四四因者。即小四相。以無力故。不能為	003	法 體  即 四 因  四 四 因 者  即 小 四 相  以 無 力 故  不 能 為 
ZH_X50_0819_003:0174c03	因生本法。名四非因也。四因者。大四相。能生本法體。	003	因 生 本 法  名 四 非 因 也  四 因 者  大 四 相  能 生 本 法 體  
ZH_X50_0819_003:0174c04	謂大生能脫本法體。大住能住本法體。大異能異本	003	謂 大 生 能 脫 本 法 體  大 住 能 住 本 法 體  大 異 能 異 本 
ZH_X50_0819_003:0174c05	法體。大滅能滅本法體。若大生望八法。即是俱有。俱	003	法 體  大 滅 能 滅 本 法 體  若 大 生 望 八 法  即 是 俱 有  俱 
ZH_X50_0819_003:0174c06	有因。其大生。能生大住大異大滅。及能生本法體。亦	003	有 因  其 大 生  能 生 大 住 大 異 大 滅  及 能 生 本 法 體  亦 
ZH_X50_0819_003:0174c07	能生小生四相也。若八法望大生。即五因三非因。三	003	能 生 小 生 四 相 也  若 八 法 望 大 生  即 五 因 三 非 因  三 
ZH_X50_0819_003:0174c08	非因者。謂小異小滅。此等小三相。皆不能生大生也	003	非 因 者  謂 小 異 小 滅  此 等 小 三 相  皆 不 能 生 大 生 也 
ZH_X50_0819_003:0174c09	故非因五因者。一本法體。生大生。二大住能住大生。	003	故 非 因 五 因 者  一 本 法 體  生 大 生  二 大 住 能 住 大 生  
ZH_X50_0819_003:0174c10	三大異能異大生。四大滅能滅大生。五小生五小生	003	三 大 異 能 異 大 生  四 大 滅 能 滅 大 生  五 小 生 五 小 生 
ZH_X50_0819_003:0174c11	能生大生。此五法。能與大生為因。故名為因也。若大	003	能 生 大 生  此 五 法  能 與 大 生 為 因  故 名 為 因 也  若 大 
ZH_X50_0819_003:0174c12	住望八法。必是俱有。俱有因其大住。能住八法也。若	003	住 望 八 法  必 是 俱 有  俱 有 因 其 大 住  能 住 八 法 也  若 
ZH_X50_0819_003:0174c13	大住望八法。即五因三非因三非因者。謂小異小滅。	003	大 住 望 八 法  即 五 因 三 非 因 三 非 因 者  謂 小 異 小 滅  
ZH_X50_0819_003:0174c14	此小三相。無力不能大生住也。五因者。謂本法及大	003	此 小 三 相  無 力 不 能 大 生 住 也  五 因 者  謂 本 法 及 大 
ZH_X50_0819_003:0174c15	生大。異大滅大小住。此等能生大住等。如上應知。乃	003	生 大  異 大 滅 大 小 住  此 等 能 生 大 住 等  如 上 應 知  乃 
ZH_X50_0819_003:0174c16	至大滅望八法。有是俱有因。俱有因大滅。能滅八法	003	至 大 滅 望 八 法  有 是 俱 有 因  俱 有 因 大 滅  能 滅 八 法 
ZH_X50_0819_003:0174c17	故。故得為因。若八法望八法。即五因三非因。三非因	003	故  故 得 為 因  若 八 法 望 八 法  即 五 因 三 非 因  三 非 因 
ZH_X50_0819_003:0174c18	者。謂小生小住小異。此之三法。不能滅大滅五因者。	003	者  謂 小 生 小 住 小 異  此 之 三 法  不 能 滅 大 滅 五 因 者  
ZH_X50_0819_003:0174c19	謂大生大住大異大滅。及住體。及小滅。此五法皆滅	003	謂 大 生 大 住 大 異 大 滅  及 住 體  及 小 滅  此 五 法 皆 滅 
ZH_X50_0819_003:0174c20	大滅也。若小生。若小生。唯能生大生生者。更不能生	003	大 滅 也  若 小 生  若 小 生  唯 能 生 大 生 生 者  更 不 能 生 
ZH_X50_0819_003:0174c21	餘七法。若小住。唯能住大住。更不住餘七法。若小異。	003	餘 七 法  若 小 住  唯 能 住 大 住  更 不 住 餘 七 法  若 小 異  
ZH_X50_0819_003:0174c22	唯能異大異。更不能異餘七法。若小滅唯能滅大滅。	003	唯 能 異 大 異  更 不 能 異 餘 七 法  若 小 滅 唯 能 滅 大 滅  
ZH_X50_0819_003:0174c23	更不能滅餘七法也。又望心心所。上作法。即如心王	003	更 不 能 滅 餘 七 法 也  又 望 心 心 所  上 作 法  即 如 心 王 
ZH_X50_0819_003:0174c24	起時。心所極尚有十大地。謂觸。作意。受。想。思。欲。勝解。	003	起 時  心 所 極 尚 有 十 大 地  謂 觸  作 意  受  想  思  欲  勝 解  
ZH_X50_0819_003:0175a01	念。定。慧。並心王。此十一法。一一上各有四相。小四相。	003	念  定  慧  並 心 王  此 十 一 法  一 一 上 各 有 四 相  小 四 相  
ZH_X50_0819_003:0175a02	并本法體。即是有非法。此十一法。都計即是九十九	003	并 本 法 體  即 是 有 非 法  此 十 一 法  都 計 即 是 九 十 九 
ZH_X50_0819_003:0175a03	法。惡心王能生餘法。與作俱有因。其義者何。如心王	003	法  惡 心 王 能 生 餘 法  與 作 俱 有 因  其 義 者 何  如 心 王 
ZH_X50_0819_003:0175a04	起時。背上即有大四相小相。其心王向後。即能生第	003	起 時  背 上 即 有 大 四 相 小 相  其 心 王 向 後  即 能 生 第 
ZH_X50_0819_003:0175a05	一重大四相。惡向得能生第二重十四相。惡其心王	003	一 重 大 四 相  惡 向 得 能 生 第 二 重 十 四 相  惡 其 心 王 
ZH_X50_0819_003:0175a06	向前。能生第一重十大地心所。其心王向前大能生	003	向 前  能 生 第 一 重 十 大 地 心 所  其 心 王 向 前 大 能 生 
ZH_X50_0819_003:0175a07	第二重十大地心所。一一心所。皆上大四相。其心王	003	第 二 重 十 大 地 心 所  一 一 心 所  皆 上 大 四 相  其 心 王 
ZH_X50_0819_003:0175a08	向前。能生兩重法。謂十大地心所法及心所。背上大	003	向 前  能 生 兩 重 法  謂 十 大 地 心 所 法 及 心 所  背 上 大 
ZH_X50_0819_003:0175a09	相。其心王向後。能生兩重法。謂自心王。背上大四相。	003	相  其 心 王 向 後  能 生 兩 重 法  謂 自 心 王  背 上 大 四 相  
ZH_X50_0819_003:0175a10	及小四相。即前後各能生兩重也。其心王不能生十	003	及 小 四 相  即 前 後 各 能 生 兩 重 也  其 心 王 不 能 生 十 
ZH_X50_0819_003:0175a11	大地心所。背上第三重小四相。以疎遠故。此都計心	003	大 地 心 所  背 上 第 三 重 小 四 相  以 疎 遠 故  此 都 計 心 
ZH_X50_0819_003:0175a12	王。能生以成法。能生十大地法為十。及能生十个心	003	王  能 生 以 成 法  能 生 十大地法 為 十  及 能 生 十 个 心 
ZH_X50_0819_003:0175a13	所。上大四相。即成四十。及心王背上。王背上。大四相	003	所  上 大 四 相  即 成 四 十  及 心 王 背 上  王 背 上  大 四 相 
ZH_X50_0819_003:0175a14	小四相。又有八法。都法心王。能生五十八法。即心王	003	小 四 相  又 有 八 法  都 法 心 王  能 生 五 十 八 法  即 心 王 
ZH_X50_0819_003:0175a15	望五十八法。即是俱有。俱有因即心王心所。即是耶	003	望 五 十 八 法  即 是 俱 有  俱 有 因 即 心 王 心 所  即 是 耶 
ZH_X50_0819_003:0175a16	應因。若心王望餘四十八个四相。即是俱有。俱有因。	003	應 因  若 心 王 望 餘 四 十 八 个 四 相  即 是 俱 有  俱 有 因  
ZH_X50_0819_003:0175a17	意五十八法中。餘劫十大地法。取餘四十八法。如心	003	意 五 十 八 法 中  餘 劫 十大地法  取 餘 四 十 八 法  如 心 
ZH_X50_0819_003:0175a18	王既然。餘十个心所。相望亦爾。又如望上作法。此一	003	王 既 然  餘 十 个 心 所  相 望 亦 爾  又 如 望 上 作 法  此 一 
ZH_X50_0819_003:0175a19	个心王。十个心所。即有十一法。十一法中餘相。以餘	003	个 心 王  十 个 心 所  即 有 十 一 法  十 一 法 中 餘 相  以 餘 
ZH_X50_0819_003:0175a20	有十法。將總為即望餘十法由盡向前向後皆能生	003	有 十 法  將 總 為 即 望 餘 十 法 由 盡 向 前 向 後 皆 能 生 
ZH_X50_0819_003:0175a21	兩其相其相向後自背上能生第一重大四相。其相	003	兩 其 相 其 相 向 後 自 背 上 能 生 第 一 重 大 四 相  其 相 
ZH_X50_0819_003:0175a22	又能生背上第二重小四相。其相向前第一重。能生	003	又 能 生 背 上 第 二 重 小 四 相  其 相 向 前 第 一 重  能 生 
ZH_X50_0819_003:0175a23	餘十个本體。其相。又第二重能生他十。此背上大四	003	餘 十 个 本 體  其 相  又 第 二 重 能 生 他 十  此 背 上 大 四 
ZH_X50_0819_003:0175a24	相。其相不能生他十法。背上小四相也。為疎遠故。其	003	相  其 相 不 能 生 他 十 法  背 上 小 四 相 也  為 疎 遠 故  其 
ZH_X50_0819_003:0175b01	都此還能生五十八法。即相望餘五十八法。成九俱	003	都 此 還 能 生 五 十 八 法  即 相 望 餘 五 十 八 法  成 九 俱 
ZH_X50_0819_003:0175b02	有。俱有因也。及餘九心所。相望非法。皆准此知。乃至	003	有  俱 有 因 也  及 餘 九 心 所  相 望 非 法  皆 准 此 知  乃 至 
ZH_X50_0819_003:0175b03	欲界起善心時。即有二十二心。所謂十大地。獨非意	003	欲 界 起 善 心 時  即 有 二 十 二 心  所 謂 十 大 地  獨 非 意 
ZH_X50_0819_003:0175b04	等。十大善地。餘劫無痴善根。及取尋伺等。一一皆相	003	等  十 大 善 地  餘 劫 無 痴 善 根  及 取 尋 伺 等  一 一 皆 相 
ZH_X50_0819_003:0175b05	望作法。准前應知。又起不善心所。多小等。如俱舍抄	003	望 作 法  准 前 應 知  又 起 不 善 心 所  多 小 等  如 俱 舍 抄 
ZH_X50_0819_003:0175b06	說。相望為因。亦如前說也。故知。現在法住異滅三。皆	003	說  相 望 為 因  亦 如 前 說 也  故 知  現 在 法 住 異 滅 三  皆 
ZH_X50_0819_003:0175b07	能取果也。若謂作用。不能取果。即是顯相。亦非功能	003	能 取 果 也  若 謂 作 用  不 能 取 果  即 是 顯 相  亦 非 功 能 
ZH_X50_0819_003:0175b08	者。若彼救言。如現在法俱有。而不能取果。謂色但有	003	者  若 彼 救 言  如 現 在 法 俱 有  而 不 能 取 果  謂 色 但 有 
ZH_X50_0819_003:0175b09	質過之作用心。俱有緣帝之作用者。難曰。若謂現在	003	質 過 之 作 用 心  俱 有 緣 帝 之 作 用 者  難 曰  若 謂 現 在 
ZH_X50_0819_003:0175b10	法。有作用。要不取果者。即應未來生相。不能取果。應	003	法  有 作 用  要 不 取 果 者  即 應 未 來 生 相  不 能 取 果  應 
ZH_X50_0819_003:0175b11	有作用。不名功能也。如何說生相。而有功能也。	003	有 作 用  不 名 功 能 也  如 何 說 生 相  而 有 功 能 也  
ZH_X50_0819_003:0175b12	疏云婆娑第三說未來三法有作用者。解云。未來三	003	疏 云 婆 娑 第 三 說 未 來 三 法 有 作 用 者  解 云  未 來 三 
ZH_X50_0819_003:0175b13	法者。一者相生。能令未來生起至現在。唯有住異滅	003	法 者  一 者 相 生  能 令 未 來 生 起 至 現 在  唯 有 住 異 滅 
ZH_X50_0819_003:0175b14	三法。有作用生相。不起用故。二光明在未來世。能排	003	三 法  有 作 用 生 相  不 起 用 故  二 光 明 在 未 來 世  能 排 
ZH_X50_0819_003:0175b15	未來世。胃个胃不得起。若光明至現在。問已無光明。	003	未 來 世  胃 个 胃 不 得 起  若 光 明 至 現 在  問 已 無 光 明  
ZH_X50_0819_003:0175b16	無用第三在法起忍。現在第一法。與異生性。俱時起	003	無 用 第 三 在 法 起 忍  現 在 第 一 法  與 異 生 性  俱 時 起 
ZH_X50_0819_003:0175b17	世第一法。於現在時。能空異生性。令劣約無集力。更	003	世第一法  於 現 在 時  能 空 異 生 性  令 劣 約 無 集 力  更 
ZH_X50_0819_003:0175b18	不能引未來藏中。後念異生性。如殘怨極相似。猶現	003	不 能 引 未 來 藏 中  後 念 異 生 性  如 殘 怨 極 相 似  猶 現 
ZH_X50_0819_003:0175b19	在世第一法。有力能引未來世在法智忍。此在法智	003	在 世第一法  有 力 能 引 未 來 世 在 法 智 忍  此 在 法 智 
ZH_X50_0819_003:0175b20	忍。在未來世中。能排未來世中。餘異生性望。更不得	003	忍  在 未 來 世 中  能 排 未 來 世 中  餘 異 生 性 望  更 不 得 
ZH_X50_0819_003:0175b21	起。若在法起忍。流至現在。其於世第一法。及異生性。	003	起  若 在 法 起 忍  流 至 現 在  其 於 世第一法  及 異 生 性  
ZH_X50_0819_003:0175b22	同時。若入過者。所以此法。於未來藏。有功能也。有作	003	同 時  若 入 過 者  所 以 此 法  於 未 來 藏  有 功 能 也  有 作 
ZH_X50_0819_003:0175b23	用者。復如何通者。其同正理師說。未來生相等三法。	003	用 者  復 如 何 通 者  其 同 正 理 師 說  未 來 生 相 等 三 法  
ZH_X50_0819_003:0175b24	俱名功能。不名作用。及過去世中與果。唯名功能者。	003	俱 名 功 能  不 名 作 用  及 過 去 世 中 與 果  唯 名 功 能 者  
ZH_X50_0819_003:0175c01	即違古婆娑第三說。未來生等三法。名為作用。不名	003	即 違 古 婆 娑 第 三 說  未 來 生 等 三 法  名 為 作 用  不 名 
ZH_X50_0819_003:0175c02	功能。及過去世與果。亦名作用過。為相違體。不得俱	003	功 能  及 過 去 世 與 果  亦 名 作 用 過  為 相 違 體  不 得 俱 
ZH_X50_0819_003:0175c03	有者。若汝邊物違者。四相體不得俱時有也。退不相	003	有 者  若 汝 邊 物 違 者  四 相 體 不 得 俱 時 有 也  退 不 相 
ZH_X50_0819_003:0175c04	返用。何故。不慮生者。若難古師。即令四相用。皆令同	003	返 用  何 故  不 慮 生 者  若 難 古 師  即 令 四 相 用  皆 令 同 
ZH_X50_0819_003:0175c05	時起。不同前後起。若難正理師。汝生用應與住異滅	003	時 起  不 同 前 後 起  若 難 正 理 師  汝 生 用 應 與 住 異 滅 
ZH_X50_0819_003:0175c06	三帝時起。	003	三 帝 時 起  
ZH_X50_0819_003:0175c07	又疏云住滅異世乃至得猶正理者。若前二邊邊值	003	又 疏 云 住 滅 異 世 乃 至 得 猶 正 理 者  若 前 二 邊 邊 值 
ZH_X50_0819_003:0175c08	自宗。若在二退。退皆退謂他宗个此重即設令汝宗	003	自 宗  若 在 二 退  退 皆 退 謂 他 宗 个 此 重 即 設 令 汝 宗 
ZH_X50_0819_003:0175c09	被難已得即言住滅異世宗。若言住滅異生宗。若言	003	被 難 已 得 即 言 住 滅 異 世 宗  若 言 住 滅 異 生 宗  若 言 
ZH_X50_0819_003:0175c10	住滅異世。則違自宗也。其說若小乘集隨。大乘宗說。	003	住 滅 異 世  則 違 自 宗 也  其 說 若 小 乘 集 隨  大 乘 宗 說  
ZH_X50_0819_003:0175c11	住滅異異世。即便違自小乘宗。若退然同小乘宗說。	003	住 滅 異 異 世  即 便 違 自 小 乘 宗  若 退 然 同 小 乘 宗 說  
ZH_X50_0819_003:0175c12	自住滅同世。即猶違。如上來比量之正理。	003	自 住 滅 同 世  即 猶 違  如 上 來 比 量 之 正 理  
ZH_X50_0819_003:0175c13	疏云即可異不成量前非。解云。此是俱舍。即前量不	003	疏 云 即 可 異 不 成 量 前 非  解 云  此 是 俱 舍  即 前 量 不 
ZH_X50_0819_003:0175c14	成異。前法一法是故。於一法立異。既不成。天親菩薩。	003	成 異  前 法 一 法 是 故  於 一 法 立 異  既 不 成  天 親 菩 薩  
ZH_X50_0819_003:0175c15	破其異相云。即前異不成者。汝執此後念異相。與前	003	破 其 異 相 云  即 前 異 不 成 者  汝 執 此 後 念 異 相  與 前 
ZH_X50_0819_003:0175c16	量住相法。為一體。然若一體然者。其法是即如何言	003	量 住 相 法  為 一 體  然 若 一 體 然 者  其 法 是 即 如 何 言 
ZH_X50_0819_003:0175c17	覺於兩个法上。可得言量故。故即前量。不成此後念	003	覺 於 兩 个 法 上  可 得 言 量 故  故 即 前 量  不 成 此 後 念 
ZH_X50_0819_003:0175c18	異相。若與前念住相體。然法別量者。實前非一法。如	003	異 相  若 與 前 念 住 相 體  然 法 別 量 者  實 前 非 一 法  如 
ZH_X50_0819_003:0175c19	何言依一法。然而世四相。即是依多法。上別世四相	003	何 言 依 一 法  然 而 世 四 相  即 是 依 多 法  上 別 世 四 相 
ZH_X50_0819_003:0175c20	發所執覺不成也。	003	發 所 執 覺 不 成 也  
ZH_X50_0819_003:0175c21	疏云因明者。說無得無為因故亦無過。解云。此難以	003	疏 云 因 明 者  說 無 得 無 為 因 故 亦 無 過  解 云  此 難 以 
ZH_X50_0819_003:0175c22	正量部。長時四相。立量破云。汝劫初時。應會云。滅有	003	正 量 部  長 時 四 相  立 量 破 云  汝 劫 初 時  應 會 云  滅 有 
ZH_X50_0819_003:0175c23	為法故。如後後惟劫時故。復無破前無也。又量云。我	003	為 法 故  如 後 後 惟 劫 時 故  復 無 破 前 無 也  又 量 云  我 
ZH_X50_0819_003:0175c24	體定非有。以體無故。如菟角。	003	體 定 非 有  以 體 無 故  如 菟 角  
ZH_X50_0819_003:0176a01	疏云雖於一法義別說四者。此一法一出體中。相望	003	疏 云 雖 於 一 法 義 別 說 四 者  此 一 法 一 出 體 中  相 望 
ZH_X50_0819_003:0176a02	有四。如經云。比丘當知。汝今亦生亦老亦滅。即是一	003	有 四  如 經 云  比 丘 當 知  汝 今 亦 生 亦 老 亦 滅  即 是 一 
ZH_X50_0819_003:0176a03	剎那中異。有四相也。	003	剎 那 中 異  有 四 相 也  
ZH_X50_0819_003:0176a04	疏云然一期生十時分位亦得假立。解云。謂內五時	003	疏 云 然 一 期 生 十 時 分 位 亦 得 假 立  解 云  謂 內 五 時 
ZH_X50_0819_003:0176a05	羯藍二却報量等外五時者。一嬰婉。謂七歲已來。二	003	羯 藍 二 却 報 量 等 外 五 時 者  一 嬰 婉  謂 七 歲 已 來  二 
ZH_X50_0819_003:0176a06	量子。謂從七歲至十九。三少年。謂從十九至三十以	003	量 子  謂 從 七 歲 至 十 九  三 少 年  謂 從 十 九 至 三 十 以 
ZH_X50_0819_003:0176a07	上。四盛年。謂從三十至五十。五者老相。謂五十至八	003	上  四 盛 年  謂 從 三 十 至 五 十  五 者 老 相  謂 五 十 至 八 
ZH_X50_0819_003:0176a08	旬來。內外值以分十時。問薩婆多有內外十時。如何	003	旬 來  內 外 值 以 分 十 時  問 薩 婆 多 有 內 外 十 時  如 何 
ZH_X50_0819_003:0176a09	不立一期四相。答難薩婆多。有十時亦是剎那四相。	003	不 立 一 期 四 相  答 難 薩 婆 多  有 十 時 亦 是 剎 那 四 相  
ZH_X50_0819_003:0176a10	而不立一期四相也。一期等立同正量部者。問正量	003	而 不 立 一 期 四 相 也  一 期 等 立 同 正 量 部 者  問 正 量 
ZH_X50_0819_003:0176a11	中即立心心所。燈炎等剎那四相。又立大地一期四	003	中 即 立 心 心 所  燈 炎 等 剎 那 四 相  又 立 大 地 一 期 四 
ZH_X50_0819_003:0176a12	相。與大乘中。一剎那四相。有何別耶。答正量部師。立	003	相  與 大 乘 中  一 剎 那 四 相  有 何 別 耶  答 正 量 部 師  立 
ZH_X50_0819_003:0176a13	大地經劫住等。唯有一期四相。於一期上。無剎那四相。	003	大 地 經 劫 住 等  唯 有 一 期 四 相  於 一 期 上  無 剎 那 四 相  
ZH_X50_0819_003:0176a14	若燈炎等。唯有剎那四相。剎那四相上而無一期四	003	若 燈 炎 等  唯 有 剎 那 四 相  剎 那 四 相 上 而 無 一 期 四 
ZH_X50_0819_003:0176a15	相。故正量部。唯有剎那四相。今者大乘與正量部別	003	相  故 正 量 部  唯 有 剎 那 四 相  今 者 大 乘 與 正 量 部 別 
ZH_X50_0819_003:0176a16	故。大乘立一期。而同正量部一期四相。若大乘中立	003	故  大 乘 立 一 期  而 同 正 量 部 一 期 四 相  若 大 乘 中 立 
ZH_X50_0819_003:0176a17	一期四相者。即如人身一期住經留年。其身剎那生	003	一 期 四 相 者  即 如 人 身 一 期 住 經 留 年  其 身 剎 那 生 
ZH_X50_0819_003:0176a18	滅。於一期四相。上即是有剎那四相者。即依剎那四	003	滅  於 一 期 四 相  上 即 是 有 剎 那 四 相 者  即 依 剎 那 四 
ZH_X50_0819_003:0176a19	相。立一期四相。若剎那四相。即依剎那四相上。而立	003	相  立 一 期 四 相  若 剎 那 四 相  即 依 剎 那 四 相 上  而 立 
ZH_X50_0819_003:0176a20	一期法上。有上四相。謂此先無初生。即名生相。即此	003	一 期 法 上  有 上 四 相  謂 此 先 無 初 生  即 名 生 相  即 此 
ZH_X50_0819_003:0176a21	立相登時住相。即此生相。量他前令後念法故。即名	003	立 相 登 時 住 相  即 此 生 相  量 他 前 令 後 念 法 故  即 名 
ZH_X50_0819_003:0176a22	異相。即此生相落緣。即名滅相。若第一念初生法。即	003	異 相  即 此 生 相 落 緣  即 名 滅 相  若 第 一 念 初 生 法  即 
ZH_X50_0819_003:0176a23	望後念法名異相。若第三念法。即望前後名異。若末	003	望 後 念 法 名 異 相  若 第 三 念 法  即 望 前 後 名 異  若 末 
ZH_X50_0819_003:0176a24	後念法。唯望前念法為量也。剎那之量。唯望於前。亦	003	後 念 法  唯 望 前 念 法 為 量 也  剎 那 之 量  唯 望 於 前  亦 
ZH_X50_0819_003:0176b01	望於後云。諸論中。或隨說於剎那四相。即取無學末	003	望 於 後 云  諸 論 中  或 隨 說 於 剎 那 四 相  即 取 無 學 末 
ZH_X50_0819_003:0176b02	心。及取最末後際。及燈光等。此量唯異於前非覺。後	003	心  及 取 最 末 後 際  及 燈 光 等  此 量 唯 異 於 前 非 覺  後 
ZH_X50_0819_003:0176b03	無後法可異故。或有論說實唯於後。如燈火時。即取	003	無 後 法 可 異 故  或 有 論 說 實 唯 於 後  如 燈 火 時  即 取 
ZH_X50_0819_003:0176b04	最初燈光。此初念光。唯異於後。有後法可異故。不異	003	最 初 燈 光  此 初 念 光  唯 異 於 後  有 後 法 可 異 故  不 異 
ZH_X50_0819_003:0176b05	於前無別法可異故。此論說剎那中。異相住別前後	003	於 前 無 別 法 可 異 故  此 論 說 剎 那 中  異 相 住 別 前 後 
ZH_X50_0819_003:0176b06	復立異名。知此異通前後。則除末後心。約餘有情。值	003	復 立 異 名  知 此 異 通 前 後  則 除 末 後 心  約 餘 有 情  值 
ZH_X50_0819_003:0176b07	餘燈光等。即取中間燈光。中間燈光即異前實後故。	003	餘 燈 光 等  即 取 中 間 燈 光  中 間 燈 光 即 異 前 實 後 故  
ZH_X50_0819_003:0176b08	則名取初念燈光異於後。亦不取末燈光。唯異於前	003	則 名 取 初 念 燈 光 異 於 後  亦 不 取 末 燈 光  唯 異 於 前 
ZH_X50_0819_003:0176b09	也。故彼論。若據一義。亦不相違念諸論通說一切有	003	也  故 彼 論  若 據 一 義  亦 不 相 違 念 諸 論 通 說 一 切 有 
ZH_X50_0819_003:0176b10	情無學末心者。問無學末心。復異於前。既言一切有	003	情 無 學 末 心 者  問 無 學 末 心  復 異 於 前  既 言 一 切 有 
ZH_X50_0819_003:0176b11	情。如何復異於前。答其無學末心。復異於前。其相猶	003	情  如 何 復 異 於 前  答 其 無 學 末 心  復 異 於 前  其 相 猶 
ZH_X50_0819_003:0176b12	起。所以諸論偽偏說。為後異於前。其實解有情身中	003	起  所 以 諸 論 偽 偏 說  為 後 異 於 前  其 實 解 有 情 身 中 
ZH_X50_0819_003:0176b13	法。亦得後異於前。如異生起三性心時。若地初念善	003	法  亦 得 後 異 於 前  如 異 生 起 三 性 心 時  若 地 初 念 善 
ZH_X50_0819_003:0176b14	心。即唯異後念名異。以無前法可異故。取起第二念	003	心  即 唯 異 後 念 名 異  以 無 前 法 可 異 故  取 起 第 二 念 
ZH_X50_0819_003:0176b15	已去善心時。即實前後名異。若末後一時。念起善心。	003	已 去 善 心 時  即 實 前 後 名 異  若 末 後 一 時  念 起 善 心  
ZH_X50_0819_003:0176b16	唯實如善心既然。念無記心亦爾。故付有情。亦有彼	003	唯 實 如 善 心 既 然  念 無 記 心 亦 爾  故 付 有 情  亦 有 彼 
ZH_X50_0819_003:0176b17	異於前也。既一期生自望為相故立異相依者。若一	003	異 於 前 也  既 一 期 生 自 望 為 相 故 立 異 相 依 者  若 一 
ZH_X50_0819_003:0176b18	期中異相。唯望於前異。如來至五十身色既實壞者。	003	期 中 異 相  唯 望 於 前 異  如 來 至 五 十 身 色 既 實 壞 者  
ZH_X50_0819_003:0176b19	即望已前落千少時為實也。不同剎那中異相。望前	003	即 望 已 前 落 千 少 時 為 實 也  不 同 剎 那 中 異 相  望 前 
ZH_X50_0819_003:0176b20	後名異也。	003	後 名 異 也  
ZH_X50_0819_003:0176b21	疏云據望名相者。如見旗幡表是將軍。如見四相表	003	疏 云 據 望 名 相 者  如 見 旗 幡 表 是 將 軍  如 見 四 相 表 
ZH_X50_0819_003:0176b22	有為。如見文於有希望。表是官文書。若見四相。無當	003	有 為  如 見 文 於 有 希 望  表 是 官 文 書  若 見 四 相  無 當 
ZH_X50_0819_003:0176b23	望表。知是有為也。經成佛時得未曾有名身等故者。	003	望 表  知 是 有 為 也  經 成 佛 時 得未曾有 名 身 等 故 者  
ZH_X50_0819_003:0176b24	此文是阿含經文。名句文者。是散意難教法。如自境	003	此 文 是 阿 含 經 文  名 句 文 者  是 散 意 難 教 法  如 自 境 
ZH_X50_0819_003:0176c01	我成佛。得未曾得十二部經法。諸眾生等。聞我教法	003	我 成 佛  得 未 曾 得 十二部經 法  諸 眾 生 等  聞 我 教 法 
ZH_X50_0819_003:0176c02	者。即得長善哉惡由際猶生二義者。一者由際猶名	003	者  即 得 長 善 哉 惡 由 際 猶 生 二 義 者  一 者 由 際 猶 名 
ZH_X50_0819_003:0176c03	句文。如燈引物。不由光燈。能生物也。二由際能生名	003	句 文  如 燈 引 物  不 由 光 燈  能 生 物 也  二 由 際 能 生 名 
ZH_X50_0819_003:0176c04	句等。由如得四塵而作瓶也。	003	句 等  由 如 得 四 塵 而 作 瓶 也  
ZH_X50_0819_003:0176c05	疏云應離所依別有實體有依收者。若不言實體。則	003	疏 云 應 離 所 依 別有實體 有 依 收 者  若 不 言 實 體  則 
ZH_X50_0819_003:0176c06	有違自宗過。大乘名自宗過。大乘名句等。句等亦是	003	有 違 自 宗 過  大 乘 名 自 宗 過  大 乘 名 句 等  句 等 亦 是 
ZH_X50_0819_003:0176c07	法處收。是假令破他實故無過也。若不言法處所收。	003	法 處 收  是 假 令 破 他 實 故 無 過 也  若 不 言 法 處 所 收  
ZH_X50_0819_003:0176c08	同唯喻便有所立不成者。若宗法中。言法處所收。然	003	同 唯 喻 便 有 所 立 不 成 者  若 宗 法 中  言 法 處 所 收  然 
ZH_X50_0819_003:0176c09	長短等為喻。即是色處收不是法處攝。即無所立不	003	長 短 等 為 喻  即 是 色 處 收 不 是 法 處 攝  即 無 所 立 不 
ZH_X50_0819_003:0176c10	成過。若不言法處收。以長等唯是色處收。即有所立	003	成 過  若 不 言 法 處 收  以 長 等 唯 是 色 處 收  即 有 所 立 
ZH_X50_0819_003:0176c11	不成也。我宗亦爾者。薩婆多言。我名等能猶義。是教	003	不 成 也  我 宗 亦 爾 者  薩 婆 多 言  我 名 等 能 猶 義  是 教 
ZH_X50_0819_003:0176c12	性故。故法處收。實立名等。	003	性 故  故 法 處 收  實 立 名 等  
ZH_X50_0819_003:0176c13	疏云不可難言戒體但依思種立應別處攝現同處	003	疏 云 不 可 難 言 戒 體 但 依 思 種 立 應 別 處 攝 現 同 處 
ZH_X50_0819_003:0176c14	故。解云。思種及無表色。皆法處收。不可言名等。依聲	003	故  解 云  思 種 及 無 表 色  皆 法 處 收  不 可 言 名 等  依 聲 
ZH_X50_0819_003:0176c15	則別處攝。無表依思立應別處也。其所依思及能依	003	則 別 處 攝  無 表 依 思 立 應 別 處 也  其 所 依 思 及 能 依 
ZH_X50_0819_003:0176c16	無表色。皆是法處收。體上屈曲。非不能詮。但如汝化	003	無 表 色  皆 是 法 處 收  體 上 屈 曲  非 不 能 詮  但 如 汝 化 
ZH_X50_0819_003:0176c17	人身語三業非善惡。惡義亦不說。惡性者。意說。我大	003	人 身 語 三 業 非 善 惡  惡 義 亦 不 說  惡 性 者  意 說  我 大 
ZH_X50_0819_003:0176c18	乘中。許亦茲上屈曲。唯是無記性。亦除能除。如言三	003	乘 中  許 亦 茲 上 屈 曲  唯 是 無 記 性  亦 除 能 除  如 言 三 
ZH_X50_0819_003:0176c19	尺一經知何之曳等。但由如汝小乘所說。阿羅漢及	003	尺 一 經 知 何 之 曳 等  但 由 如 汝 小 乘 所 說  阿 羅 漢 及 
ZH_X50_0819_003:0176c20	第三果俱解脫者。所起化人。雖是無記性。亦能起身	003	第 三 果 俱 解 脫 者  所 起 化 人  雖 是 無 記 性  亦 能 起 身 
ZH_X50_0819_003:0176c21	語業相心也。及佛化身小乘說。亦無記性。如羅漢雖	003	語 業 相 心 也  及 佛 化 身 小 乘 說  亦 無 記 性  如 羅 漢 雖 
ZH_X50_0819_003:0176c22	在房中。即化起化人身令乞食。若羅漢語。其化人亦	003	在 房 中  即 化 起 化 人 身 令 乞 食  若 羅 漢 語  其 化 人 亦 
ZH_X50_0819_003:0176c23	語。若羅漢且化人亦嘿故。所起化人身及語等。即是	003	語  若 羅 漢 且 化 人 亦 嘿 故  所 起 化 人 身 及 語 等  即 是 
ZH_X50_0819_003:0176c24	無記性也。	003	無 記 性 也  
ZH_X50_0819_003:0177a01	疏云大乘因俱聲乃至離質化等者。若以手打皷可	003	疏 云 大 乘 因 俱 聲 乃 至 離 質 化 等 者  若 以 手 打 皷 可 
ZH_X50_0819_003:0177a02	是因俱聲令者。由佛神通力。令樹林等說法。亦是因	003	是 因 俱 聲 令 者  由 佛 神 通 力  令 樹 林 等 說 法  亦 是 因 
ZH_X50_0819_003:0177a03	俱聲也。若由佛菩薩等神通力。令遣空中說法悟等。	003	俱 聲 也  若 由 佛 菩 薩 等 神 通 力  令 遣 空 中 說 法 悟 等  
ZH_X50_0819_003:0177a04	即是離質化或遣攝。林等說法。是即質化。此唯是佛	003	即 是 離 質 化 或 遣 攝  林 等 說 法  是 即 質 化  此 唯 是 佛 
ZH_X50_0819_003:0177a05	得為利生故。林等說法。及離質化通善者等。未知。四	003	得 為 利 生 故  林 等 說 法  及 離 質 化 通 善 者 等  未 知  四 
ZH_X50_0819_003:0177a06	種善中。何善所攝乎。	003	種 善 中  何 善 所 攝 乎  
ZH_X50_0819_003:0177a07	疏疏因俱聲者。有三種。一因執受大種聲。即由第八	003	疏 疏 因 俱 聲 者  有 三 種  一 因 執 受 大 種 聲  即 由 第 八 
ZH_X50_0819_003:0177a08	識。執受四大。令不堆能生覺受。其執受四大所發之	003	識  執 受 四 大  令 不 堆 能 生 覺 受  其 執 受 四 大 所 發 之 
ZH_X50_0819_003:0177a09	語故。即因化執受四大種所發之聲。故名因也。二因	003	語 故  即 因 化 執 受 四 大 種 所 發 之 聲  故 名 因 也  二 因 
ZH_X50_0819_003:0177a10	不執受大種聲。即如風輪等解等。即因他不執受之	003	不 執 受 大 種 聲  即 如 風 輪 等 解 等  即 因 他 不 執 受 之 
ZH_X50_0819_003:0177a11	四大種所發之聲名為因。三因執受不執受大種聲。	003	四 大 種 所 發 之 聲 名 為 因  三 因 執 受 不 執 受 大 種 聲  
ZH_X50_0819_003:0177a12	即心手打皷皷等。是不執受。若手等是執受不執受	003	即 心 手 打 皷 皷 等  是 不 執 受  若 手 等 是 執 受 不 執 受 
ZH_X50_0819_003:0177a13	名俱。即因他執受大種。不執受大種所發之聲因俱	003	名 俱  即 因 他 執 受 大 種  不 執 受 大 種 所 發 之 聲 因 俱 
ZH_X50_0819_003:0177a14	解也。	003	解 也  
ZH_X50_0819_003:0177a15	彼復救言。若一切聲乃至風水等聲應有詮用者。問	003	彼 復 救 言  若 一 切 聲 乃 至 風 水 等 聲 應 有 詮 用 者  問 
ZH_X50_0819_003:0177a16	此文為是小乘救。又為是小乘難文。答此文即小乘	003	此 文 為 是 小 乘 救  又 為 是 小 乘 難 文  答 此 文 即 小 乘 
ZH_X50_0819_003:0177a17	救而難大乘云。難云汝大乘既除聲體。即能依其外	003	救 而 難 大 乘 云  難 云 汝 大 乘 既 除 聲 體  即 能 依 其 外 
ZH_X50_0819_003:0177a18	風鈴等聲。應有詮用。我小乘宗用聲。能生名故。用有	003	風 鈴 等 聲  應 有 詮 用  我 小 乘 宗 用 聲  能 生 名 故  用 有 
ZH_X50_0819_003:0177a19	難者。非一切聲。皆能生名故。風鈴等聲無住用。汝大	003	難 者  非 一 切 聲  皆 能 生 名 故  風 鈴 等 聲 無 住 用  汝 大 
ZH_X50_0819_003:0177a20	乘既輪聲體。即能除風輪等聲。應有住用。論主質之。	003	乘 既 輪 聲 體  即 能 除 風 輪 等 聲  應 有 住 用  論 主 質 之  
ZH_X50_0819_003:0177a21	此風輪等解乃至內聲即能實假名等者。其疏云論	003	此 風 輪 等 解 乃 至 內 聲 即 能 實 假 名 等 者  其 疏 云 論 
ZH_X50_0819_003:0177a22	質之此風輪等解。如彼所執。不能別生實名句文者。	003	質 之 此 風 輪 等 解  如 彼 所 執  不 能 別 生 實 名 句 文 者  
ZH_X50_0819_003:0177a23	此風輪解。如汝小乘所執外聲。不能生定名句。此文	003	此 風 輪 解  如 汝 小 乘 所 執 外 聲  不 能 生 定 名 句  此 文 
ZH_X50_0819_003:0177a24	即論主返質云。我大乘中風輪。應彼小乘中所執風	003	即 論 主 返 質 云  我 大 乘 中 風 輪  應 彼 小 乘 中 所 執 風 
ZH_X50_0819_003:0177b01	輪聲。不別能生外風實名句文。意說。汝等小乘聲內	003	輪 聲  不 別 能 生 外 風 實 名 句 文  意 說  汝 等 小 乘 聲 內 
ZH_X50_0819_003:0177b02	聲能生名我。亦除內聲能住用。汝許外風輪解。不能	003	聲 能 生 名 我  亦 除 內 聲 能 住 用  汝 許 外 風 輪 解  不 能 
ZH_X50_0819_003:0177b03	生實名句聲。大乘亦除外風輪等聲。不能住也。此說	003	生 實 名 句 聲  大 乘 亦 除 外 風 輪 等 聲  不 能 住 也  此 說 
ZH_X50_0819_003:0177b04	大乘。不能住風輪聲。彼取小乘不能生實名句文。風	003	大 乘  不 能 住 風 輪 聲  彼 取 小 乘 不 能 生 實 名 句 文  風 
ZH_X50_0819_003:0177b05	輪聲。汝既不生。我亦不住。即顯大小乘二家。彼風輪	003	輪 聲  汝 既 不 生  我 亦 不 住  即 顯 大 小 乘 二 家  彼 風 輪 
ZH_X50_0819_003:0177b06	聲。不能不假實名句等。彼此大乘。即除內除能生假	003	聲  不 能 不 假 實 名 句 等  彼 此 大 乘  即 除 內 除 能 生 假 
ZH_X50_0819_003:0177b07	實名句文也。應撥撿樞要。非一切內聲。皆能詮者。如	003	實 名 句 文 也  應 撥 撿 樞 要  非 一 切 內 聲  皆 能 詮 者  如 
ZH_X50_0819_003:0177b08	語聲中。汎呼除聲能住表也。	003	語 聲 中  汎 呼 除 聲 能 住 表 也  
ZH_X50_0819_003:0177b09	如無表發待前表等最後生故。解云。彼救言。且如受	003	如 無 表 發 待 前 表 等 最 後 生 故  解 云  彼 救 言  且 如 受 
ZH_X50_0819_003:0177b10	於誰以前有表衣。仍未得步。受待前語表業。復能生	003	於 誰 以 前 有 表 衣  仍 未 得 步  受 待 前 語 表 業  復 能 生 
ZH_X50_0819_003:0177b11	方得步故。聲亦然。以失雖有聲。不能生名等。未復聲	003	方 得 步 故  聲 亦 然  以 失 雖 有 聲  不 能 生 名 等  未 復 聲 
ZH_X50_0819_003:0177b12	始能生名句等也。依當分位。以立名等者。依一切自	003	始 能 生 名 句 等 也  依 當 分 位  以 立 名 等 者  依 一 切 自 
ZH_X50_0819_003:0177b13	在。即文是名兩因名是文兩果。即名句兩因句是名	003	在  即 文 是 名 兩 因 名 是 文 兩 果  即 名 句 兩 因 句 是 名 
ZH_X50_0819_003:0177b14	兩果。其名即是名兩果句兩因。即文句兩中間以立	003	兩 果  其 名 即 是 名 兩 果 句 兩 因  即 文 句 兩 中 間 以 立 
ZH_X50_0819_003:0177b15	名也。若未自在位。即多念聲。能生一字。兩字能生一	003	名 也  若 未 自 在 位  即 多 念 聲  能 生 一 字  兩 字 能 生 一 
ZH_X50_0819_003:0177b16	字。兩字能生名。能生一句。若已自在位。於一語言中。	003	字  兩 字 能 生 名  能 生 一 句  若 已 自 在 位  於 一 語 言 中  
ZH_X50_0819_003:0177b17	演說無邊契經假也。	003	演 說 無 邊 契 經 假 也  
ZH_X50_0819_003:0177b18	文者是離義乃至而體非顯者。然離上頭其義相似	003	文 者 是 離 義 乃 至 而 體 非 顯 者  然 離 上 頭 其 義 相 似 
ZH_X50_0819_003:0177b19	說。其文自體。不能別義。其文與他名句。作所依即文	003	說  其 文 自 體  不 能 別 義  其 文 與 他 名 句  作 所 依 即 文 
ZH_X50_0819_003:0177b20	即令名句能顯義故。文自體不得顯義。故云而體非	003	即 令 名 句 能 顯 義 故  文 自 體 不 得 顯 義  故 云 而 體 非 
ZH_X50_0819_003:0177b21	頭也。字者無說能義。是其字義。如悉曇章。何等字聲。	003	頭 也  字 者 無 說 能 義  是 其 字 義  如 悉 曇 章  何 等 字 聲  
ZH_X50_0819_003:0177b22	其惡阿等字聲。更不可改轉故。文是功能功能即體	003	其 惡 阿 等 字 聲  更 不 可 改 轉 故  文 是 功 能 功 能 即 體 
ZH_X50_0819_003:0177b23	故。言文即是字者。意說。其字若不與他名句等為依	003	故  言 文 即 是 字 者  意 說  其 字 若 不 與 他 名 句 等 為 依 
ZH_X50_0819_003:0177b24	時。其字但名為字。不得為文。其字即無與他為依之	003	時  其 字 但 名 為 字  不 得 為 文  其 字 即 無 與 他 為 依 之 
ZH_X50_0819_003:0177c01	功能。其字若與他名句。為所為時。字即亦名為文也。	003	功 能  其 字 若 與 他 名 句  為 所 為 時  字 即 亦 名 為 文 也  
ZH_X50_0819_003:0177c02	故云文即是字。其文即是。有與他名句等所依之。功	003	故 云 文 即 是 字  其 文 即 是  有 與 他 名 句 等 所 依 之  功 
ZH_X50_0819_003:0177c03	能故。字是體。文是功能。能即體。故云文即是字。言引	003	能 故  字 是 體  文 是 功 能  能 即 體  故 云 文 即 是 字  言 引 
ZH_X50_0819_003:0177c04	雜集論。意生名句體。若引顯揚論。意其明實據何者。	003	雜 集 論  意 生 名 句 體  若 引 顯 揚 論  意 其 明 實 據 何 者  
ZH_X50_0819_003:0177c05	答此有察意乃至思之。自相亦有差別者。意說因明	003	答 此 有 察 意 乃 至 思 之  自 相 亦 有 差 別 者  意 說 因 明 
ZH_X50_0819_003:0177c06	論中。自相共相體即是。猶即有自相非共相。謂在等。	003	論 中  自相共相 體 即 是  猶 即 有 自 相 非 共 相  謂 在 等  
ZH_X50_0819_003:0177c07	且如當自相。不通帶自相品。是不通有是共相非自	003	且 如 當 自 相  不 通 帶 自 相 品  是 不 通 有 是 共 相 非 自 
ZH_X50_0819_003:0177c08	相。謂在空無我等。更互相望。上如無當處易無無我。	003	相  謂 在 空 無 我 等  更 互 相 望  上 如 無 當 處 易 無 無 我  
ZH_X50_0819_003:0177c09	如其更則無空。亦不是通。故云自相共相體非是通。	003	如 其 更 則 無 空  亦 不 是 通  故 云 自相共相 體 非 是 通  
ZH_X50_0819_003:0177c10	又解云。自相體非是共相。亦不是通也。其自性差別	003	又 解 云  自 相 體 非 是 共 相  亦 不 是 通 也  其 自性差別 
ZH_X50_0819_003:0177c11	體。即實通自相共相上。皆有自性。其自相共相上。皆	003	體  即 實 通 自相共相 上  皆 有 自 性  其 自相共相 上  皆 
ZH_X50_0819_003:0177c12	有自性。其自相上。皆是有差別。如有法名自性。皆是	003	有 自 性  其 自 相 上  皆 是 有 差 別  如 有 法 名 自 性  皆 是 
ZH_X50_0819_003:0177c13	差別。如餘是有法。即聲是自性。無當是法。無常是差	003	差 別  如 餘 是 有 法  即 聲 是 自 性  無 當 是 法  無 常 是 差 
ZH_X50_0819_003:0177c14	別。此乃聲自相上。有自性也。當共相上。而有差別。若	003	別  此 乃 聲 自 相 上  有 自 性 也  當 共 相 上  而有差別  若 
ZH_X50_0819_003:0177c15	喻佛法知。如論師立兩是思。是即思即我為自性。思	003	喻 佛 法 知  如 論 師 立 兩 是 思  是 即 思 即 我 為 自 性  思 
ZH_X50_0819_003:0177c16	是差別。此乃我無我共相上。而有自性。其思自相上。	003	是 差 別  此 乃 我 無 我 共 相 上  而 有 自 性  其 思 自 相 上  
ZH_X50_0819_003:0177c17	而有差別。又如者除是差別。即佛法立量云。其共是	003	而有差別  又 如 者 除 是 差 別  即 佛 法 立 量 云  其 共 是 
ZH_X50_0819_003:0177c18	有法。應是即當此乃在共相上亦別自性也。	003	有 法  應 是 即 當 此 乃 在 共 相 上 亦 別 自 性 也  
ZH_X50_0819_003:0177c19	疏云此中言不同薩婆多乃至皆有體自性及差別	003	疏 云 此 中 言 不 同 薩 婆 多 乃 至 皆 有 體 自 性 及 差 別 
ZH_X50_0819_003:0177c20	義者。然今此中自相共等。不同彼因明論中。自相共	003	義 者  然 今 此 中 自 相 共 等  不 同 彼 因 明 論 中  自 相 共 
ZH_X50_0819_003:0177c21	相也。然此中。即約若五識。第八識。及定心中。所緣之	003	相 也  然 此 中  即 約 若 五 識  第 八 識  及 定 心 中  所 緣 之 
ZH_X50_0819_003:0177c22	境。既離言故。皆得自相。若散心聞思慧。第六識上假	003	境  既 離 言 故  皆 得 自 相  若 散 心 聞 思 慧  第 六 識 上 假 
ZH_X50_0819_003:0177c23	解心中。緣青等及無常等皆共相。若言中說火及青	003	解 心 中  緣 青 等 及 無 常 等 皆 共 相  若 言 中 說 火 及 青 
ZH_X50_0819_003:0177c24	及無常也。皆得共相皆不得自相也。今言名詮自性	003	及 無 常 也  皆 得 共 相 皆 不 得 自 相 也  今 言 名 詮 自 性 
ZH_X50_0819_003:0178a01	句詮差別者。即唯詮得共相中之自相性。共相中之	003	句 詮 差 別 者  即 唯 詮 得 共 相 中 之 自 相 性  共 相 中 之 
ZH_X50_0819_003:0178a02	差別。即不詮得自相中自性。自相中差別也。言自相	003	差 別  即 不 詮 得 自 相 中 自 性  自 相 中 差 別 也  言 自 相 
ZH_X50_0819_003:0178a03	中自性者。即是青等自體也。自相中差別者。謂法上	003	中 自 性 者  即 是 青 等 自 體 也  自 相 中 差 別 者  謂 法 上 
ZH_X50_0819_003:0178a04	無常等差別義。共相中之自性。謂第六識上假解心	003	無 常 等 差 別 義  共 相 中 之 自 性  謂 第 六 識 上 假 解 心 
ZH_X50_0819_003:0178a05	中。無常等。是假解者。是共相。共相中無常名自性者。	003	中  無 常 等  是 假 解 者  是 共 相  共 相 中 無 常 名 自 性 者  
ZH_X50_0819_003:0178a06	謂第六識假解者。是共相共相中無常名差別。共相	003	謂 第 六 識 假 解 者  是 共 相 共 相 中 無 常 名 差 別  共 相 
ZH_X50_0819_003:0178a07	中自性者。謂第六識上假解青黃等是也。故名句文。	003	中 自 性 者  謂 第 六 識 上 假 解 青 黃 等 是 也  故 名 句 文  
ZH_X50_0819_003:0178a08	唯論得第六識上假解中。青等無常也。差別者體上	003	唯 論 得 第 六 識 上 假 解 中  青 等 無 常 也  差 別 者 體 上 
ZH_X50_0819_003:0178a09	義者。則諸法體上。苦常等義也。假解。	003	義 者  則 諸 法 體 上  苦 常 等 義 也  假 解  
ZH_X50_0819_003:0178a10	疏云諸法自相非名等詮唯現量證。解云。若言所詮	003	疏 云 諸 法 自 相 非 名 等 詮 唯 現 量 證  解 云  若 言 所 詮 
ZH_X50_0819_003:0178a11	者。唯得共相中自性。如言青黃及一切青。即是共中	003	者  唯 得 共 相 中 自 性  如 言 青 黃 及 一 切 青  即 是 共 中 
ZH_X50_0819_003:0178a12	自相。若言所詮。唯得共相中自性。如言共中差別。如	003	自 相  若 言 所 詮  唯 得 共 相 中 自 性  如 言 共 中 差 別  如 
ZH_X50_0819_003:0178a13	言中說苦空無常是也。若根本智證真。即是自相中	003	言 中 說 苦 空 無 常 是 也  若 根 本 智 證 真  即 是 自 相 中 
ZH_X50_0819_003:0178a14	自性。若後得智。緣在空無常。即是相中差別。又第八	003	自 性  若 後 得 智  緣 在 空 無 常  即 是 相 中 差 別  又 第 八 
ZH_X50_0819_003:0178a15	識。及五識緣境。皆得自相自相也。共相是法自體上	003	識  及 五 識 緣 境  皆 得 自 相 自 相 也  共 相 是 法 自 體 上 
ZH_X50_0819_003:0178a16	義。更無別者。意說。第六識上假解心中共相。即假解	003	義  更 無 別 者  意 說  第 六 識 上 假 解 心 中 共 相  即 假 解 
ZH_X50_0819_003:0178a17	心中。緣青時。即心中青時。即心中直作遍法界青。解	003	心 中  緣 青 時  即 心 中 青 時  即 心 中 直 作 遍 法 界 青  解 
ZH_X50_0819_003:0178a18	其心上。但有青行解之共相義。其實無無一青得通。	003	其 心 上  但 有 青 行 解 之 共 相 義  其 實 無 無 一 青 得 通  
ZH_X50_0819_003:0178a19	貫通法界上有也。故云要無別體。此義即是一切大	003	貫 通 法 界 上 有 也  故 云 要 無 別 體  此 義 即 是 一 切 大 
ZH_X50_0819_003:0178a20	上。故言共相得其義也者。義即是共相也。此共相大。	003	上  故 言 共 相 得 其 義 也 者  義 即 是 共 相 也  此 共 相 大  
ZH_X50_0819_003:0178a21	即貫通一切火上也。非在空之共相理者。若法體上。	003	即 貫 通 一 切 火 上 也  非 在 空 之 共 相 理 者  若 法 體 上  
ZH_X50_0819_003:0178a22	在無常等理故。今應此非法直義可然者。即說第六	003	在 無 常 等 理 故  今 應 此 非 法 直 義 可 然 者  即 說 第 六 
ZH_X50_0819_003:0178a23	識上。安無可實共有等相分。為得遍一切法體上。其	003	識 上  安 無 可 實 共 有 等 相 分  為 得 遍 一 切 法 體 上  其 
ZH_X50_0819_003:0178a24	第六識上。但作假相行解共相義。容有此事。故云其	003	第 六 識 上  但 作 假 相 行 解 共 相 義  容 有 此 事  故 云 其 
ZH_X50_0819_003:0178b01	義可然。	003	義 可 然  
ZH_X50_0819_003:0178b02	疏云又唯五根乃至此義應思者。解云。第八識緣五	003	疏 云 又 唯 五 根 乃 至 此 義 應 思 者  解 云  第 八 識 緣 五 
ZH_X50_0819_003:0178b03	根。五根是現量得自相也。餘心緣境。或比或非。故言	003	根  五 根 是 現 量 得 自 相 也  餘 心 緣 境  或 比 或 非  故 言 
ZH_X50_0819_003:0178b04	此義應思。即疏亦云。又唯五根等。此義但遮得自相	003	此 義 應 思  即 疏 亦 云  又 唯 五 根 等  此 義 但 遮 得 自 相 
ZH_X50_0819_003:0178b05	中共相故。即言名句詮得共中性差別。然謂名句。即	003	中 共 相 故  即 言 名 句 詮 得 共 中 性 差 別  然 謂 名 句  即 
ZH_X50_0819_003:0178b06	實得共相自性差別。共相自性差別無實體故也。謂	003	實 得 共 相 自性差別  共 相 自性差別 無 實 體 故 也  謂 
ZH_X50_0819_003:0178b07	即定異。且名共相。意說。為欲建立三量中。即聖言等	003	即 定 異  且 名 共 相  意 說  為 欲 建 立 三 量 中  即 聖 言 等 
ZH_X50_0819_003:0178b08	定量故。即言名詮得自性共等。若無假立假詮者。即	003	定 量 故  即 言 名 詮 得 自 性 共 等  若 無 假 立 假 詮 者  即 
ZH_X50_0819_003:0178b09	眾生等。二不知有離言等自相共相諸法。由有假言	003	眾 生 等  二 不 知 有 離 言 等 自相共相 諸 法  由 有 假 言 
ZH_X50_0819_003:0178b10	詮等。即眾生得知。此是離言自相。此是言詮等共相	003	詮 等  即 眾 生 得 知  此 是 離 言 自 相  此 是 言 詮 等 共 相 
ZH_X50_0819_003:0178b11	也。故諸聖者。於離言法體上。假安立名言也。何故不	003	也  故 諸 聖 者  於 離 言 法 體 上  假 安 立 名 言 也  何 故 不 
ZH_X50_0819_003:0178b12	立煩為不相者。此中問意其名句文。即建立為不相	003	立 煩 為 不 相 者  此 中 問 意 其 名 句 文  即 建 立 為 不 相 
ZH_X50_0819_003:0178b13	應名白文。三以四字即令是頌。何故不約頌。而立為	003	應 名 白 文  三 以 四 字 即 令 是 頌  何 故 不 約 頌  而 立 為 
ZH_X50_0819_003:0178b14	不相應。問意如是。答在疏也。	003	不 相 應  問 意 如 是  答 在 疏 也  
ZH_X50_0819_003:0178b15	如雜心云。眼耳及與鼻等。雖有名字無句顯義未圓	003	如 雜 心 云  眼 耳 及 與 鼻 等  雖 有 名 字 無 句 顯 義 未 圓 
ZH_X50_0819_003:0178b16	故。解云。如言諸行無常。或言眼有漏。如此言皆是顯	003	故  解 云  如 言 諸行無常  或 言 眼 有 漏  如 此 言 皆 是 顯 
ZH_X50_0819_003:0178b17	義周圓句。皆帶法自體及差別者。是顯影義。周圓勿	003	義 周 圓 句  皆 帶 法 自 體 及 差 別 者  是 顯 影 義  周 圓 勿 
ZH_X50_0819_003:0178b18	攝。名句文皆具。若言無慚及無愧如此偈者。皆是集	003	攝  名 句 文 皆 具  若 言 無 慚 及 無 愧 如 此 偈 者  皆 是 集 
ZH_X50_0819_003:0178b19	法滿足句也。此名為句者。唯是偈句之句。不是名句	003	法 滿 足 句 也  此 名 為 句 者  唯 是 偈 句 之 句  不 是 名 句 
ZH_X50_0819_003:0178b20	文之句。如眼耳及與鼻等。唯是集法滿足句。不是顯	003	文 之 句  如 眼 耳 及 與 鼻 等  唯 是 集 法 滿 足 句  不 是 顯 
ZH_X50_0819_003:0178b21	義周圓句也。	003	義 周 圓 句 也  
ZH_X50_0819_003:0178b23	成唯識論疏抄卷第三	003	成 唯 識 論 疏 抄 卷 第 三 
