segmentnr	original	folio	analyzed
ZH_X76_1517_004:0162b09	歷朝釋氏資鑑卷第四	004	歷 朝 釋 氏 資 鑑 卷 第 四 
ZH_X76_1517_004:0162b11	閩扆峯沙門　熈仲　集	004	閩 扆 峯 沙 門  熈 仲  集 
ZH_X76_1517_004:0162b12	　　南北朝	004	  南 北 朝 
ZH_X76_1517_004:0162b13	梁。姓蕭。名衍。都建康。自壬午盡丁丑。四主。五十六	004	梁  姓 蕭  名 衍  都 建 康  自 壬 午 盡 丁 丑  四 主  五 十 六 
ZH_X76_1517_004:0162b14	年。禪于東魏。元氏至孝武。分東西(出宗景明三年)。	004	年  禪 于 東 魏  元 氏 至 孝 武  分 東 西  出 宗 景 明 三 年   
ZH_X76_1517_004:0162b15	壬午　四月。武帝受禪登位。時年三十七。改元天監。	004	壬 午  四 月  武 帝 受 禪 登 位  時 年 三 十 七  改 元 天 監  
ZH_X76_1517_004:0162b16	帝既登極。思與蒼生。同契等覺。共會徧知。垂衣臨朝。	004	帝 既 登 極  思 與 蒼 生  同 契 等 覺  共 會 徧 知  垂 衣 臨 朝  
ZH_X76_1517_004:0162b17	盛敷經教。廣延愽古。傍搜遺文。扇以淳風。利於法俗	004	盛 敷 經 教  廣 延 愽 古  傍 搜 遺 文  扇 以 淳 風  利 於 法 俗 
ZH_X76_1517_004:0162b18	○天竺國。聞帝弘法。献珊瑚佛像。以表崇敬也(統紀)。	004	 天 竺 國  聞 帝 弘 法  献 珊 瑚 佛 像  以 表 崇 敬 也  統 紀   
ZH_X76_1517_004:0162b19	敕釋慧超為大僧正。超形過八尺。腰帶十圍。戒德內	004	敕 釋 慧 超 為 大 僧 正  超 形 過 八 尺  腰 帶 十 圍  戒 德 內 
ZH_X76_1517_004:0162b20	修。威儀外潔。凡在緇侶。皆遵成訓。給傳詔羊車。局足	004	修  威 儀 外 潔  凡 在 緇 侶  皆 遵 成 訓  給 傳 詔 羊 車  局 足 
ZH_X76_1517_004:0162b21	健步。衣服等供。自聲教所被。五部憲章咸稟則之。甞	004	健 步  衣 服 等 供  自 聲 教 所 被  五 部 憲 章 咸 稟 則 之  甞 
ZH_X76_1517_004:0162b22	於講論之暇。忽大力善神言。當集同緣。共來飡受。及	004	於 講 論 之 暇  忽 大 力 善 神 言  當 集 同 緣  共 來 飡 受  及 
ZH_X76_1517_004:0162b23	就講之日。倐然滿座。容貌[王*(十/(罩-卓+衣))]異。莫有識者。竟席方散。	004	就 講 之 日  倐 然 滿 座  容 貌 [王十罩卓衣] 異  莫 有 識 者  竟 席 方 散  
ZH_X76_1517_004:0162b24	其感跡徵異若此(本傳)。	004	其 感 跡 徵 異 若 此  本 傳   
ZH_X76_1517_004:0162c01	帝召大士寶誌至闕。甚尊寵之。因下詔曰。誌公跡拘	004	帝 召 大 士 寶 誌 至 闕  甚 尊 寵 之  因 下 詔 曰  誌 公 跡 拘 
ZH_X76_1517_004:0162c02	塵俗。神游冥寂。水火不能焚浸。蛇虎不能侵懼。語其	004	塵 俗  神 游 冥 寂  水 火 不 能 焚 浸  蛇 虎 不 能 侵 懼  語 其 
ZH_X76_1517_004:0162c03	佛理。則聲聞以上。談其隱倫。則遁仙高者。豈得以俗	004	佛 理  則 聲 聞 以 上  談 其 隱 倫  則 遁 仙 高 者  豈 得 以 俗 
ZH_X76_1517_004:0162c04	士常情空相拘制。自今隨意行化。勿得復禁。公由是	004	士 常 情 空 相 拘 制  自 今 隨 意 行 化  勿 得 復 禁  公 由 是 
ZH_X76_1517_004:0162c05	多出入禁內。	004	多 出 入 禁 內  
ZH_X76_1517_004:0162c06	癸未　敕法雲寺雲光法師。出入諸殿。講法華經。天	004	癸 未  敕 法 雲 寺 雲 光 法 師  出 入 諸 殿  講 法 華 經  天 
ZH_X76_1517_004:0162c07	為雨華。帝欽禮之。意其證聖。一夜於含光殿。焚疏。請	004	為 雨 華  帝 欽 禮 之  意 其 證 聖  一 夜 於 含 光 殿  焚 疏  請 
ZH_X76_1517_004:0162c08	誌公雲光二師。齋習日。誌公獨赴。而雲光不知。帝敬	004	誌 公 雲 光 二 師  齋 習 日  誌 公 獨 赴  而 雲 光 不 知  帝 敬 
ZH_X76_1517_004:0162c09	誌焉(僧史)。	004	誌 焉  僧 史   
ZH_X76_1517_004:0162c10	帝一日召誌公于便殿。誌忽顰蹙。引頸興嘆。帝怪問	004	帝 一 日 召 誌 公 于 便 殿  誌 忽 顰 蹙  引 頸 興 嘆  帝 怪 問 
ZH_X76_1517_004:0162c11	之。誌曰。仇歒生也。帝罔測。盖是年候景生於鮮卑懷	004	之  誌 曰  仇 歒 生 也  帝 罔 測  盖 是 年 候 景 生 於 鮮 卑 懷 
ZH_X76_1517_004:0162c12	朔鎮。即東昏侯後身也。南齊初。帝妃郄氏有三女。帝	004	朔 鎮  即 東 昏 侯 後 身 也  南 齊 初  帝 妃 郄 氏 有 三 女  帝 
ZH_X76_1517_004:0162c13	為雍州刺史。而妃薨。其性酷妬。至是化為巨蛇。入于	004	為 雍 州 刺 史  而 妃 薨  其 性 酷 妬  至 是 化 為 巨 蛇  入 于 
ZH_X76_1517_004:0162c14	後宮。通夢于帝。求功德拯拔離苦。帝閱大藏。製慈悲	004	後 宮  通 夢 于 帝  求 功 德 拯 拔 離 苦  帝 閱 大 藏  製 慈 悲 
ZH_X76_1517_004:0162c15	懺法。請僧禮佛懺罪。尋化為天人。於空中謝帝功德。	004	懺 法  請 僧 禮 佛 懺 罪  尋 化 為 天 人  於 空 中 謝 帝 功 德  
ZH_X76_1517_004:0162c16	已得生天。帝畢世不復議立后(南史)。	004	已 得 生 天  帝 畢 世 不 復 議 立 后  南 史   
ZH_X76_1517_004:0162c17	甲申　三年四月八日。帝率道俗二萬餘人。升重雲	004	甲 申  三 年 四 月 八 日  帝 率 道 俗 二 萬 餘 人  升 重 雲 
ZH_X76_1517_004:0162c18	殿。捨道奉佛。親製願文。略曰。弟子梁國皇帝蕭衍。稽	004	殿  捨 道 奉 佛  親 製 願 文  略 曰  弟 子 梁 國 皇 帝 蕭 衍  稽 
ZH_X76_1517_004:0162c19	首和南。十方佛法僧寶。伏見經云。發菩提心者即是	004	首 和 南  十 方 佛 法 僧 寶  伏 見 經 云  發菩提心 者 即 是 
ZH_X76_1517_004:0162c20	佛心。其餘諸善不得為喻。能出三界之苦門。入無為	004	佛 心  其 餘 諸 善 不 得 為 喻  能 出 三 界 之 苦 門  入 無 為 
ZH_X76_1517_004:0162c21	之勝路。弟子在昔迷荒。躭事老子。歷葉相承。染此邪	004	之 勝 路  弟 子 在 昔 迷 荒  躭 事 老 子  歷 葉 相 承  染 此 邪 
ZH_X76_1517_004:0162c22	法。今捨舊習。歸憑正覺。願使未來生世童男出家。廣	004	法  今 捨 舊 習  歸 憑 正 覺  願 使 未 來 生 世 童 男 出 家  廣 
ZH_X76_1517_004:0162c23	化眾生。共取成佛。寧可在正法中長淪苦道。不樂依	004	化 眾 生  共 取 成 佛  寧 可 在 正 法 中 長 淪 苦 道  不 樂 依 
ZH_X76_1517_004:0162c24	老子教暫得生天。涉大乘因。永離邪見(卞正)○十一日	004	老 子 教 暫 得 生 天  涉 大 乘 因  永 離 邪 見  卞 正   十 一 日 
ZH_X76_1517_004:0163a01	降詔勑門下。大經中說。道有九十六種。唯佛一道。是	004	降 詔 勑 門 下  大 經 中 說  道 有 九 十 六 種  唯 佛 一 道  是 
ZH_X76_1517_004:0163a02	為正道。餘皆外道。朕捨外道。以事如來。若公卿能入	004	為 正 道  餘 皆 外 道  朕 捨 外 道  以 事 如 來  若 公 卿 能 入 
ZH_X76_1517_004:0163a03	此誓者。各可發菩提心。老子孔子雖是如來弟子而	004	此 誓 者  各 可 發菩提心  老 子 孔 子 雖 是 如 來 弟 子 而 
ZH_X76_1517_004:0163a04	為化。只是世間之善。不能革凡成聖。公卿百官。侯王	004	為 化  只 是 世 間 之 善  不 能 革 凡 成 聖  公 卿 百 官  侯 王 
ZH_X76_1517_004:0163a05	宗族。宜反偽就真。捨邪入正。經論云。若事外道心重。	004	宗 族  宜 反 偽 就 真  捨 邪 入 正  經 論 云  若 事 外 道 心 重  
ZH_X76_1517_004:0163a06	佛法心輕。即是邪見。若心一等。是無記性。事佛心強。	004	佛 法 心 輕  即 是 邪 見  若 心 一 等  是 無 記 性  事 佛 心 強  
ZH_X76_1517_004:0163a07	老子心弱者。乃是清信。清者表裏俱淨。信是信正不	004	老 子 心 弱 者  乃 是 清 信  清 者 表 裏 俱 淨  信 是 信 正 不 
ZH_X76_1517_004:0163a08	邪。故言清信佛弟子。其餘諸善。皆是邪見。不得稱正	004	邪  故 言 清 信 佛 弟 子  其 餘 諸 善  皆 是 邪 見  不 得 稱 正 
ZH_X76_1517_004:0163a09	信也。門下速施行○十四日公卿抗表。尊承詔命。帝	004	信 也  門 下 速 施 行  十 四 日 公 卿 抗 表  尊 承 詔 命  帝 
ZH_X76_1517_004:0163a10	手勅答曰。能反迷入正。可謂夙植善根。宜加勇猛也	004	手 勅 答 曰  能 反 迷 入 正  可 謂 夙 植 善 根  宜 加 勇 猛 也 
ZH_X76_1517_004:0163a11	○次年三月十七日。侍中蕭綸啟。略曰。臣聞。如來降	004	 次 年 三 月 十 七 日  侍 中 蕭 綸 啟  略 曰  臣 聞  如 來 降 
ZH_X76_1517_004:0163a12	慈悲雲。垂甘露雨。屬值皇帝菩薩應御物。以法化民。	004	慈 悲 雲  垂 甘 露 雨  屬 值 皇 帝 菩 薩 應 御 物  以 法 化 民  
ZH_X76_1517_004:0163a13	講道傳經。德音盈耳。臣今啟迷方。粗知歸向。受菩薩	004	講 道 傳 經  德 音 盈 耳  臣 今 啟 迷 方  粗 知 歸 向  受 菩 薩 
ZH_X76_1517_004:0163a14	大戒。戒節身心。捨老子之邪風。入法流之真教。伏願	004	大 戒  戒 節 身 心  捨 老 子 之 邪 風  入 法 流 之 真 教  伏 願 
ZH_X76_1517_004:0163a15	天慈曲垂矜許。自是百官皆捨邪歸正矣(卞正論)○是	004	天 慈 曲 垂 矜 許  自 是 百 官 皆 捨 邪 歸 正 矣  卞 正 論   是 
ZH_X76_1517_004:0163a16	年帝於本第。立光宅寺。鑄金銅丈八像。匠臨就冶。疑	004	年 帝 於 本 第  立 光 宅 寺  鑄 金 銅 丈 八 像  匠 臨 就 冶  疑 
ZH_X76_1517_004:0163a17	銅不足。欲上請。忽有使者。領銅十五車至。云奉勑送	004	銅 不 足  欲 上 請  忽 有 使 者  領 銅 十 五 車 至  云 奉 勑 送 
ZH_X76_1517_004:0163a18	寺。即就鎔寫。一鑄便成。唯覺高大。試量乃二丈二尺。	004	寺  即 就 鎔 寫  一 鑄 便 成  唯 覺 高 大  試 量 乃 二 丈 二 尺  
ZH_X76_1517_004:0163a19	以狀奏聞。勅云。初不送銅。斯乃神奇應感也。遂鐫於	004	以 狀 奏 聞  勅 云  初 不 送 銅  斯 乃 神 奇 應 感 也  遂 鐫 於 
ZH_X76_1517_004:0163a20	華趺。以為靈誌也(感通錄)。	004	華 趺  以 為 靈 誌 也  感 通 錄   
ZH_X76_1517_004:0163a21	乙酉　四年。初帝夢神僧告曰。六道四生受大苦惱。	004	乙 酉  四 年  初 帝 夢 神 僧 告 曰  六 道 四 生 受 大 苦 惱  
ZH_X76_1517_004:0163a22	何不為作大齋而救拔之。帝問諸沙門。唯誌公勸帝	004	何 不 為 作 大 齋 而 救 拔 之  帝 問 諸 沙 門  唯 誌 公 勸 帝 
ZH_X76_1517_004:0163a23	尋經。必有因緣。乃取藏經。躬身據覽。創造儀文。三年	004	尋 經  必 有 因 緣  乃 取 藏 經  躬 身 據 覽  創 造 儀 文  三 年 
ZH_X76_1517_004:0163a24	乃成。於是捧文停香燭白佛。若此文理恊聖凡情。願	004	乃 成  於 是 捧 文 停 香 燭 白 佛  若 此 文 理 恊 聖 凡 情  願 
ZH_X76_1517_004:0163b01	拜起。香灯自明。或儀式未詳。灯暗如初。言訖投地一	004	拜 起  香 灯 自 明  或 儀 式 未 詳  灯 暗 如 初  言 訖 投 地 一 
ZH_X76_1517_004:0163b02	禮初起。香燭盡明。乃召誌公問曰。何處堪建此會。公	004	禮 初 起  香 燭 盡 明  乃 召 誌 公 問 曰  何 處 堪 建 此 會  公 
ZH_X76_1517_004:0163b03	曰。潤州澤心寺。江心一峯。水面千里。潭月雙映。雲天	004	曰  潤 州 澤 心 寺  江 心 一 峯  水 面 千 里  潭 月 雙 映  雲 天 
ZH_X76_1517_004:0163b04	四垂。境通幽顯。堪會神靈。勅是年十一月十五日。於	004	四 垂  境 通 幽 顯  堪 會 神 靈  勅 是 年 十 一 月十五日  於 
ZH_X76_1517_004:0163b05	澤心寺。依儀修設。帝親臨地席。詔祐律師宣文。利洽	004	澤 心 寺  依 儀 修 設  帝 親 臨 地 席  詔 祐 律 師 宣 文  利 洽 
ZH_X76_1517_004:0163b06	幽明。即金山寺也(金山寺碑及葦江集)○舒州潛山最奇。而山	004	幽 明  即 金 山 寺 也  金 山 寺 碑 及 葦 江 集   舒 州 潛 山 最 奇  而 山 
ZH_X76_1517_004:0163b07	麓尤勝。誌公與白鶴道人皆欲之。因啟武帝。帝以二	004	麓 尤 勝  誌 公 與 白 鶴 道 人 皆 欲 之  因 啟 武 帝  帝 以 二 
ZH_X76_1517_004:0163b08	人俱具靈通。俾各以物識其地。得者居之。道人云。某	004	人 俱 具 靈 通  俾 各 以 物 識 其 地  得 者 居 之  道 人 云  某 
ZH_X76_1517_004:0163b09	以鶴止處為記。誌公云。某以卓錫處為記。已而鶴先	004	以 鶴 止 處 為 記  誌 公 云  某 以 卓 錫 處 為 記  已 而 鶴 先 
ZH_X76_1517_004:0163b10	飛去。至麓將止。忽聞空中錫飛聲。而鶴驚止他處。錫	004	飛 去  至 麓 將 止  忽 聞 空 中 錫 飛 聲  而 鶴 驚 止 他 處  錫 
ZH_X76_1517_004:0163b11	遂卓於山麓。公遂築室。然道人不懌。以前言不可食	004	遂 卓 於 山 麓  公 遂 築 室  然 道 人 不 懌  以 前 言 不 可 食 
ZH_X76_1517_004:0163b12	也(事文類集)。	004	也  事 文 類 集   
ZH_X76_1517_004:0163b13	丙戌　五年冬。雩祭備至。而雨不降。誌公啟講勝鬘	004	丙 戌  五 年 冬  雩 祭 備 至  而 雨 不 降  誌 公 啟 講 勝 鬘 
ZH_X76_1517_004:0163b14	經請雨。上即命法雲法師。於華光殿。講勝鬘。講竟。夜	004	經 請 雨  上 即 命 法 雲 法 師  於 華 光 殿  講 勝 鬘  講 竟  夜 
ZH_X76_1517_004:0163b15	大雪。誌公須一盆水。以刀加上。俄雨大降。高下皆足	004	大 雪  誌 公 須 一 盆 水  以 刀 加 上  俄 雨 大 降  高 下 皆 足 
ZH_X76_1517_004:0163b16	(南史)。	004	 南 史   
ZH_X76_1517_004:0163b17	戊子　七年。詔畫工張僧繇。寫寶公像。公剺面門。出	004	戊 子  七 年  詔 畫 工 張 僧 繇  寫 寶 公 像  公 剺 面 門  出 
ZH_X76_1517_004:0163b18	十二面觀音相。或慈或威。僧繇竟不能寫○他日與	004	十 二 面 觀 音 相  或 慈 或 威  僧 繇 竟 不 能 寫  他 日 與 
ZH_X76_1517_004:0163b19	帝臨江縱望。有物。泝流而上。公以杖引之而至。乃紫	004	帝 臨 江 縱 望  有 物  泝 流 而 上  公 以 杖 引 之 而 至  乃 紫 
ZH_X76_1517_004:0163b20	栴檀。即雕公像。神彩如生(感通錄)。	004	栴 檀  即 雕 公 像  神 彩 如 生  感 通 錄   
ZH_X76_1517_004:0163b21	是年魏宣武永平元年。治書侍御史楊固上表。以為	004	是 年 魏 宣 武 永 平 元 年  治 書 侍 御 史 楊 固 上 表  以 為 
ZH_X76_1517_004:0163b22	當今之務。宜絕談虗窮徹之論。簡桑門無用之費。以	004	當 今 之 務  宜 絕 談 虗 窮 徹 之 論  簡 桑 門 無 用 之 費  以 
ZH_X76_1517_004:0163b23	救寒飢之苦(通鑑)。	004	救 寒 飢 之 苦  通 鑑   
ZH_X76_1517_004:0163b24	己丑　魏宣武於乾成殿。為諸僧及朝臣。講維摩詰	004	己 丑  魏 宣 武 於 乾 成 殿  為 諸 僧 及 朝 臣  講 維 摩 詰 
ZH_X76_1517_004:0163c01	經。時魏主專尚浮屠。不事經籍○中書侍郎裴延雋	004	經  時 魏 主 專 尚 浮 屠  不 事 經 籍  中 書 侍 郎 裴 延 雋 
ZH_X76_1517_004:0163c02	上疏。以為漢光武。魏武帝。雖在戎馬。未甞廢書。先帝	004	上 疏  以 為 漢 光 武  魏 武 帝  雖 在 戎 馬  未 甞 廢 書  先 帝 
ZH_X76_1517_004:0163c03	行師。手不釋卷。良以學問多益。不可暫掇故也。陛下	004	行 師  手 不 釋 卷  良 以 學 問 多 益  不 可 暫 掇 故 也  陛 下 
ZH_X76_1517_004:0163c04	升法座。親講大覺。凡在耹聽。塵蔽俱開。然五經治世	004	升 法 座  親 講 大 覺  凡 在 耹 聽  塵 蔽 俱 開  然 五 經 治 世 
ZH_X76_1517_004:0163c05	之揩模。應務之所先。伏願經書互覽。孔釋兼存。則內	004	之 揩 模  應 務 之 所 先  伏 願 經 書 互 覽  孔 釋 兼 存  則 內 
ZH_X76_1517_004:0163c06	外俱同。真俗斯暢矣。時佛教盛於洛陽。中國沙門之	004	外 俱 同  真 俗 斯 暢 矣  時 佛 教 盛 於 洛 陽  中 國 沙 門 之 
ZH_X76_1517_004:0163c07	外。自西域來者。三千餘人。別立永明寺。千餘間居之。	004	外  自 西 域 來 者  三 千 餘 人  別 立 永 明 寺  千 餘 間 居 之  
ZH_X76_1517_004:0163c08	遠近承風。無不奉佛(通鑑)。	004	遠 近 承 風  無 不 奉 佛  通 鑑   
ZH_X76_1517_004:0163c09	庚寅　九年。上為太祖文皇帝。於鐘山竹澗。建大愛	004	庚 寅  九 年  上 為 太 祖 文 皇 帝  於 鐘 山 竹 澗  建 大 愛 
ZH_X76_1517_004:0163c10	敬寺。為太后起大智度寺　上幸愛敬寺。設無碍會。	004	敬 寺  為 太 后 起 大 智 度 寺  上 幸 愛 敬 寺  設 無 碍 會  
ZH_X76_1517_004:0163c11	以滿鉢水泛舍利。最小者隱不出。帝拜乃於鉢中放	004	以 滿 鉢 水 泛 舍 利  最 小 者 隱 不 出  帝 拜 乃 於 鉢 中 放 
ZH_X76_1517_004:0163c12	光屬天。回旋久之。舉國嗟未曾有也(感通錄)。	004	光 屬 天  回 旋 久 之  舉 國 嗟 未 曾 有 也  感 通 錄   
ZH_X76_1517_004:0163c13	辛卯　十年。帝於天監元年。夢檀像入國。乃令郝騫	004	辛 卯  十 年  帝 於 天 監 元 年  夢 檀 像 入 國  乃 令 郝 騫 
ZH_X76_1517_004:0163c14	等八十人。往天竺。迎請優填王所刻佛像其王乃摸	004	等 八 十 人  往 天 竺  迎 請 優 填 王 所 刻 佛 像 其 王 乃 摸 
ZH_X76_1517_004:0163c15	刻紫栴檀一像。付騫等歸。是年四月五日。達于楊都。	004	刻 紫 栴 檀 一 像  付 騫 等 歸  是 年 四 月 五 日  達 于 楊 都  
ZH_X76_1517_004:0163c16	帝與百僚。徒行四十里。迎還太極殿。建齋度人。大赦	004	帝 與 百 僚  徒 行 四 十 里  迎 還 太 極 殿  建 齋 度 人  大 赦 
ZH_X76_1517_004:0163c17	斷殺。自是蔬食斷慾(感通錄)。	004	斷 殺  自 是 蔬 食 斷 慾  感 通 錄   
ZH_X76_1517_004:0163c18	癸巳　魏延昌二年。西域勒那摩提。譯寶積經論二	004	癸 巳  魏 延 昌 二 年  西 域 勒 那 摩 提  譯 寶 積 經 論 二 
ZH_X76_1517_004:0163c19	十四卷。宣武帝請講華嚴。忽於高座。見天神來云。天	004	十 四 卷  宣 武 帝 請 講 華 嚴  忽 於 高 座  見 天 神 來 云  天 
ZH_X76_1517_004:0163c20	帝請講華嚴經。與都講維那等五人。同時於座而逝。	004	帝 請 講 華 嚴 經  與 都 講 維 那 等 五 人  同 時 於 座 而 逝  
ZH_X76_1517_004:0163c21	見聞者。嘆未有也(感通錄)。	004	見 聞 者  嘆 未 有 也  感 通 錄   
ZH_X76_1517_004:0163c22	丙申　天監十五年。越州隱岳寺石佛像。初釋僧護	004	丙 申  天 監 十 五 年  越 州 隱 岳 寺 石 佛 像  初 釋 僧 護 
ZH_X76_1517_004:0163c23	擬造十丈。齊建武中。僅成面璞而亡。次有僧淑。襲其	004	擬 造 十 丈  齊 建 武 中  僅 成 面 璞 而 亡  次 有 僧 淑  襲 其 
ZH_X76_1517_004:0163c24	功而未成至天監六年。吳郡陸咸夢僧云建安王感	004	功 而 未 成 至 天 監 六 年  吳 郡 陸 咸 夢 僧 云 建 安 王 感 
ZH_X76_1517_004:0164a01	疾未瘳。能治剡縣石佛成就。必愈。咸經年稍忘。而僧	004	疾 未 瘳  能 治 剡 縣 石 佛 成 就  必 愈  咸 經 年 稍 忘  而 僧 
ZH_X76_1517_004:0164a02	復夢促之。乃啟建安王。王乃捨金委僧祐。專任像事。	004	復 夢 促 之  乃 啟 建 安 王  王 乃 捨 金 委 僧 祐  專 任 像 事  
ZH_X76_1517_004:0164a03	以十二年就功。是春方畢。座高五丈。而身十丈。像成。	004	以 十 二 年 就 功  是 春 方 畢  座 高 五 丈  而 身 十 丈  像 成  
ZH_X76_1517_004:0164a04	王疾乃瘳(僧史)。	004	王 疾 乃 瘳  僧 史   
ZH_X76_1517_004:0164a05	是年魏肅宗熈平元年。世宗作瑤光寺。未就。胡太后	004	是 年 魏 肅 宗 熈 平 元 年  世 宗 作 瑤 光 寺  未 就  胡 太 后 
ZH_X76_1517_004:0164a06	作石窟寺。又作永寧寺於宮側。而永寧工巧尤盛。有	004	作 石 窟 寺  又 作 永 寧 寺 於 宮 側  而 永 寧 工 巧 尤 盛  有 
ZH_X76_1517_004:0164a07	真金像高丈八尺。如中人者十。玉像二。又為九級浮	004	真 金 像 高 丈 八 尺  如 中 人 者 十  玉 像 二  又 為 九 級 浮 
ZH_X76_1517_004:0164a08	圖。高九十餘丈。掘基及黃泉。獲金像三十二軀。太后	004	圖  高 九 十 餘 丈  掘 基 及 黃 泉  獲 金 像 三 十 二 軀  太 后 
ZH_X76_1517_004:0164a09	以為嘉瑞。信法之徵也。飾制[王*(十/(罩-卓+衣))]奇。極世華美。上立剎	004	以 為 嘉 瑞  信 法 之 徵 也  飾 制 [王十罩卓衣] 奇  極 世 華 美  上 立 剎 
ZH_X76_1517_004:0164a10	復高十丈。剎表寶缾。容二十五斛。承露盤一十一重。	004	復 高 十 丈  剎 表 寶 缾  容 二 十 五 斛  承 露 盤 一 十 一 重  
ZH_X76_1517_004:0164a11	皆金成之。永夜鈴鐸。聲聞十里。殿如太極殿。三門如	004	皆 金 成 之  永 夜 鈴 鐸  聲 聞 十 里  殿 如 太 極 殿  三 門 如 
ZH_X76_1517_004:0164a12	端門。僧房千楹。珠玉錦繡。駭人心目。佛法之入中國。	004	端 門  僧 房 千 楹  珠 玉 錦 繡  駭 人 心 目  佛 法 之 入 中 國  
ZH_X76_1517_004:0164a13	塔廟之盛華夏。皆曰閻浮未之有也。初成。明帝與太	004	塔 廟 之 盛 華 夏  皆 曰 閻 浮 未 之 有 也  初 成  明 帝 與 太 
ZH_X76_1517_004:0164a14	后共登視。宮中事如掌內。遂禁人登之○楊州刺史	004	后 共 登 視  宮 中 事 如 掌 內  遂 禁 人 登 之  楊 州 刺 史 
ZH_X76_1517_004:0164a15	李崇上表。以為高祖遷都垂三十年。明堂未修。大紊	004	李 崇 上 表  以 為 高 祖 遷 都 垂 三 十 年  明 堂 未 修  大 紊 
ZH_X76_1517_004:0164a16	荒廢。城闕府寺額以頹壞。非所以追隆堂構儀刑萬國	004	荒 廢  城 闕 府 寺 額 以 頹 壞  非 所 以 追 隆 堂 構 儀 刑 萬 國 
ZH_X76_1517_004:0164a17	也。今國子雖有學官之名。而無教授之實。何異免絲	004	也  今 國 子 雖 有 學 官 之 名  而 無 教 授 之 實  何 異 免 絲 
ZH_X76_1517_004:0164a18	燕麥。南箕北斗。事不兩興。須有進退。宜罷尚方雕靡	004	燕 麥  南 箕 北 斗  事 不 兩 興  須 有 進 退  宜 罷 尚 方 雕 靡 
ZH_X76_1517_004:0164a19	之作。省永寧土木之工。減瑤光材瓦之力。分石屈鐫	004	之 作  省 永 寧 土 木 之 工  減 瑤 光 材 瓦 之 力  分 石 屈 鐫 
ZH_X76_1517_004:0164a20	琢之勞。及諸事非急者。於三時農隙。修此數條。使國	004	琢 之 勞  及 諸 事 非 急 者  於 三 時 農 隙  修 此 數 條  使 國 
ZH_X76_1517_004:0164a21	容嚴顯。禮化興行。不亦休哉。太后雖優令答之。而終	004	容 嚴 顯  禮 化 興 行  不 亦 休 哉  太 后 雖 優 令 答 之  而 終 
ZH_X76_1517_004:0164a22	不用其言(通鑑)○魏胡太后好事佛。民多絕戶為沙門	004	不 用 其 言  通 鑑   魏 胡 太 后 好 事 佛  民 多 絕 戶 為 沙 門 
ZH_X76_1517_004:0164a23	○高陽王友李瑒上言。三千之罪。莫大於不孝。不孝	004	 高 陽 王 友 李 瑒 上 言  三 千 之 罪  莫 大 於 不 孝  不 孝 
ZH_X76_1517_004:0164a24	之大。無過絕嗣。豈得輕縱背禮之情。肆其向法之意。	004	之 大  無 過 絕 嗣  豈 得 輕 縱 背 禮 之 情  肆 其 向 法 之 意  
ZH_X76_1517_004:0164b01	一身親老。棄家絕養。缺當世之禮。而求將來之益。孔	004	一 身 親 老  棄 家 絕 養  缺 當 世 之 禮  而 求 將 來 之 益  孔 
ZH_X76_1517_004:0164b02	子云。未知生。焉知死。安有棄堂堂之政。而從鬼教乎。	004	子 云  未 知 生  焉 知 死  安 有 棄 堂 堂 之 政  而 從 鬼 教 乎  
ZH_X76_1517_004:0164b03	又今南服未靜。眾役仍煩。百姓之情。實多避役。若復	004	又 今 南 服 未 靜  眾 役 仍 煩  百 姓 之 情  實 多 避 役  若 復 
ZH_X76_1517_004:0164b04	聽之。恐捐棄孝慈。比屋皆為沙門矣○都統僧暹等。	004	聽 之  恐 捐 棄 孝 慈  比 屋 皆 為 沙 門 矣  都 統 僧 暹 等  
ZH_X76_1517_004:0164b05	忿瑒謂之鬼教。以為謗佛。泣訴於太后。后責之。瑒曰。	004	忿 瑒 謂 之 鬼 教  以 為 謗 佛  泣 訴 於 太 后  后 責 之  瑒 曰  
ZH_X76_1517_004:0164b06	天神地祇人鬼。傳曰。明則有禮樂。幽則有鬼神。然則	004	天 神 地 祇 人 鬼  傳 曰  明 則 有 禮 樂  幽 則 有 鬼 神  然 則 
ZH_X76_1517_004:0164b07	明者為堂堂。幽者為鬼教。佛本出於人。名之為鬼。愚	004	明 者 為 堂 堂  幽 者 為 鬼 教  佛 本 出 於 人  名 之 為 鬼  愚 
ZH_X76_1517_004:0164b08	謂非謗。太后雖知瑒言為允。難違暹等之意。罸瑒金	004	謂 非 謗  太 后 雖 知 瑒 言 為 允  難 違 暹 等 之 意  罸 瑒 金 
ZH_X76_1517_004:0164b09	一兩(通鑑)。	004	一 兩  通 鑑   
ZH_X76_1517_004:0164b10	丁酉　十六年。凡造寺。勑蕭子雲飛帛。大書蕭字為	004	丁 酉  十 六 年  凡 造 寺  勑 蕭 子 雲 飛 帛  大 書 蕭 字 為 
ZH_X76_1517_004:0164b11	扁。時人稱寺為蕭寺(國史補)○僧祐律師。自齊初大弘	004	扁  時 人 稱 寺 為 蕭 寺  國 史 補   僧 祐 律 師  自 齊 初 大 弘 
ZH_X76_1517_004:0164b12	律法。梁武深相禮遇。凡僧事有疑。皆就審決。年衰。勑	004	律 法  梁 武 深 相 禮 遇  凡 僧 事 有 疑  皆 就 審 決  年 衰  勑 
ZH_X76_1517_004:0164b13	乘輿入內。為六宮受戒。王公貴戚。白黑門徒。一萬餘	004	乘 輿 入 內  為 六 宮 受 戒  王 公 貴 戚  白 黑 門 徒  一 萬 餘 
ZH_X76_1517_004:0164b14	人。師有三藏記。法苑記。世界記。釋迦譜。弘明集。並行	004	人  師 有 三 藏 記  法 苑 記  世 界 記  釋 迦 譜  弘 明 集  並 行 
ZH_X76_1517_004:0164b15	於世。	004	於 世  
ZH_X76_1517_004:0164b16	己亥　天監十八年。會稽僧皎然。著高僧傳十四卷。	004	己 亥  天 監 十 八 年  會 稽 僧 皎 然  著 高 僧 傳 十 四 卷  
ZH_X76_1517_004:0164b17	始自漢永平。終于是歲。凡百五十餘載。百五十七人。	004	始 自 漢 永 平  終 于 是 歲  凡 百 五 十 餘 載  百 五 十 七 人  
ZH_X76_1517_004:0164b18	附見者二百餘人(大藏)。	004	附 見 者 二 百 餘 人  大 藏   
ZH_X76_1517_004:0164b19	是年四月八日。帝講慧約法師。於等覺殿。受菩薩戒。	004	是 年 四 月 八 日  帝 講 慧 約 法 師  於 等 覺 殿  受 菩 薩 戒  
ZH_X76_1517_004:0164b20	上屈萬乘之尊。伸在三之敬。暫屏袞服。恭受田衣。宣	004	上 屈 萬 乘 之 尊  伸 在 三 之 敬  暫 屏 袞 服  恭 受 田 衣  宣 
ZH_X76_1517_004:0164b21	度淨儀。曲躬誠肅。復設無遮大會。朝野白黑十餘萬	004	度 淨 儀  曲 躬 誠 肅  復 設 無遮大會  朝 野 白 黑 十 餘 萬 
ZH_X76_1517_004:0164b22	眾。香華伎樂。盛於斯時。自是約師入見。別施漆榻。上	004	眾  香 華 伎 樂  盛 於 斯 時  自 是 約 師 入 見  別 施 漆 榻  上 
ZH_X76_1517_004:0164b23	先作禮。然後就座。皇儲以下盡禮敬焉。因而大赦天	004	先 作 禮  然 後 就 座  皇 儲 以 下 盡 禮 敬 焉  因 而 大 赦 天 
ZH_X76_1517_004:0164b24	下○詔曰。梵網經云。居帝王位者。應先受菩薩戒。故	004	下  詔 曰  梵 網 經 云  居 帝 王 位 者  應 先 受 菩 薩 戒  故 
ZH_X76_1517_004:0164c01	知貴為天子。富有四海。宜修身戒心以弘治道。朕思。	004	知 貴 為 天 子  富 有 四 海  宜 修 身 戒 心 以 弘 治 道  朕 思  
ZH_X76_1517_004:0164c02	若不受菩薩戒。豈能起慈悲心。行平等行。所以受持	004	若 不 受 菩 薩 戒  豈 能 起 慈 悲 心  行 平 等 行  所 以 受 持 
ZH_X76_1517_004:0164c03	正法。在予不疑。欲以億兆蒼生。同資福慶。凡天下罪	004	正 法  在 予 不 疑  欲 以 億 兆 蒼 生  同 資 福 慶  凡 天 下 罪 
ZH_X76_1517_004:0164c04	無輕重。咸赦除之。	004	無 輕 重  咸 赦 除 之  
ZH_X76_1517_004:0164c05	庚子歲　梁武帝普通元年　魏肅宗孝明帝正光	004	庚 子 歲  梁 武 帝 普 通 元 年  魏 肅 宗 孝 明 帝 正 光 
ZH_X76_1517_004:0164c06	元年。	004	元 年  
ZH_X76_1517_004:0164c07	是年九月二十一日。天竺二十八祖菩提達磨大師	004	是 年 九 月 二 十 一 日  天 竺 二 十 八 祖 菩 提 達 磨 大 師 
ZH_X76_1517_004:0164c08	至南海。廣州刺史蕭昂表聞。梁王武帝遣使詔迎。十	004	至 南 海  廣 州 刺 史 蕭 昂 表 聞  梁 王 武 帝 遣 使 詔 迎  十 
ZH_X76_1517_004:0164c09	一月一日。至金陵。帝問曰。朕自即位以來造寺寫經	004	一 月 一 日  至 金 陵  帝 問 曰  朕 自 即 位 以 來 造 寺 寫 經 
ZH_X76_1517_004:0164c10	度僧不可勝紀。有何功德。師曰。並無功德。帝曰。何以	004	度 僧 不 可 勝 紀  有 何 功 德  師 曰  並 無 功 德  帝 曰  何 以 
ZH_X76_1517_004:0164c11	無功德。師曰。此但人天小果。有漏之因。如影隨形。雖	004	無 功 德  師 曰  此 但 人 天 小 果  有 漏 之 因  如 影 隨 形  雖 
ZH_X76_1517_004:0164c12	有非實。帝曰。如何是真功德。師曰。淨智妙圓。體自空	004	有 非 實  帝 曰  如 何 是 真 功 德  師 曰  淨 智 妙 圓  體 自 空 
ZH_X76_1517_004:0164c13	寂。如是功德。不以世求。帝復問。如何是聖諦第一義。	004	寂  如 是 功 德  不 以 世 求  帝 復 問  如 何 是 聖 諦 第 一 義  
ZH_X76_1517_004:0164c14	師云。廓然無聖。帝曰。對朕者誰。師曰不識。帝不領玄	004	師 云  廓 然 無 聖  帝 曰  對 朕 者 誰  師 曰 不 識  帝 不 領 玄 
ZH_X76_1517_004:0164c15	旨。師知機不契。十九日去梁。折芦渡江。二十三日北	004	旨  師 知 機 不 契  十 九 日 去 梁  折 芦 渡 江  二 十 三 日 北 
ZH_X76_1517_004:0164c16	趍魏境。尋至雒邑。止於嵩山少林寺。終日面壁而坐	004	趍 魏 境  尋 至 雒 邑  止 於 嵩 山 少 林 寺  終 日 面 壁 而 坐 
ZH_X76_1517_004:0164c17	人莫之測○師去後。武帝問誌公。公曰。陛下還識此	004	人 莫 之 測  師 去 後  武 帝 問 誌 公  公 曰  陛 下 還 識 此 
ZH_X76_1517_004:0164c18	人否。帝曰不識。公曰。此是觀音大士。傳佛心印。帝悔。	004	人 否  帝 曰 不 識  公 曰  此 是 觀 音 大 士  傳 佛 心 印  帝 悔  
ZH_X76_1517_004:0164c19	即遣人追之。誌公曰。莫道遣使。合國人去。他亦不回	004	即 遣 人 追 之  誌 公 曰  莫 道 遣 使  合 國 人 去  他 亦 不 回 
ZH_X76_1517_004:0164c20	矣(僧史)。	004	矣  僧 史   
ZH_X76_1517_004:0164c21	魏孝明帝。是年加朝服大赦。命釋老兩宗上殿。齋訖	004	魏 孝 明 帝  是 年 加 朝 服 大 赦  命 釋 老 兩 宗 上 殿  齋 訖 
ZH_X76_1517_004:0164c22	侍中劉滕宣敕。請諸法師。與道士論議。時洛都融覺	004	侍 中 劉 滕 宣 敕  請 諸 法 師  與 道 士 論 議  時 洛 都 融 覺 
ZH_X76_1517_004:0164c23	寺沙門曇無最。與道士姜斌對論。帝曰。佛與老子。同	004	寺 沙 門 曇 無 最  與 道 士 姜 斌 對 論  帝 曰  佛 與 老 子  同 
ZH_X76_1517_004:0164c24	時不。姜斌曰。老子西入化胡成佛。出老子開天經。明	004	時 不  姜 斌 曰  老 子 西 入 化 胡 成 佛  出 老 子 開 天 經  明 
ZH_X76_1517_004:0165a01	是同時。最曰。老子周何王生。何年西入。斌曰。周定王	004	是 同 時  最 曰  老 子 周 何 王 生  何 年 西 入  斌 曰  周 定 王 
ZH_X76_1517_004:0165a02	三年九月十四夜生。簡王四年為守藏吏。敬王元年。	004	三 年 九 月 十 四 夜 生  簡 王 四 年 為 守 藏 吏  敬 王 元 年  
ZH_X76_1517_004:0165a03	八十五歲。見周德凌遲。與散關令尹喜西入明矣。最	004	八 十 五 歲  見 周 德 凌 遲  與 散 關 令 尹 喜 西 入 明 矣  最 
ZH_X76_1517_004:0165a04	曰。佛當周昭王二十四年四月八日生。穆王五十二	004	曰  佛 當 周 昭 王 二 十 四 年 四 月 八 日 生  穆 王 五 十 二 
ZH_X76_1517_004:0165a05	年二月十五日夜入滅。經三百四十五年。始到定王	004	年 二 月十五日 夜 入 滅  經 三 百 四 十 五 年  始 到 定 王 
ZH_X76_1517_004:0165a06	三年。老子方生。至敬王元年。凡經四百三十年。乃與	004	三 年  老 子 方 生  至 敬 王 元 年  凡 經 四 百 三 十 年  乃 與 
ZH_X76_1517_004:0165a07	尹喜西遁。此乃年載懸殊。無乃謬乎。斌曰。若如來言。	004	尹 喜 西 遁  此 乃 年 載 懸 殊  無 乃 謬 乎  斌 曰  若 如 來 言  
ZH_X76_1517_004:0165a08	出何文紀。最曰。周書異記。漢法本內傳。並有明文。斌	004	出 何 文 紀  最 曰  周 書 異 記  漢 法 本 內 傳  並 有 明 文  斌 
ZH_X76_1517_004:0165a09	曰。孔子制法聖人。當明於佛。逈無文誌。何耶。最曰。孔	004	曰  孔 子 制 法 聖 人  當 明 於 佛  逈 無 文 誌  何 耶  最 曰  孔 
ZH_X76_1517_004:0165a10	子三備經。佛之文言。出在中備。仁者識同管窺。覽不	004	子 三 備 經  佛 之 文 言  出 在 中 備  仁 者 識 同 管 窺  覽 不 
ZH_X76_1517_004:0165a11	弘遠。何能自達。中書令元義宣勑道士姜斌論無宗	004	弘 遠  何 能 自 達  中 書 令 元 義 宣 勑 道 士 姜 斌 論 無 宗 
ZH_X76_1517_004:0165a12	旨。宜令下席。又議開天經是誰所說。中書侍郎魏収	004	旨  宜 令 下 席  又 議 開 天 經 是 誰 所 說  中 書 侍 郎 魏 収 
ZH_X76_1517_004:0165a13	等。就觀取經。太傅蕭綜李寔等。一百七十人。讀訖劾	004	等  就 觀 取 經  太 傅 蕭 綜 李 寔 等  一 百 七 十 人  讀 訖 劾 
ZH_X76_1517_004:0165a14	奏曰。老子只著五千文。餘無言記。臣等所議。姜斌文	004	奏 曰  老 子 只 著 五 千 文  餘 無 言 記  臣 等 所 議  姜 斌 文 
ZH_X76_1517_004:0165a15	詞乖謬。罪當惑眾。帝加斌極刑。菩提流支奏解。配流	004	詞 乖 謬  罪 當 惑 眾  帝 加 斌 極 刑  菩 提 流 支 奏 解  配 流 
ZH_X76_1517_004:0165a16	馬邑(魏史)○法師曇無最者。武安董氏。靈悟洞徹。學優	004	馬 邑  魏 史   法 師 曇 無 最 者  武 安 董 氏  靈 悟 洞 徹  學 優 
ZH_X76_1517_004:0165a17	程譽。為三寶之良將。即像法之金湯。對論有旨。聲勝	004	程 譽  為 三 寶 之 良 將  即 像 法 之 金 湯  對 論 有 旨  聲 勝 
ZH_X76_1517_004:0165a18	魏史。公卿達儒降階設敬。佛法中興。惟其開務矣。	004	魏 史  公 卿 達 儒 降 階 設 敬  佛 法 中 興  惟 其 開 務 矣  
ZH_X76_1517_004:0165a19	魏主好游騁苑囿。不親視朝。過崇佛法。郊庿之事。多	004	魏 主 好 游 騁 苑 囿  不 親 視 朝  過 崇 佛 法  郊 庿 之 事  多 
ZH_X76_1517_004:0165a20	委有司。張溥惠上疏切諫。以為植不思之冥業。損巨	004	委 有 司  張 溥 惠 上 疏 切 諫  以 為 植 不 思 之 冥 業  損 巨 
ZH_X76_1517_004:0165a21	費於生民。減祿削力。近供無事之僧。崇飾靈殿。遠邀	004	費 於 生 民  減 祿 削 力  近 供 無 事 之 僧  崇 飾 靈 殿  遠 邀 
ZH_X76_1517_004:0165a22	未延之報。昧爽之臣。稽首於外。玄寂之眾。遨遊於內。	004	未 延 之 報  昧 爽 之 臣  稽 首 於 外  玄 寂 之 眾  遨 遊 於 內  
ZH_X76_1517_004:0165a23	愆禮忤時。人靈未穆。愚謂修朝夕之因。求祇劫之福。	004	愆 禮 忤 時  人 靈 未 穆  愚 謂 修 朝 夕 之 因  求 祇 劫 之 福  
ZH_X76_1517_004:0165a24	未若取萬國之懽心。以事其親。使天下和平。灾害不	004	未 若 取 萬 國 之 懽 心  以 事 其 親  使 天 下 和 平  灾 害 不 
ZH_X76_1517_004:0165b01	生也。伏願淑慎威儀。為萬邦作式。恭致郊庿之虔。親	004	生 也  伏 願 淑 慎 威 儀  為 萬 邦 作 式  恭 致 郊 庿 之 虔  親 
ZH_X76_1517_004:0165b02	行朔望之禮。釋奠成均。竭心千畆。量撤僧寺不急之	004	行 朔 望 之 禮  釋 奠 成 均  竭 心 千 畆  量 撤 僧 寺 不 急 之 
ZH_X76_1517_004:0165b03	華。還復百官久折之秩。已造。務令簡約速成。未造者。	004	華  還 復 百 官 久 折 之 秩  已 造  務 令 簡 約 速 成  未 造 者  
ZH_X76_1517_004:0165b04	一切不復更為。則孝悌可以通神明。德教可以光四	004	一 切 不 復 更 為  則 孝 悌 可 以 通 神 明  德 教 可 以 光 四 
ZH_X76_1517_004:0165b05	海。節用愛人。法俗俱賴矣(通鑑)。	004	海  節 用 愛 人  法 俗 俱 賴 矣  通 鑑   
ZH_X76_1517_004:0165b06	辛丑　魏胡太后。熈平初。遣宋雲與比丘慧生。往西	004	辛 丑  魏 胡 太 后  熈 平 初  遣 宋 雲 與 比 丘 慧 生  往 西 
ZH_X76_1517_004:0165b07	域求經冊。朞年至乾羅國。是冬回還。次年二月達洛	004	域 求 經 冊  朞 年 至 乾 羅 國  是 冬 回 還  次 年 二 月 達 洛 
ZH_X76_1517_004:0165b08	陽。得佛經一百七十部。太后令諸路各建五級浮圖。	004	陽  得 佛 經 一 百 七 十 部  太 后 令 諸 路 各 建 五 級 浮 圖  
ZH_X76_1517_004:0165b09	諸王貴官各建寺於洛陽。相高壯嚴。太后數設齋會。	004	諸 王 貴 官 各 建 寺 於 洛 陽  相 高 壯 嚴  太 后 數 設 齋 會  
ZH_X76_1517_004:0165b10	施僧財物。動以萬計。賞賜左右無節。所費不貲(北史及通	004	施 僧 財 物  動 以 萬 計  賞 賜 左 右 無 節  所 費 不 貲  北 史 及 通 
ZH_X76_1517_004:0165b11	鑑)。	004	鑑   
ZH_X76_1517_004:0165b12	癸卯　魏景明之初。世宗命宦者白整。為高祖文昭	004	癸 卯  魏 景 明 之 初  世 宗 命 宦 者 白 整  為 高 祖 文 昭 
ZH_X76_1517_004:0165b13	后。鑿二佛龕於龍門山。皆高百尺。永平中。劉滕復為	004	后  鑿 二 佛 龕 於 龍 門 山  皆 高 百 尺  永 平 中  劉 滕 復 為 
ZH_X76_1517_004:0165b14	世祖鑿一龕。至是二十四年。凡用一十八萬二千餘	004	世 祖 鑿 一 龕  至 是 二 十 四 年  凡 用 一 十 八 萬 二 千 餘 
ZH_X76_1517_004:0165b15	工。而尚未就。餘何為哉(通鑑)○司空任城王澄奏。昔高	004	工  而 尚 未 就  餘 何 為 哉  通 鑑   司 空 任 城 王 澄 奏  昔 高 
ZH_X76_1517_004:0165b16	祖遷都。制城內唯聽置僧尼寺各一。餘皆置於城外。	004	祖 遷 都  制 城 內 唯 聽 置 僧 尼 寺 各 一  餘 皆 置 於 城 外  
ZH_X76_1517_004:0165b17	蓋以道俗殊歸。靜居塵外故也。正始三年。沙門統慧	004	蓋 以 道 俗 殊 歸  靜 居 塵 外 故 也  正 始 三 年  沙 門 統 慧 
ZH_X76_1517_004:0165b18	深。始違前禁。自捲詔不行。私謁彌眾。都城之中。寺踰	004	深  始 違 前 禁  自 捲 詔 不 行  私 謁 彌 眾  都 城 之 中  寺 踰 
ZH_X76_1517_004:0165b19	五百。占奪民居。三分且一。屠沽塵穢。連比雜居。往者	004	五 百  占 奪 民 居  三 分 且 一  屠 沽 塵 穢  連 比 雜 居  往 者 
ZH_X76_1517_004:0165b20	代北有法秀之謀。冀州有大乘之變。太和景明之制	004	代 北 有 法 秀 之 謀  冀 州 有 大 乘 之 變  太 和 景 明 之 制 
ZH_X76_1517_004:0165b21	非圖。使緇素殊途。盖亦以防微杜漸。昔如來闡教。多	004	非 圖  使 緇 素 殊 途  盖 亦 以 防 微 杜 漸  昔 如 來 闡 教  多 
ZH_X76_1517_004:0165b22	依山林。今此僧徒戀着城邑。正以誘於利欲。不能自	004	依 山 林  今 此 僧 徒 戀 着 城 邑  正 以 誘 於 利 欲  不 能 自 
ZH_X76_1517_004:0165b23	已。此乃釋氏之糟糠。法王之社鼠。內戒所不容。國史	004	已  此 乃 釋 氏 之 糟 糠  法 王 之 社 鼠  內 戒 所 不 容  國 史 
ZH_X76_1517_004:0165b24	所共棄也。臣謂。都城內寺。未成可徙者。宜悉徙於郭	004	所 共 棄 也  臣 謂  都 城 內 寺  未 成 可 徙 者  宜 悉 徙 於 郭 
ZH_X76_1517_004:0165c01	外。僧不滿五十者。併小從大。外州亦準此。詔從之。然	004	外  僧 不 滿 五 十 者  併 小 從 大  外 州 亦 準 此  詔 從 之  然 
ZH_X76_1517_004:0165c02	卒不能行○魏有天下。至於斯時。佛經流通。大進中	004	卒 不 能 行  魏 有 天 下  至 於 斯 時  佛 經 流 通  大 進 中 
ZH_X76_1517_004:0165c03	國(通鑑)。	004	國  通 鑑   
ZH_X76_1517_004:0165c04	何胤初侈於味。周顒遣書。勸令菜食。曰變之大者。莫	004	何 胤 初 侈 於 味  周 顒 遣 書  勸 令 菜 食  曰 變 之 大 者  莫 
ZH_X76_1517_004:0165c05	過生死。生之重者。無逾性命。性命之於彼甚切。滋味	004	過 生 死  生 之 重 者  無 逾 性 命  性 命 之 於 彼 甚 切  滋 味 
ZH_X76_1517_004:0165c06	之在我可賖。若三世理誣則可爾。若使此理果然。而	004	之 在 我 可 賖  若 三 世 理 誣 則 可 爾  若 使 此 理 果 然  而 
ZH_X76_1517_004:0165c07	受形未息。一往一來。生死常事。則傷心之慘行。亦自	004	受 形 未 息  一 往 一 來  生 死 常 事  則 傷 心 之 慘 行  亦 自 
ZH_X76_1517_004:0165c08	及。丈人於血味之類。雖不身踐。至於辰雁。夜鯉能不	004	及  丈 人 於 血 味 之 類  雖 不 身 踐  至 於 辰 雁  夜 鯉 能 不 
ZH_X76_1517_004:0165c09	取備於屠門。財具之一經盜手。猶為廉士之所棄。性	004	取 備 於 屠 門  財 具 之 一 經 盜 手  猶 為 廉 士 之 所 棄  性 
ZH_X76_1517_004:0165c10	命之一啟金刀。寧復慈心之所忍。騶虞雖飢。非自死	004	命 之 一 啟 金 刀  寧 復 慈 心 之 所 忍  騶 虞 雖 飢  非 自 死 
ZH_X76_1517_004:0165c11	之草不食。聞其風者。豈不使人多愧。丈人得此有素。	004	之 草 不 食  聞 其 風 者  豈 不 使 人 多 愧  丈 人 得 此 有 素  
ZH_X76_1517_004:0165c12	聊復片言啟發耳。胤由此絕血味。常遇異僧。受以大	004	聊 復 片 言 啟 發 耳  胤 由 此 絕 血 味  常 遇 異 僧  受 以 大 
ZH_X76_1517_004:0165c13	莊嚴論。世所未有者。晚入虎丘山。講維摩經。臨終夢	004	莊 嚴 論  世 所 未 有 者  晚 入 虎 丘 山  講 維 摩 經  臨 終 夢 
ZH_X76_1517_004:0165c14	見天女。六十餘人。列于堂前。寤猶見之。即沐浴衣冠。	004	見 天 女  六 十 餘 人  列 于 堂 前  寤 猶 見 之  即 沐 浴 衣 冠  
ZH_X76_1517_004:0165c15	少頃而卒(舊史)。	004	少 頃 而 卒  舊 史   
ZH_X76_1517_004:0165c16	乙巳　普通六年。魏孝昌元年。西域使還。獲佛爪髮。	004	乙 巳  普 通 六 年  魏 孝 昌 元 年  西 域 使 還  獲 佛 爪 髮  
ZH_X76_1517_004:0165c17	髮青紺色。以物伸之。隨物長短。放之則旋屈為螺○	004	髮 青 紺 色  以 物 伸 之  隨 物 長 短  放 之 則 旋 屈 為 螺  
ZH_X76_1517_004:0165c18	魏明帝聞達磨道德孤高。緇白之眾。靡然趍向。聲震	004	魏 明 帝 聞 達 磨 道 德 孤 高  緇 白 之 眾  靡 然 趍 向  聲 震 
ZH_X76_1517_004:0165c19	洛都。帝三屈詔命。師不出山。帝高之。遂賜二磨訥袈	004	洛 都  帝 三 屈 詔 命  師 不 出 山  帝 高 之  遂 賜 二 磨 訥 袈 
ZH_X76_1517_004:0165c20	裟金銀器物若干。師皆遜去。凡三返。帝終授之(正宗記)	004	裟 金 銀 器 物 若 干  師 皆 遜 去  凡 三 返  帝 終 授 之  正 宗 記  
ZH_X76_1517_004:0165c21	魏孝昌元年。胡太后與魏主。各殿居處。太后對帝謂	004	魏 孝 昌 元 年  胡 太 后 與 魏 主  各 殿 居 處  太 后 對 帝 謂 
ZH_X76_1517_004:0165c22	群臣曰。今隔絕我子母。不聽往來。復何用我為。我當	004	群 臣 曰  今 隔 絕 我 子 母  不 聽 往 來  復 何 用 我 為  我 當 
ZH_X76_1517_004:0165c23	出家於嵩居寺耳。因欲自下髮。帝與群臣。叩頭泣涕。	004	出 家 於 嵩 居 寺 耳  因 欲 自 下 髮  帝 與 群 臣  叩 頭 泣 涕  
ZH_X76_1517_004:0165c24	殷勤苦請。乃止(通鑑)。	004	殷 勤 苦 請  乃 止  通 鑑   
ZH_X76_1517_004:0166a01	丁未　大通元年。武帝於普通元年。作同泰寺。歷七	004	丁 未  大 通 元 年  武 帝 於 普 通 元 年  作 同 泰 寺  歷 七 
ZH_X76_1517_004:0166a02	寒暑。是歲完成。又聞大通門以對之。取其反語相恊。	004	寒 暑  是 歲 完 成  又 聞 大 通 門 以 對 之  取 其 反 語 相 恊  
ZH_X76_1517_004:0166a03	晨夕幸寺。出入是門(通鑑)。	004	晨 夕 幸 寺  出 入 是 門  通 鑑   
ZH_X76_1517_004:0166a04	己酉　改中大通。魏孝莊永安二年。胡太后盡召肅	004	己 酉  改 中 大 通  魏 孝 莊 永 安 二 年  胡 太 后 盡 召 肅 
ZH_X76_1517_004:0166a05	宗後宮。皆令出家。太后亦自落髮(通鑑)。	004	宗 後 宮  皆 令 出 家  太 后 亦 自 落 髮  通 鑑   
ZH_X76_1517_004:0166a06	是年九月癸巳。上幸同泰寺。設四部無遮大會。上釋	004	是 年 九 月 癸 巳  上 幸 同 泰 寺  設 四 部 無遮大會  上 釋 
ZH_X76_1517_004:0166a07	御服持法衣。行清淨行大捨。以便省為房。素床瓦器。	004	御 服 持 法 衣  行 清 淨 行 大 捨  以 便 省 為 房  素 床 瓦 器  
ZH_X76_1517_004:0166a08	乘小車。私人執役甲干。升講堂法座。為四部大眾。開	004	乘 小 車  私 人 執 役 甲 干  升 講 堂 法 座  為 四 部 大 眾  開 
ZH_X76_1517_004:0166a09	涅槃經題。癸卯群臣以錢一億萬。祈白三寶。奉贖皇	004	涅 槃 經 題  癸 卯 群 臣 以 錢 一 億 萬  祈 白 三 寶  奉 贖 皇 
ZH_X76_1517_004:0166a10	帝菩薩。僧眾默許。己巳。百辟詣寺東門。奉表請還宮	004	帝 菩 薩  僧 眾 默 許  己 巳  百 辟 詣 寺 東 門  奉 表 請 還 宮 
ZH_X76_1517_004:0166a11	(通鑑)。	004	 通 鑑   
ZH_X76_1517_004:0166a12	歲己酉。達磨大師。默坐九年。忽謂其徒曰。吾觀東南。	004	歲 己 酉  達 磨 大 師  默 坐 九 年  忽 謂 其 徒 曰  吾 觀 東 南  
ZH_X76_1517_004:0166a13	有大乘氣。而來此土。傳法得人。西返時至。世尊正法	004	有 大 乘 氣  而 來 此 土  傳 法 得 人  西 返 時 至  世 尊 正 法 
ZH_X76_1517_004:0166a14	眼藏。展轉授吾。吾今付汝。吾去後二百餘年。衣止不	004	眼 藏  展 轉 授 吾  吾 今 付 汝  吾 去 後 二 百 餘 年  衣 止 不 
ZH_X76_1517_004:0166a15	傳。法周沙界。潛符密契。千萬有餘。汝當闡化。勿輕未	004	傳  法 周 沙 界  潛 符 密 契  千 萬 有 餘  汝 當 闡 化  勿 輕 未 
ZH_X76_1517_004:0166a16	悟。一念回機。便同本有。乃往禹門山千聖寺。至十月	004	悟  一 念 回 機  便 同 本 有  乃 往 禹 門 山 千 聖 寺  至 十 月 
ZH_X76_1517_004:0166a17	初五日。端坐而逝。世壽一百五十。門人奉全身。葬熊	004	初 五 日  端 坐 而 逝  世 壽 一 百 五 十  門 人 奉 全 身  葬 熊 
ZH_X76_1517_004:0166a18	耳山定林寺○明帝魏使宋雲西域回。遇師于葱嶺。	004	耳 山 定 林 寺  明 帝 魏 使 宋 雲 西 域 回  遇 師 于 葱 嶺  
ZH_X76_1517_004:0166a19	手携隻履。翩翩獨往。雲問師何往。曰西天去。語雲曰。	004	手 携 隻 履  翩 翩 獨 往  雲 問 師 何 往  曰 西 天 去  語 雲 曰  
ZH_X76_1517_004:0166a20	汝主已厭世矣。速歸。雲聞其語。而心忙然。急行歸朝。	004	汝 主 已 厭 世 矣  速 歸  雲 聞 其 語  而 心 忙 然  急 行 歸 朝  
ZH_X76_1517_004:0166a21	孝莊即位。具奏其事。有旨啟壙。唯空棺隻履。舉朝驚	004	孝 莊 即 位  具 奏 其 事  有 旨 啟 壙  唯 空 棺 隻 履  舉 朝 驚 
ZH_X76_1517_004:0166a22	嘆。奉詔取履。於少林寺供養(傳灯載太和十九年卒。訛也。三國魏明帝丁未	004	嘆  奉 詔 取 履  於 少 林 寺 供 養  傳 灯 載 太 和 十 九 年 卒  訛 也  三 國 魏 明 帝 丁 未 
ZH_X76_1517_004:0166a23	改太和。止六年。東晉癈帝改太和。自丙寅止庚午。止五年。豈有魏孝明十九年耶統紀)。○梁武	004	改 太 和  止 六 年  東 晉 癈 帝 改 太 和  自 丙 寅 止 庚 午  止 五 年  豈 有 魏 孝 明 十 九 年 耶 統 紀    梁 武 
ZH_X76_1517_004:0166a24	帝聞師顯化。親製碑。刻于鍾山。其末云。嗟乎見之不	004	帝 聞 師 顯 化  親 製 碑  刻 于 鍾 山  其 末 云  嗟 乎 見 之 不 
ZH_X76_1517_004:0166b01	見。逢之不逢。今之古之。悔之恨之。朕雖一个凡失。感	004	見  逢 之 不 逢  今 之 古 之  悔 之 恨 之  朕 雖 一 个 凡 失  感 
ZH_X76_1517_004:0166b02	師之於後云。至唐代宗。諡曰圓覺大師(釋通鑑)。	004	師 之 於 後 云  至 唐 代 宗  諡 曰 圓 覺 大 師  釋 通 鑑   
ZH_X76_1517_004:0166b03	梁昭明太子統。五歲通五經。十二於內省決獄。天性	004	梁 昭 明 太 子 統  五 歲 通 五 經  十 二 於 內 省 決 獄  天 性 
ZH_X76_1517_004:0166b04	好佛。留心內典。躬自講說。凡釋部經論。披覽略遍。撰	004	好 佛  留 心 內 典  躬 自 講 說  凡 釋 部 經 論  披 覽 略 遍  撰 
ZH_X76_1517_004:0166b05	次法事儀注。及立三諦等義。自出宮二十年。不畜聲	004	次 法 事 儀 注  及 立 三 諦 等 義  自 出 宮 二 十 年  不 畜 聲 
ZH_X76_1517_004:0166b06	樂。唯法為樂。中大通三年。歲辛亥。四月卒。天下哭之。	004	樂  唯 法 為 樂  中 大 通 三 年  歲 辛 亥  四 月 卒  天 下 哭 之  
ZH_X76_1517_004:0166b07	如喪考妣(梁史)。	004	如 喪 考 妣  梁 史   
ZH_X76_1517_004:0166b08	癸丑　五年二月二十六日。帝幸同泰寺。講金剛經。	004	癸 丑  五 年 二 月 二 十 六 日  帝 幸 同 泰 寺  講 金 剛 經  
ZH_X76_1517_004:0166b09	設無遮大會。自皇太子王侯已下百官。六百九十八	004	設 無遮大會  自 皇 太 子 王 侯 已 下 百 官  六 百 九 十 八 
ZH_X76_1517_004:0166b10	人。義學僧等一千人。晝則同心聽受夜則更述制儀。	004	人  義 學 僧 等 一 千 人  晝 則 同 心 聽 受 夜 則 更 述 制 儀  
ZH_X76_1517_004:0166b11	其餘僧尼道士。女冠居士。五眾及外國使人。三十一	004	其 餘 僧 尼 道 士  女 冠 居 士  五 眾 及 外 國 使 人  三 十 一 
ZH_X76_1517_004:0166b12	萬九千六百四十二人。又武衛宿直。復數萬人。天監	004	萬 九 千 六 百 四 十 二 人  又 武 衛 宿 直  復 數 萬 人  天 監 
ZH_X76_1517_004:0166b13	初誌公自持一麈尾扇及銕錫杖奉上。武帝亦未喻	004	初 誌 公 自 持 一 麈 尾 扇 及 銕 錫 杖 奉 上  武 帝 亦 未 喻 
ZH_X76_1517_004:0166b14	其意。至是三十餘年。乃鳴錫升堂。執扇講說者。抑有	004	其 意  至 是 三 十 餘 年  乃 鳴 錫 升 堂  執 扇 講 說 者  抑 有 
ZH_X76_1517_004:0166b15	冥符。是講也。東儲啟請。止許七日。諸僧鑽仰。欲罷不	004	冥 符  是 講 也  東 儲 啟 請  止 許 七 日  諸 僧 鑽 仰  欲 罷 不 
ZH_X76_1517_004:0166b16	能。更延二七。而請益之。乃終于三七日。解講之晨。正	004	能  更 延 二 七  而 請 益 之  乃 終 于 三 七 日  解 講 之 晨  正 
ZH_X76_1517_004:0166b17	殿大像忽放光明。左右菩薩復續放光。帝躬虔禮。大	004	殿 大 像 忽 放 光 明  左 右 菩 薩 復 續 放 光  帝 躬 虔 禮  大 
ZH_X76_1517_004:0166b18	眾咸矚。帝捨施錢銀絹物。直一千九十六萬。皇太子	004	眾 咸 矚  帝 捨 施 錢 銀 絹 物  直 一 千 九 十 六 萬  皇 太 子 
ZH_X76_1517_004:0166b19	奉寶經凾布施。及六宮所捨。六百餘萬。時朝臣至于	004	奉 寶 經 凾 布 施  及 六 宮 所 捨  六 百 餘 萬  時 朝 臣 至 于 
ZH_X76_1517_004:0166b20	民庶。並各隨喜。錢一千一百一十四萬。	004	民 庶  並 各 隨 喜  錢 一 千 一 百 一 十 四 萬  
ZH_X76_1517_004:0166b21	甲寅　梁中大通六年○西魏孝武脩。永熈三年(自甲	004	甲 寅  梁 中 大 通 六 年  西 魏 孝 武 脩  永 熈 三 年  自 甲 
ZH_X76_1517_004:0166b22	寅盡丙申。三主。三十二年)○東魏孝靜善見(天平元年迁都于鄴。自甲寅至庚午。十七	004	寅 盡 丙 申  三 主  三 十 二 年   東 魏 孝 靜 善 見  天 平 元 年 迁 都 于 鄴  自 甲 寅 至 庚 午  十 七 
ZH_X76_1517_004:0166b23	年)。	004	年   
ZH_X76_1517_004:0166b24	魏永寧寺浮圖。是年灾。觀者皆哭。聲振城闕。其塔孝	004	魏 永 寧 寺 浮 圖  是 年 灾  觀 者 皆 哭  聲 振 城 闕  其 塔 孝 
ZH_X76_1517_004:0166c01	昌二年大風發。屋寶缾隨墮。入地十餘丈。命更新。至	004	昌 二 年 大 風 發  屋 寶 缾 隨 墮  入 地 十 餘 丈  命 更 新  至 
ZH_X76_1517_004:0166c02	是二月。為天震焚燼。經餘三月。其年五月。人從東萊	004	是 二 月  為 天 震 焚 燼  經 餘 三 月  其 年 五 月  人 從 東 萊 
ZH_X76_1517_004:0166c03	郡至。見塔在海中。光明儼然。同觀者非一。俄而雲起。	004	郡 至  見 塔 在 海 中  光 明 儼 然  同 觀 者 非 一  俄 而 雲 起  
ZH_X76_1517_004:0166c04	失其所在(感通錄)○是年傅大士遣弟子。傳[目*往]詣闕。奉	004	失 其 所 在  感 通 錄   是 年 傅 大 士 遣 弟 子  傳 [目往] 詣 闕  奉 
ZH_X76_1517_004:0166c05	書有詔。以閏十二月赴闕。帝聞大士神異。預鎻諸門。	004	書 有 詔  以 閏 十 二 月 赴 闕  帝 聞 大 士 神 異  預 鎻 諸 門  
ZH_X76_1517_004:0166c06	大士已知。預作大木槌一雙。先扣一門。諸門皆啟。直	004	大 士 已 知  預 作 大 木 槌 一 雙  先 扣 一 門  諸 門 皆 啟  直 
ZH_X76_1517_004:0166c07	入正言殿。唱拜不從徑。登西國所貢寶榻。帝問大士。	004	入 正 言 殿  唱 拜 不 從 徑  登 西 國 所 貢 寶 榻  帝 問 大 士  
ZH_X76_1517_004:0166c08	師事從誰。答曰。從無所從。師無所師。事無所事。設食	004	師 事 從 誰  答 曰  從 無 所 從  師 無 所 師  事 無 所 事  設 食 
ZH_X76_1517_004:0166c09	竟。還鍾山定林寺。詔令資給。後至己未三月。大士再	004	竟  還 鍾 山 定 林 寺  詔 令 資 給  後 至 己 未 三 月  大 士 再 
ZH_X76_1517_004:0166c10	入都。武帝於壽光殿。共論真諦。傅曰。息而不滅。帝請	004	入 都  武 帝 於 壽 光 殿  共 論 真 諦  傅 曰  息 而 不 滅  帝 請 
ZH_X76_1517_004:0166c11	講金剛經。大士揮案一下而起。帝不省。再請講。大士	004	講 金 剛 經  大 士 揮 案 一 下 而 起  帝 不 省  再 請 講  大 士 
ZH_X76_1517_004:0166c12	乃索拍板升座。唱四十九偈頌。終而去(士三至都本傳)。	004	乃 索 拍 板 升 座  唱 四 十 九 偈 頌  終 而 去  士 三 至 都 本 傳   
ZH_X76_1517_004:0166c13	丁巳　東魏大統三年。定州孫敬德。事觀音甚虔。為	004	丁 巳  東 魏 大 統 三 年  定 州 孫 敬 德  事 觀 音 甚 虔  為 
ZH_X76_1517_004:0166c14	賊橫引。遂妄招承。明日將決。夜夢僧教誦救苦觀音	004	賊 橫 引  遂 妄 招 承  明 日 將 決  夜 夢 僧 教 誦 救 苦 觀 音 
ZH_X76_1517_004:0166c15	經千遍免苦。德方誦及半。有司執縛向市。旦行旦誦。	004	經 千 遍 免 苦  德 方 誦 及 半  有 司 執 縛 向 市  旦 行 旦 誦  
ZH_X76_1517_004:0166c16	臨刑斫之。刀折三段。皮肉不傷。凡三換刀。刀折如初。	004	臨 刑 斫 之  刀 折 三 段  皮 肉 不 傷  凡 三 換 刀  刀 折 如 初  
ZH_X76_1517_004:0166c17	覧刑者問之。以事聞丞相高歡。歡為表請免死。德還	004	覧 刑 者 問 之  以 事 聞 丞 相 高 歡  歡 為 表 請 免 死  德 還 
ZH_X76_1517_004:0166c18	家。僧頃上有三刀痕。今謂高王觀音經是也(齊書)。	004	家  僧 頃 上 有 三 刀 痕  今 謂 高 王 觀 音 經 是 也  齊 書   
ZH_X76_1517_004:0166c19	越之上虞縣李胤。掘地得佛牙像方二寸一邊十二	004	越 之 上 虞 縣 李 胤  掘 地 得 佛 牙 像 方 二 寸 一 邊 十 二 
ZH_X76_1517_004:0166c20	軀一邊十五軀。巧刻妙絕。中有真形舍利六焉。奏上。	004	軀 一 邊 十 五 軀  巧 刻 妙 絕  中 有 真 形 舍 利 六 焉  奏 上  
ZH_X76_1517_004:0166c21	未以為意。至戊午歲。胤衘愆縲紲東冶。舍利降在中	004	未 以 為 意  至 戊 午 歲  胤 衘 愆 縲 紲 東 冶  舍 利 降 在 中 
ZH_X76_1517_004:0166c22	署。光明顯發。大悲救苦。良有以哉。下詔以真形舍利。	004	署  光 明 顯 發  大 悲 救 苦  良 有 以 哉  下 詔 以 真 形 舍 利  
ZH_X76_1517_004:0166c23	復現於世。幽顯皈心。因時布德。允叶人靈。宜承佛力	004	復 現 於 世  幽 顯 皈 心  因 時 布 德  允 叶 人 靈  宜 承 佛 力 
ZH_X76_1517_004:0166c24	弘茲寬大。凡天下罪無輕重。咸赦降之(弘明集)。	004	弘 茲 寬 大  凡 天 下 罪 無 輕 重  咸 赦 降 之  弘 明 集   
ZH_X76_1517_004:0167a01	辛酉　三月十二日。帝於華林園之重雲殿。講金字	004	辛 酉  三 月 十 二 日  帝 於 華 林 園 之 重 雲 殿  講 金 字 
ZH_X76_1517_004:0167a02	般若三慧經。太子王侯。宗室外戚百辟卿士。外域雜	004	般 若 三 慧 經  太 子 王 侯  宗 室 外 戚 百 辟 卿 士  外 域 雜 
ZH_X76_1517_004:0167a03	使。義學千僧。會眾莫不肅容觀聽。凡講二十三日。自	004	使  義 學 千 僧  會 眾 莫 不 肅 容 觀 聽  凡 講 二 十 三 日  自 
ZH_X76_1517_004:0167a04	開講迄於解座。設供普施。京師文武侍衛。並加莊賚	004	開 講 迄 於 解 座  設 供 普 施  京 師 文 武 侍 衛  並 加 莊 賚 
ZH_X76_1517_004:0167a05	焉(梁史)。	004	焉  梁 史   
ZH_X76_1517_004:0167a06	帝常作淨業賦。其序有云。朕不噉魚肉。不與嬪侍同	004	帝 常 作 淨 業 賦  其 序 有 云  朕 不 噉 魚 肉  不 與 嬪 侍 同 
ZH_X76_1517_004:0167a07	處。四十餘年。既不食眾生。無復殺害障。既不御內。無	004	處  四 十 餘 年  既 不 食 眾 生  無 復 殺 害 障  既 不 御 內  無 
ZH_X76_1517_004:0167a08	復欲惡障。除此二障。意識稍明。乃作淨業賦。其略云。	004	復 欲 惡 障  除 此 二 障  意 識 稍 明  乃 作 淨 業 賦  其 略 云  
ZH_X76_1517_004:0167a09	觀人生之天性。抱妙氣而清靜。感外物以動。欲心攀	004	觀 人 生 之 天 性  抱 妙 氣 而 清 靜  感 外 物 以 動  欲 心 攀 
ZH_X76_1517_004:0167a10	緣而成眚。過常發於外塵。累必由於前境懷貪心而	004	緣 而 成 眚  過 常 發 於 外 塵  累 必 由 於 前 境 懷 貪 心 而 
ZH_X76_1517_004:0167a11	不厭。縱內意而自騁。耳留連於絲竹。眼轉移於五色。	004	不 厭  縱 內 意 而 自 騁  耳 留 連 於 絲 竹  眼 轉 移 於 五 色  
ZH_X76_1517_004:0167a12	香氣馞起。觸鼻發識。舌之受味。甘口噉食。身之受觸。	004	香 氣 馞 起  觸 鼻 發 識  舌 之 受 味  甘 口 噉 食  身 之 受 觸  
ZH_X76_1517_004:0167a13	以自安怡。細腰纖手。弱骨豐肌。附身芳潔。觸體如脂。	004	以 自 安 怡  細 腰 纖 手  弱 骨 豐 肌  附 身 芳 潔  觸 體 如 脂  
ZH_X76_1517_004:0167a14	狂心迷惑倒想自欺。如是六塵。同障善道。方紫奪朱。	004	狂 心 迷 惑 倒 想 自 欺  如 是 六 塵  同 障 善 道  方 紫 奪 朱  
ZH_X76_1517_004:0167a15	如風靡草。抱感而生。與之偕老。隨逐無明。莫非煩惱。	004	如 風 靡 草  抱 感 而 生  與 之 偕 老  隨 逐 無 明  莫 非 煩 惱  
ZH_X76_1517_004:0167a16	由是外清眼境。內淨心塵。與德相隨。與道為隣。見淨	004	由 是 外 清 眼 境  內 淨 心 塵  與 德 相 隨  與 道 為 隣  見 淨 
ZH_X76_1517_004:0167a17	業之可愛。以不殺而為因。離欲惡而自脩。故無障於	004	業 之 可 愛  以 不 殺 而 為 因  離 欲 惡 而 自 脩  故 無 障 於 
ZH_X76_1517_004:0167a18	精神。患累已除。障礙亦淨。如久澄水。如新磨鏡。外照	004	精 神  患 累 已 除  障 礙 亦 淨  如 久 澄 水  如 新 磨 鏡  外 照 
ZH_X76_1517_004:0167a19	多像。內見眾病。既除客塵。返還自性。心清若水。志潔	004	多 像  內 見 眾 病  既 除 客 塵  返 還 自 性  心 清 若 水  志 潔 
ZH_X76_1517_004:0167a20	如雪。結縛既除。憂畏亦滅。與恩愛而長。違[(厂@?)*頁]生死。而	004	如 雪  結 縛 既 除  憂 畏 亦 滅  與 恩 愛 而 長  違 [厂頁] 生 死  而 
ZH_X76_1517_004:0167a21	永別(具見弘明集)。	004	永 別  具 見 弘 明 集   
ZH_X76_1517_004:0167a22	甲子　梁大同十年大士。寶公顯跡。四十餘年。名播	004	甲 子  梁 大 同 十 年 大 士  寶 公 顯 跡  四 十 餘 年  名 播 
ZH_X76_1517_004:0167a23	寰宇。帝尊師之。一日問曰。朕社稷存亡久近。公自指	004	寰 宇  帝 尊 師 之  一 日 問 曰  朕 社 稷 存 亡 久 近  公 自 指 
ZH_X76_1517_004:0167a24	其喉。及頸示之。蓋讖侯景也。又問繼吾後者誰。公曰。	004	其 喉  及 頸 示 之  蓋 讖 侯 景 也  又 問 繼 吾 後 者 誰  公 曰  
ZH_X76_1517_004:0167b01	湖裏生塵(陳覇先生於湖州也)。後復詢社稷之事。公曰。貧道塔	004	湖 裏 生 塵  陳 覇 先 生 於 湖 州 也   後 復 詢 社 稷 之 事  公 曰  貧 道 塔 
ZH_X76_1517_004:0167b02	壞。陛下社稷隨滅。	004	壞  陛 下 社 稷 隨 滅  
ZH_X76_1517_004:0167b03	丙寅　中大同元年。公將示寂。帝出外。公詣內殿。然	004	丙 寅  中 大 同 元 年  公 將 示 寂  帝 出 外  公 詣 內 殿  然 
ZH_X76_1517_004:0167b04	一燭付後閤。舍人以聞帝。帝歸見公出去。帝曰。師不	004	一 燭 付 後 閤  舍 人 以 聞 帝  帝 歸 見 公 出 去  帝 曰  師 不 
ZH_X76_1517_004:0167b05	復留矣。以後事囑我乎。回山以十二月六日入滅。壽	004	復 留 矣  以 後 事 囑 我 乎  回 山 以 十 二 月 六 日 入 滅  壽 
ZH_X76_1517_004:0167b06	九十三。奉勑造木塔于鍾山。獨龍崗王均撰紀德碑。	004	九 十 三  奉 勑 造 木 塔 于 鍾 山  獨 龍 崗 王 均 撰 紀 德 碑  
ZH_X76_1517_004:0167b07	並畢。帝忽思木塔。其能久乎。遂撤之。改創石塔。貴圖	004	並 畢  帝 忽 思 木 塔  其 能 久 乎  遂 撤 之  改 創 石 塔  貴 圖 
ZH_X76_1517_004:0167b08	不朽。以應其讖也。折塔纔畢。侯景之兵至矣。誌公滅	004	不 朽  以 應 其 讖 也  折 塔 纔 畢  侯 景 之 兵 至 矣  誌 公 滅 
ZH_X76_1517_004:0167b09	後。至宋太宗大平興國七年。降現城市。太宗降詔。避	004	後  至 宋 太 宗 大 平 興 國 七 年  降 現 城 市  太 宗 降 詔  避 
ZH_X76_1517_004:0167b10	諱稱寶公。真宗大中祥符六年。加諡寶公道林真覺	004	諱 稱 寶 公  真 宗 大 中 祥 符 六 年  加 諡 寶 公 道 林 真 覺 
ZH_X76_1517_004:0167b11	大師(一云。天監十三甲午歲。示寂。南史及事物紀厚)。楊文公談苑。記沙門	004	大 師  一 云  天 監 十 三 甲 午 歲  示 寂  南 史 及 事 物 紀 厚   楊 文 公 談 苑  記 沙 門 
ZH_X76_1517_004:0167b12	寶公銅牌。記讖未來事云。有一真人在冀州。開口張	004	寶 公 銅 牌  記 讖 未 來 事 云  有 一 真 人 在 冀 州  開 口 張 
ZH_X76_1517_004:0167b13	弓在左邊。子子孫孫萬萬年。江南中主名其子。曰弘	004	弓 在 左 邊  子 子 孫 孫 萬 萬 年  江 南 中 主 名 其 子  曰 弘 
ZH_X76_1517_004:0167b14	冀。吳越錢謬諸子皆連弘字。期以應之。而宋宣祖之	004	冀  吳 越 錢 謬 諸 子 皆 連 弘 字  期 以 應 之  而 宋 宣 祖 之 
ZH_X76_1517_004:0167b15	諱。正當是也。	004	諱  正 當 是 也  
ZH_X76_1517_004:0167b16	同泰寺浮圖灾。上曰。此魔也。宜廣為佛事。群臣稱善。	004	同 泰 寺 浮 圖 灾  上 曰  此 魔 也  宜 廣 為 佛 事  群 臣 稱 善  
ZH_X76_1517_004:0167b17	下詔曰。道高魔盛。行善障生。當窮茲木土。倍增往日。	004	下 詔 曰  道 高 魔 盛  行 善 障 生  當 窮 茲 木 土  倍 增 往 日  
ZH_X76_1517_004:0167b18	遂起十二層浮圖(通鑑)。	004	遂 起 十 二 層 浮 圖  通 鑑   
ZH_X76_1517_004:0167b19	己巳　大清三年四月。逆賊侯景陷臺城。懲求無已。	004	己 巳  大 清 三 年 四 月  逆 賊 侯 景 陷 臺 城  懲 求 無 已  
ZH_X76_1517_004:0167b20	帝憤之染疾。然齋戒不衰。念佛不輟。五月大漸。進膳	004	帝 憤 之 染 疾  然 齋 戒 不 衰  念 佛 不 輟  五 月 大 漸  進 膳 
ZH_X76_1517_004:0167b21	不飡。久而索蜜。未至。遂崩于淨居殿。壽八十六○太	004	不 飡  久 而 索 蜜  未 至  遂 崩 于 淨 居 殿  壽 八 十 六  太 
ZH_X76_1517_004:0167b22	宗簡文帝綱即位。	004	宗 簡 文 帝 綱 即 位  
ZH_X76_1517_004:0167b23	帝雖億兆務殷。而卷不釋手。察好聽訟。明若通神。躬	004	帝 雖 億 兆 務 殷  而 卷 不 釋 手  察 好 聽 訟  明 若 通 神  躬 
ZH_X76_1517_004:0167b24	務儉約。體安菲素。外絕三驅之禮。內屏十鍾之宴。自	004	務 儉 約  體 安 菲 素  外 絕 三 驅 之 禮  內 屏 十 鍾 之 宴  自 
ZH_X76_1517_004:0167c01	非宗廣祭祀。及諸法事不許音樂。所謂道資人弘。理	004	非 宗 廣 祭 祀  及 諸 法 事 不 許 音 樂  所 謂 道 資 人 弘  理 
ZH_X76_1517_004:0167c02	無虗授。事藉躬親。民信乃至。帝自受戒後。口味備斷。	004	無 虗 授  事 藉 躬 親  民 信 乃 至  帝 自 受 戒 後  口 味 備 斷  
ZH_X76_1517_004:0167c03	日止一食。菜羮糲飯而矣。或遇事繁。日移中則[口*敕]口	004	日 止 一 食  菜 羮 糲 飯 而 矣  或 遇 事 繁  日 移 中 則 [口敕] 口 
ZH_X76_1517_004:0167c04	以過。後宮侍御皆無羅綺。膳夫所掌。歲撤萬金。掖庭	004	以 過  後 宮 侍 御 皆 無 羅 綺  膳 夫 所 掌  歲 撤 萬 金  掖 庭 
ZH_X76_1517_004:0167c05	之費。年減巨億四千以上。便斷房室內殿。寢處衣衾	004	之 費  年 減 巨 億 四 千 以 上  便 斷 房 室 內 殿  寢 處 衣 衾 
ZH_X76_1517_004:0167c06	率素布被。莞席草履。葛中闇室亦理衣冠。暑月未甞	004	率 素 布 被  莞 席 草 履  葛 中 闇 室 亦 理 衣 冠  暑 月 未 甞 
ZH_X76_1517_004:0167c07	褰袒。便殿所居。略同沙門。傍無侍御。顧無玩具。左右	004	褰 袒  便 殿 所 居  略 同 沙 門  傍 無 侍 御  顧 無 玩 具  左 右 
ZH_X76_1517_004:0167c08	唯經書卷軸。所對唯缾錫香爐。味旦坐朝日。肝乃息。	004	唯 經 書 卷 軸  所 對 唯 缾 錫 香 爐  味 旦 坐 朝 日  肝 乃 息  
ZH_X76_1517_004:0167c09	夜尋法寶。明發不寐。所利唯人。所約唯己。誠起居之	004	夜 尋 法 寶  明 發 不 寐  所 利 唯 人  所 約 唯 己  誠 起 居 之 
ZH_X76_1517_004:0167c10	常事。乃禁中之實錄。自古帝王莫能爾也。由是一人	004	常 事  乃 禁 中 之 實 錄  自 古 帝 王 莫 能 爾 也  由 是 一 人 
ZH_X76_1517_004:0167c11	履道。四方化之。國內普持六齋。兆民皆受八戒。每斷	004	履 道  四 方 化 之  國 內 普 持 六 齋  兆 民 皆 受 八 戒  每 斷 
ZH_X76_1517_004:0167c12	重罪。終日不擇。講解著辭。財法兼施。宮中佛像悉放	004	重 罪  終 日 不 擇  講 解 著 辭  財 法 兼 施  宮 中 佛 像 悉 放 
ZH_X76_1517_004:0167c13	光明。夜必澍雨。朝則晴霽。天地震動。異香滿融。舉國	004	光 明  夜 必 澍 雨  朝 則 晴 霽  天 地 震 動  異 香 滿 融  舉 國 
ZH_X76_1517_004:0167c14	歸敬。咸希席脫。法事之盛。振古未有。靈異萬端。具如	004	歸 敬  咸 希 席 脫  法 事 之 盛  振 古 未 有  靈 異 萬 端  具 如 
ZH_X76_1517_004:0167c15	陸雲之序云耳○隱子論。或謂梁因佛而亡。蓋亦未	004	陸 雲 之 序 云 耳  隱 子 論  或 謂 梁 因 佛 而 亡  蓋 亦 未 
ZH_X76_1517_004:0167c16	之思耶。請以漢武校之。兩漢南北之君。享國年深。唯	004	之 思 耶  請 以 漢 武 校 之  兩 漢 南 北 之 君  享 國 年 深  唯 
ZH_X76_1517_004:0167c17	漢梁二武恢崇庠序。養育人材一也。漢學仙。梁學佛。	004	漢 梁 二 武 恢 崇 庠 序  養 育 人 材 一 也  漢 學 仙  梁 學 佛  
ZH_X76_1517_004:0167c18	所好亦一也。而漢武在位。五十四年。莫尊寵方士。壅	004	所 好 亦 一 也  而 漢 武 在 位  五 十 四 年  莫 尊 寵 方 士  壅 
ZH_X76_1517_004:0167c19	曠萬機。窮兵黷武。帑廩整然。民有離心。而不敗者何	004	曠 萬 機  窮 兵 黷 武  帑 廩 整 然  民 有 離 心  而 不 敗 者 何 
ZH_X76_1517_004:0167c20	也。漢未甞去兵也。梁末年漸踈將佐。去甲兵。此其所	004	也  漢 未 甞 去 兵 也  梁 末 年 漸 踈 將 佐  去 甲 兵  此 其 所 
ZH_X76_1517_004:0167c21	以先敗也。嵩公廣原教曰。教不可泥。道不可罔。過與	004	以 先 敗 也  嵩 公 廣 原 教 曰  教 不 可 泥  道 不 可 罔  過 與 
ZH_X76_1517_004:0167c22	不及。其為患一也。夫事有宜。理有至。從其宜而宜之。	004	不 及  其 為 患 一 也  夫 事 有 宜  理 有 至  從 其 宜 而 宜 之  
ZH_X76_1517_004:0167c23	所以為聖人之教也。即其至而至之。所以為聖人之	004	所 以 為 聖 人 之 教 也  即 其 至 而 至 之  所 以 為 聖 人 之 
ZH_X76_1517_004:0167c24	道也。梁之武帝。齊之文宜。反其宣而事教。不亦泥乎。	004	道 也  梁 之 武 帝  齊 之 文 宜  反 其 宣 而 事 教  不 亦 泥 乎  
ZH_X76_1517_004:0168a01	魏周二君。泥其至而預道。不亦罔乎。此釋子之苟時。	004	魏 周 二 君  泥 其 至 而 預 道  不 亦 罔 乎  此 釋 子 之 苟 時  
ZH_X76_1517_004:0168a02	君之泥佛也如此。以是驗梁之泥教。不為不失。蓋學	004	君 之 泥 佛 也 如 此  以 是 驗 梁 之 泥 教  不 為 不 失  蓋 學 
ZH_X76_1517_004:0168a03	佛自有中道也。梁雖泥道為失。然不由是而致敗。其	004	佛 自 有 中 道 也  梁 雖 泥 道 為 失  然 不 由 是 而 致 敗  其 
ZH_X76_1517_004:0168a04	弊在乎弛武踈賢也。要之隆汙有定數。不可以苟延	004	弊 在 乎 弛 武 踈 賢 也  要 之 隆 汙 有 定 數  不 可 以 苟 延 
ZH_X76_1517_004:0168a05	之也。自古君臣父子纂弑。狂盜內悔。何可勝紀。今曲	004	之 也  自 古 君 臣 父 子 纂 弑  狂 盜 內 悔  何 可 勝 紀  今 曲 
ZH_X76_1517_004:0168a06	言侯景之叛。而誣於佛何耶。共工之於伏羲。蚩尤之	004	言 侯 景 之 叛  而 誣 於 佛 何 耶  共 工 之 於 伏 羲  蚩 尤 之 
ZH_X76_1517_004:0168a07	於黃帝。羿促之於夏楚。昭王不反。申之於周。弑幽勝	004	於 黃 帝  羿 促 之 於 夏 楚  昭 王 不 反  申 之 於 周  弑 幽 勝 
ZH_X76_1517_004:0168a08	廣之於秦。賈充成濟之於魏。劉石之於晉。爾朱之於	004	廣 之 於 秦  賈 充 成 濟 之 於 魏  劉 石 之 於 晉  爾 朱 之 於 
ZH_X76_1517_004:0168a09	元魏。祿山朱泚黃巢之於唐。何代而無侯景也。旦以	004	元 魏  祿 山 朱 泚 黃 巢 之 於 唐  何 代 而 無 侯 景 也  旦 以 
ZH_X76_1517_004:0168a10	子之殺父。如景之狂。何憚而不為哉。景雖陷臺城。不	004	子 之 殺 父  如 景 之 狂  何 憚 而 不 為 哉  景 雖 陷 臺 城  不 
ZH_X76_1517_004:0168a11	加弑逆於武帝。何可加訾乎。	004	加 弑 逆 於 武 帝  何 可 加 訾 乎  
ZH_X76_1517_004:0168a12	庚午　梁簡文大寶元年　西魏文帝大統十六年	004	庚 午  梁 簡 文 大 寶 元 年  西 魏 文 帝 大 統 十 六 年 
ZH_X76_1517_004:0168a13	　北齊文帝高洋丞。受東魏禪。即位晉陽(自庚午盡丁酉。五主。	004	 北 齊 文 帝 高 洋 丞  受 東 魏 禪  即 位 晉 陽  自 庚 午 盡 丁 酉  五 主  
ZH_X76_1517_004:0168a14	一十八年)。	004	一 十 八 年   
ZH_X76_1517_004:0168a15	簡文帝。委心妙法。遍覽玄章。撰法集二百卷。法寶聯	004	簡 文 帝  委 心 妙 法  遍 覽 玄 章  撰 法 集 二 百 卷  法 寶 聯 
ZH_X76_1517_004:0168a16	璧四百餘篇。刺血寫般若十部。造資敬報恩二寺。然	004	璧 四 百 餘 篇  刺 血 寫 般 若 十 部  造 資 敬 報 恩 二 寺  然 
ZH_X76_1517_004:0168a17	天姿高明。而德性柔懦。終為侯景所制。不能自立。亦	004	天 姿 高 明  而 德 性 柔 懦  終 為 侯 景 所 制  不 能 自 立  亦 
ZH_X76_1517_004:0168a18	時數使然也(卞正)○帝登重雲殿。侯景與帝禮佛。為誓	004	時 數 使 然 也  卞 正   帝 登 重 雲 殿  侯 景 與 帝 禮 佛  為 誓 
ZH_X76_1517_004:0168a19	云。自今君臣。兩無猜貳。臣固不負陛下。陛下亦不得	004	云  自 今 君 臣  兩 無 猜 貳  臣 固 不 負 陛 下  陛 下 亦 不 得 
ZH_X76_1517_004:0168a20	負臣。	004	負 臣  
ZH_X76_1517_004:0168a21	北齊。顯祖文宣帝高洋。是年五月。受東魏孝靜帝禪	004	北 齊  顯 祖 文 宣 帝 高 洋  是 年 五 月  受 東 魏 孝 靜 帝 禪 
ZH_X76_1517_004:0168a22	即位。改元天保。帝佛慧早修。聖智罕測。既臨大祚。興	004	即 位  改 元 天 保  帝 佛 慧 早 修  聖 智 罕 測  既 臨 大 祚  興 
ZH_X76_1517_004:0168a23	隆佛教。明年詔曰。仰惟慈明。緝寧四海。欲報之德正	004	隆 佛 教  明 年 詔 曰  仰 惟 慈 明  緝 寧 四 海  欲 報 之 德 正 
ZH_X76_1517_004:0168a24	覺。是憑諸鷙鳥傷生之類。宜放之山林。為太皇太后。	004	覺  是 憑 諸 鷙 鳥 傷 生 之 類  宜 放 之 山 林  為 太 皇 太 后  
ZH_X76_1517_004:0168b01	建立寶塔。廢鷹師曹。為報德寺。	004	建 立 寶 塔  廢 鷹 師 曹  為 報 德 寺  
ZH_X76_1517_004:0168b02	從開闢以來。此至辛未歲。凡二百八十三代七十	004	從 開 闢 以 來  此 至 辛 未 歲  凡 二 百 八 十 三 代 七 十 
ZH_X76_1517_004:0168b03	六萬二千四百一十五年○世尊般涅槃至此年。	004	六 萬 二 千 四 百 一 十 五 年  世 尊 般 涅 槃 至 此 年  
ZH_X76_1517_004:0168b04	一千五百載。	004	一 千 五 百 載  
ZH_X76_1517_004:0168b05	壬申　後梁世祖元帝繹。改承聖元年。即湘東王也。	004	壬 申  後 梁 世 祖 元 帝 繹  改 承 聖 元 年  即 湘 東 王 也  
ZH_X76_1517_004:0168b06	三月大敗侯景軍。景走尋為侯瑱殺之。十一月繹即	004	三 月 大 敗 侯 景 軍  景 走 尋 為 侯 瑱 殺 之  十 一 月 繹 即 
ZH_X76_1517_004:0168b07	位于江陵。是為世祖元帝。帝體性多能入微靈悟。造	004	位 于 江 陵  是 為 世 祖 元 帝  帝 體 性 多 能 入 微 靈 悟  造 
ZH_X76_1517_004:0168b08	天居天宮二寺。每講法華經。解成寶論(卞正)。	004	天 居 天 宮 二 寺  每 講 法 華 經  解 成 寶 論  卞 正   
ZH_X76_1517_004:0168b09	北齊。是年。詔僧稠禪師至京。帝躬舉大駕。出郊迎之。	004	北 齊  是 年  詔 僧 稠 禪 師 至 京  帝 躬 舉 大 駕  出 郊 迎 之  
ZH_X76_1517_004:0168b10	稠年過七十。神宇清曠。帝扶接入內。為說正理。拜受	004	稠 年 過 七 十  神 宇 清 曠  帝 扶 接 入 內  為 說 正 理  拜 受 
ZH_X76_1517_004:0168b11	禪道。自是彌承請誨。篤敬殷重。因受菩薩戒。於是斷	004	禪 道  自 是 彌 承 請 誨  篤 敬 殷 重  因 受 菩 薩 戒  於 是 斷 
ZH_X76_1517_004:0168b12	酒禁肉。放捨鷹鷂。去官畋漁。鬱成仁國。又斷天下屠	004	酒 禁 肉  放 捨 鷹 鷂  去 官 畋 漁  鬱 成 仁 國  又 斷 天 下 屠 
ZH_X76_1517_004:0168b13	殺。於是年三月。大勸民齋戒。官因私菜。葷辛悉除。稠	004	殺  於 是 年 三 月  大 勸 民 齋 戒  官 因 私 菜  葷 辛 悉 除  稠 
ZH_X76_1517_004:0168b14	留禁中。四十餘日。因辭還山。敕於鄴城建雲門寺居	004	留 禁 中  四 十 餘 日  因 辭 還 山  敕 於 鄴 城 建 雲 門 寺 居 
ZH_X76_1517_004:0168b15	之。一日帝駕幸謁稠。稠床坐不迎。有讒於帝。帝將入	004	之  一 日 帝 駕 幸 謁 稠  稠 床 坐 不 迎  有 讒 於 帝  帝 將 入 
ZH_X76_1517_004:0168b16	寺。按其不敬。稠知之。預出二十里外候。帝及至。怪問	004	寺  按 其 不 敬  稠 知 之  預 出 二 十 里 外 候  帝 及 至  怪 問 
ZH_X76_1517_004:0168b17	其故。稠曰。恐身不淨穢污伽藍。在此候耳。帝愧悔無	004	其 故  稠 曰  恐 身 不 淨 穢 污 伽 藍  在 此 候 耳  帝 愧 悔 無 
ZH_X76_1517_004:0168b18	已。乃躬負稠身往寺。稠不受。帝曰。弟子負師。行遍天	004	已  乃 躬 負 稠 身 往 寺  稠 不 受  帝 曰  弟 子 負 師  行 遍 天 
ZH_X76_1517_004:0168b19	下。未足謝愆。因問弟子。前身曾作何等。答曰。曾作羅	004	下  未 足 謝 愆  因 問 弟 子  前 身 曾 作 何 等  答 曰  曾 作 羅 
ZH_X76_1517_004:0168b20	剎王。是以今猶好殺。即呪盆水。令帝自觀其形。果然。	004	剎 王  是 以 今 猶 好 殺  即 呪 盆 水  令 帝 自 觀 其 形  果 然  
ZH_X76_1517_004:0168b21	帝大驚。自是坐禪行道。尤銳於前。仍勑諸州。別置禪	004	帝 大 驚  自 是 坐 禪 行 道  尤 銳 於 前  仍 勑 諸 州  別 置 禪 
ZH_X76_1517_004:0168b22	肆。令達定慧者。就而教授。國儲分為三分。一以供國。	004	肆  令 達 定 慧 者  就 而 教 授  國 儲 分 為 三 分  一 以 供 國  
ZH_X76_1517_004:0168b23	一以自用。一供三寶。自是徹情皈向。通古無倫。大起	004	一 以 自 用  一 供 三 寶  自 是 徹 情 皈 向  通 古 無 倫  大 起 
ZH_X76_1517_004:0168b24	寺塔。僧尼滿於諸州。佛法東流。此焉盛矣(僧史)。	004	寺 塔  僧 尼 滿 於 諸 州  佛 法 東 流  此 焉 盛 矣  僧 史   
ZH_X76_1517_004:0168c01	甲戌　魏大統中。詔僧實禪師曰。師目麗重瞳。偏同	004	甲 戌  魏 大 統 中  詔 僧 實 禪 師 曰  師 目 麗 重 瞳  偏 同 
ZH_X76_1517_004:0168c02	虞舜。背隆傴僂。分似周公。德宇純懿。軌量難模。可昭	004	虞 舜  背 隆 傴 僂  分 似 周 公  德 宇 純 懿  軌 量 難 模  可 昭 
ZH_X76_1517_004:0168c03	玄三藏言為世寶(云云)。至是復以師才深德大。請為	004	玄 三 藏 言 為 世 寶  云 云   至 是 復 以 師 才 深 德 大  請 為 
ZH_X76_1517_004:0168c04	國三藏。自是陶化京華。久而愈盛(僧史)。	004	國 三 藏  自 是 陶 化 京 華  久 而 愈 盛  僧 史   
ZH_X76_1517_004:0168c05	初梁武帝造金像二軀。作重雲殿。禮事五十許年。至	004	初 梁 武 帝 造 金 像 二 軀  作 重 雲 殿  禮 事 五 十 許 年  至 
ZH_X76_1517_004:0168c06	是江左未定。利害相雄。王僧辨乃遣杜龕典衛宮闕。	004	是 江 左 未 定  利 害 相 雄  王 僧 辨 乃 遣 杜 龕 典 衛 宮 闕  
ZH_X76_1517_004:0168c07	龕性頑凶。欲毀二像為鋌。先令數人上三休閣。令鑱	004	龕 性 頑 凶  欲 毀 二 像 為 鋌  先 令 數 人 上 三 休 閣  令 鑱 
ZH_X76_1517_004:0168c08	佛頂。鎚鑿始舉。二像一時回顧。所遣諸人臂不能舉。	004	佛 頂  鎚 鑿 始 舉  二 像 一 時 回 顧  所 遣 諸 人 臂 不 能 舉  
ZH_X76_1517_004:0168c09	失瘖如醉。杜龕亦然。仍見金剛競來擊之。舉體洪爛。	004	失 瘖 如 醉  杜 龕 亦 然  仍 見 金 剛 競 來 擊 之  舉 體 洪 爛  
ZH_X76_1517_004:0168c10	穿皮露骨而死(感通錄)。	004	穿 皮 露 骨 而 死  感 通 錄   
ZH_X76_1517_004:0168c11	北齊文宣帝。大興佛法。天保中。道士陸脩靜。會梁武	004	北 齊 文 宣 帝  大 興 佛 法  天 保 中  道 士 陸 脩 靜  會 梁 武 
ZH_X76_1517_004:0168c12	帝開運。天監三年下敕捨道崇佛。靜與門徒。叛入齊。傾	004	帝 開 運  天 監 三 年 下 敕 捨 道 崇 佛  靜 與 門 徒  叛 入 齊  傾 
ZH_X76_1517_004:0168c13	散金玉。贈諸貴游。託以襟期。冀興道教。帝乃出勑。召	004	散 金 玉  贈 諸 貴 游  託 以 襟 期  冀 興 道 教  帝 乃 出 勑  召 
ZH_X76_1517_004:0168c14	諸沙門。與道士校術。道士呪諸沙門。衣鉢或轉。呪諸	004	諸 沙 門  與 道 士 校 術  道 士 呪 諸 沙 門  衣 鉢 或 轉  呪 諸 
ZH_X76_1517_004:0168c15	方梁。或橫或堅。沙門默無一對。士女貴賤。並以靜徒	004	方 梁  或 橫 或 堅  沙 門 默 無 一 對  士 女 貴 賤  並 以 靜 徒 
ZH_X76_1517_004:0168c16	為勝。靜乃高談自矜。唱言。神通權設。抑挫強侮。沙門	004	為 勝  靜 乃 高 談 自 矜  唱 言  神 通 權 設  抑 挫 強 侮  沙 門 
ZH_X76_1517_004:0168c17	現一。我當現二。今薄示微術。並辭出退。事亦可見。帝	004	現 一  我 當 現 二  今 薄 示 微 術  並 辭 出 退  事 亦 可 見  帝 
ZH_X76_1517_004:0168c18	命上統。令與靜捔試。上曰。方術小伎。俗儒之耻。況出	004	命 上 統  令 與 靜 捔 試  上 曰  方 術 小 伎  俗 儒 之 耻  況 出 
ZH_X76_1517_004:0168c19	世也。然天命相拒。豈得無言。可令最下座僧對之。時	004	世 也  然 天 命 相 拒  豈 得 無 言  可 令 最 下 座 僧 對 之  時 
ZH_X76_1517_004:0168c20	釋曇顯位居末席。酒醉酣盛。扶輿上座。因立而笑。語	004	釋 曇 顯 位 居 末 席  酒 醉 酣 盛  扶 輿 上 座  因 立 而 笑  語 
ZH_X76_1517_004:0168c21	李宗云。向誇現術。一之與二。深有其致。即於座上翅	004	李 宗 云  向 誇 現 術  一 之 與 二  深 有 其 致  即 於 座 上 翅 
ZH_X76_1517_004:0168c22	一足而立曰。吾已現一。卿當現二。各無言對。顯曰。呪	004	一 足 而 立 曰  吾 已 現 一  卿 當 現 二  各 無 言 對  顯 曰  呪 
ZH_X76_1517_004:0168c23	諸衣物飛舉者。試卿術耳。命取稠禪師衣鉢呪之。皆	004	諸 衣 物 飛 舉 者  試 卿 術 耳  命 取 稠 禪 師 衣 鉢 呪 之  皆 
ZH_X76_1517_004:0168c24	無動搖。帝勑十人舉之。不動如故。乃以衣置諸梁木。	004	無 動 搖  帝 勑 十 人 舉 之  不 動 如 故  乃 以 衣 置 諸 梁 木  
ZH_X76_1517_004:0169a01	怗然無驗。諸道士相[(厂@?)*頁]無顏。猶以言辨為勝。乃曰。佛	004	怗 然 無 驗  諸 道 士 相 [厂頁] 無 顏  猶 以 言 辨 為 勝  乃 曰  佛 
ZH_X76_1517_004:0169a02	家自號為內則小也。詺道家為外則大也。顯應聲曰。	004	家 自 號 為 內 則 小 也  詺 道 家 為 外 則 大 也  顯 應 聲 曰  
ZH_X76_1517_004:0169a03	天子處內。定小庶人矣。靜與其徒。緘口無言。文宣處	004	天 子 處 內  定 小 庶 人 矣  靜 與 其 徒  緘 口 無 言  文 宣 處 
ZH_X76_1517_004:0169a04	座。自驗臧否。其徒求哀濟度。皆捨邪歸正。勑令剃染。	004	座  自 驗 臧 否  其 徒 求 哀 濟 度  皆 捨 邪 歸 正  勑 令 剃 染  
ZH_X76_1517_004:0169a05	曰號神仙者。並上三爵臺。令其投身飛游。悉委尸于	004	曰 號 神 仙 者  並 上 三 爵 臺  令 其 投 身 飛 游  悉 委 尸 于 
ZH_X76_1517_004:0169a06	地。偽妄斯伏。乃下詔曰。法門不二。真宗在一。求之正	004	地  偽 妄 斯 伏  乃 下 詔 曰  法 門 不 二  真 宗 在 一  求 之 正 
ZH_X76_1517_004:0169a07	路。寂泊為本。祭酒道士。世中假妄俗人未悟。乃有秪	004	路  寂 泊 為 本  祭 酒 道 士  世 中 假 妄 俗 人 未 悟  乃 有 秪 
ZH_X76_1517_004:0169a08	崇。麴糵是味。清虗焉在。瞿晡斯甜。慈悲永隔。上異仁	004	崇  麴 糵 是 味  清 虗 焉 在  瞿 晡 斯 甜  慈 悲 永 隔  上 異 仁 
ZH_X76_1517_004:0169a09	祠。下乖祭典。宜皆禁絕。不復遵事。頒勑遠近。咸使知	004	祠  下 乖 祭 典  宜 皆 禁 絕  不 復 遵 事  頒 勑 遠 近  咸 使 知 
ZH_X76_1517_004:0169a10	聞。其道士歸依者。並付昭玄大統上法師。度聽出家。	004	聞  其 道 士 歸 依 者  並 付 昭 玄 大 統 上 法 師  度 聽 出 家  
ZH_X76_1517_004:0169a11	廣如別傳。于時齊境一心奉佛。國無兩事。迄于隋運	004	廣 如 別 傳  于 時 齊 境 一 心 奉 佛  國 無 兩 事  迄 于 隋 運 
ZH_X76_1517_004:0169a12	○顯公者上統。揣其骨則千里驥足異世同駕。以皃	004	 顯 公 者 上 統  揣 其 骨 則 千 里 驥 足 異 世 同 駕  以 皃 
ZH_X76_1517_004:0169a13	取人。失之自古。則徒節玄黃矣。何能抗禦之哉。	004	取 人  失 之 自 古  則 徒 節 玄 黃 矣  何 能 抗 禦 之 哉  
ZH_X76_1517_004:0169a14	丙子　天保七年。齊文宣在晉陽。使人騎白馲駝向	004	丙 子  天 保 七 年  齊 文 宣 在 晉 陽  使 人 騎 白 馲 駝 向 
ZH_X76_1517_004:0169a15	我寺。取經凾去。使問不知何寺。帝曰。但任駝行。自知	004	我 寺  取 經 凾 去  使 問 不 知 何 寺  帝 曰  但 任 駝 行  自 知 
ZH_X76_1517_004:0169a16	寺處。日晚出城。駝行至急。奄然如睡。忽至一山。名曰	004	寺 處  日 晚 出 城  駝 行 至 急  奄 然 如 睡  忽 至 一 山  名 曰 
ZH_X76_1517_004:0169a17	冥寂。山半有寺。群沙彌曰。高洋駝來也。便引入寺。見	004	冥 寂  山 半 有 寺  群 沙 彌 曰  高 洋 駝 來 也  便 引 入 寺  見 
ZH_X76_1517_004:0169a18	一老僧。拜已。問曰。高洋作天子何似。曰聖明。曰爾來	004	一 老 僧  拜 已  問 曰  高 洋 作 天 子 何 似  曰 聖 明  曰 爾 來 
ZH_X76_1517_004:0169a19	何為。曰令取經函。僧曰。洋在寺懶讀經。令北行東□	004	何 為  曰 令 取 經 函  僧 曰  洋 在 寺 懶 讀 經  令 北 行 東  
ZH_X76_1517_004:0169a20	是其房。可取凾與之。即乘駝而反。又如睡夢。奄至晉	004	是 其 房  可 取 凾 與 之  即 乘 駝 而 反  又 如 睡 夢  奄 至 晉 
ZH_X76_1517_004:0169a21	陽。以凾反命。帝不久行至谷口水井寺。有捨身癡人。	004	陽  以 凾 反 命  帝 不 久 行 至 谷 口 水 井 寺  有 捨 身 癡 人  
ZH_X76_1517_004:0169a22	不解語。忽語帝曰。我先行爾後來也(感通錄)。	004	不 解 語  忽 語 帝 曰  我 先 行 爾 後 來 也  感 通 錄   
ZH_X76_1517_004:0169a23	丙子　梁敬帝。大平元年。西魏恭帝。禪位于宇文覺。	004	丙 子  梁 敬 帝  大 平 元 年  西 魏 恭 帝  禪 位 于 宇 文 覺  
ZH_X76_1517_004:0169a24	是為北周孝閔帝。十二月即位。	004	是 為 北 周 孝 閔 帝  十 二 月 即 位  
ZH_X76_1517_004:0169b01	丁丑　梁大平二年九月。敬帝禪位于陳高祖。	004	丁 丑  梁 大 平 二 年 九 月  敬 帝 禪 位 于 陳 高 祖  
ZH_X76_1517_004:0169b02	論曰。觀梁之興。有以異於魏晉。觀梁之治。有以成今。	004	論 曰  觀 梁 之 興  有 以 異 於 魏 晉  觀 梁 之 治  有 以 成 今  
ZH_X76_1517_004:0169b03	於宋齊史。褒以斯文德。有此武功。始自湯武之師。終	004	於 宋 齊 史  褒 以 斯 文 德  有 此 武 功  始 自 湯 武 之 師  終 
ZH_X76_1517_004:0169b04	濟唐虞之業。此其實錄也。梁豈有慚德哉。武帝受命	004	濟 唐 虞 之 業  此 其 實 錄 也  梁 豈 有 慚 德 哉  武 帝 受 命 
ZH_X76_1517_004:0169b05	之後。數十年間。禮樂文物。為南朝冠。此梁之治。獨出	004	之 後  數 十 年 間  禮 樂 文 物  為 南 朝 冠  此 梁 之 治  獨 出 
ZH_X76_1517_004:0169b06	於江在五朝。南北八代之右也。宋景文新史曰。梁蕭	004	於 江 在 五 朝  南 北 八 代 之 右 也  宋 景 文 新 史 曰  梁 蕭 
ZH_X76_1517_004:0169b07	氏興江左。實有功在民。終無大惡。以寢微而亡。餘祉	004	氏 興 江 左  實 有 功 在 民  終 無 大 惡  以 寢 微 而 亡  餘 祉 
ZH_X76_1517_004:0169b08	及其後裔。唐興得八業。宰相未聞。貶梁以好佛而致	004	及 其 後 裔  唐 興 得 八 業  宰 相 未 聞  貶 梁 以 好 佛 而 致 
ZH_X76_1517_004:0169b09	之也。文中子知之。故著中說曰。齋戒修而梁國亡。非	004	之 也  文 中 子 知 之  故 著 中 說 曰  齋 戒 修 而 梁 國 亡  非 
ZH_X76_1517_004:0169b10	釋迦之罪也。蓋疾史臣不知梁何以亡。爭以近跡。而	004	釋 迦 之 罪 也  蓋 疾 史 臣 不 知 梁 何 以 亡  爭 以 近 跡  而 
ZH_X76_1517_004:0169b11	引咎於佛矣。武帝不求賢才。擢用庸鄙。春秋既高。留	004	引 咎 於 佛 矣  武 帝 不 求 賢 才  擢 用 庸 鄙  春 秋 既 高  留 
ZH_X76_1517_004:0169b12	神爼豆。泥情佛教。而在廷無諍臣矣。知子莫若父。況	004	神 爼 豆  泥 情 佛 教  而 在 廷 無 諍 臣 矣  知 子 莫 若 父  況 
ZH_X76_1517_004:0169b13	三蠧並殲。獨全養嗣正德。不即大戮使陰召逆。雛咫尺	004	三 蠧 並 殲  獨 全 養 嗣 正 德  不 即 大 戮 使 陰 召 逆  雛 咫 尺 
ZH_X76_1517_004:0169b14	玉墀。鞠為茂草。故侯景得以稱名犯順。知梁有名將。	004	玉 墀  鞠 為 茂 草  故 侯 景 得 以 稱 名 犯 順  知 梁 有 名 將  
ZH_X76_1517_004:0169b15	棄而勿用。士不知戰。有可乘之機故也。何謂名將。王	004	棄 而 勿 用  士 不 知 戰  有 可 乘 之 機 故 也  何 謂 名 將  王 
ZH_X76_1517_004:0169b16	神念羊偘王僧辨侯瑱徐世譜陸法和。數子之才。梁	004	神 念 羊 偘 王 僧 辨 侯 瑱 徐 世 譜 陸 法 和  數 子 之 才  梁 
ZH_X76_1517_004:0169b17	不任之。杜僧明周文育侯僧都麥鐵杖等。皆有將材。	004	不 任 之  杜 僧 明 周 文 育 侯 僧 都 麥 鐵 杖 等  皆 有 將 材  
ZH_X76_1517_004:0169b18	梁不用之。反以資篡臣。湘東無御將之道。侯景未梟。	004	梁 不 用 之  反 以 資 篡 臣  湘 東 無 御 將 之 道  侯 景 未 梟  
ZH_X76_1517_004:0169b19	而陳氏問鼎矣。梁室速傾。其患在此。而議者以為仁	004	而 陳 氏 問 鼎 矣  梁 室 速 傾  其 患 在 此  而 議 者 以 為 仁 
ZH_X76_1517_004:0169b20	義禮樂戒律定慧不幸而亡梁。非也。仁義禮樂。堯舜	004	義 禮 樂 戒 律 定 慧 不 幸 而 亡 梁  非 也  仁 義 禮 樂  堯 舜 
ZH_X76_1517_004:0169b21	三代。皆資而大治。不聞始而大亂也。所以亂者。其後	004	三 代  皆 資 而 大 治  不 聞 始 而 大 亂 也  所 以 亂 者  其 後 
ZH_X76_1517_004:0169b22	嗣失德而已。戒律定慧。漢明帝求其人。與教傳世。二	004	嗣 失 德 而 已  戒 律 定 慧  漢 明 帝 求 其 人  與 教 傳 世  二 
ZH_X76_1517_004:0169b23	百載。唐太宗大興之。不害其為正觀之治。而傳世三	004	百 載  唐 太 宗 大 興 之  不 害 其 為 正 觀 之 治  而 傳 世 三 
ZH_X76_1517_004:0169b24	百年。宋太祖大宗。大興佛教。其傳世三百餘年。以是	004	百 年  宋 太 祖 大 宗  大 興 佛 教  其 傳 世 三 百 餘 年  以 是 
ZH_X76_1517_004:0169c01	明之。則佛不為王化之蠧。反以資於治也。夫言佛之	004	明 之  則 佛 不 為 王 化 之 蠧  反 以 資 於 治 也  夫 言 佛 之 
ZH_X76_1517_004:0169c02	亡梁者。殆非正論(隱子梁室論)。	004	亡 梁 者  殆 非 正 論  隱 子 梁 室 論   
ZH_X76_1517_004:0169c03	歷朝釋氏資鑑卷第四	004	歷 朝 釋 氏 資 鑑 卷 第 四 
